0.2906995947
0.2878216216
0.4161711853
0.4614508085
0.8381610734
0.3806199532
0.4300032906
0.5824256894
0.559629131
0.7497742732
0.4793152222
0.2896873108
0.5896741689
0.8304276537
0.3214083048
0.3912461725
0.2941584687
0.6207446428
0.7491487901
0.4980478827
0.3096885913
0.6325194195
0.9784504961
0.3351403128
0.3445001603
0.2912926168
0.9407930814
0.4512933668
0.4539170362
0.478684269
0.6334240822
0.677637867
0.4533104753
0.9430599637
0.7819998167
0.8774536699
0.6447149209
0.489480944
0.3216238636
0.7125500951
0.657088229
0.3077648759
0.7599216573
0.3806199532
0.7211825761
0.2934762862
0.3101365282
0.7112494751
0.528390881
0.610767307
0.7551749433
0.4470816828
0.4298106259
0.349028255
0.2861367911
0.8587959088
0.3541337767
0.2859847598
0.8662941228
0.2863334115
0.3266324422
0.3723489328
0.6010123797
0.4217976032
0.3483327536
0.3763653826
0.3978645375
0.4055348008
0.9834678033
0.8450498127
0.5630043834
0.9463828675
0.4214199456
0.7909013067
0.2983855258
0.3413001184
0.2877951801
0.2865259748
0.4561466653
0.331335764
0.4082542615
0.7367532553
0.3120610001
0.2906995947
0.3016449928
0.5154129964
0.3370304536
0.7016682241
0.6771934656
0.610767307
0.6606765679
0.9140092475
0.5668346795
0.8734582346
0.2877168939
0.7162271522
0.2983201439
0.2858443835
0.3017917585
0.3151265343
0.2859847598
0.5006337617
0.3788104108
0.2866078651
0.5625541019
0.3174280958
0.2859463986
0.286494436
0.6915748604
0.4950400675
0.5912607951
0.28608449
0.8438222777
0.5982903424
0.5385940668
0.2861589308
0.3622587884
0.2860647891
0.9038448482
0.3401205932
0.304624681
0.3563111957
0.292011328
0.940334771
0.3386942628
0.3190771515
0.2912926168
0.2857988648
0.3814470533
0.4991244748
0.3259472087
0.7839891119
0.3280188433
0.7965679243
0.489907298
0.3081089045
0.9827070715
0.5200170367
0.7168747928
0.7162271522
0.2985826676
0.3196005023
0.8149166451
0.3426238471
0.5837841111
0.4784740702
0.3145395878
0.7055968659
0.6523705148
0.2862295295
0.9832160105
0.2881524133
0.8643113845
0.8857408149
0.3029894362
0.4587928183
1
0.3531276711
0.2969855531
0.347778764
0.4614508085
0.4645321152
0.3200219229
0.3809504509
0.8300644928
0.4575700315
0.2957829602
0.4732387707
0.4236912981
0.6600041758
0.2918732459
0.3651545509
0.3023105949
0.6977275739
0.3704474262
0.2860013242
0.9072427231
0.7873563232
0.3299002392
0.928097895
0.8841964394
0.5957955119
0.8092519713
0.4152415609
0.4122826403
0.5270652175
0.3289548627
0.3336512364
0.722256811
0.2869788776
0.4325156993
0.6377186087
0.5290541821
0.676081968
0.9424971036
0.3656158735
0.5892209056
0.9619559133
0.6829616158
0.4810003615
0.3866381119
0.3528413903
0.2857967719
0.3897013042
0.9093385658
0.976565687
0.6112209794
0.8614815539
0.4148703692
0.3170219652
0.2877168939
0.3397299198
0.286676507
0.7759944538
0.302761687
0.5919408693
0.6177977303
0.3088046213
0.602373506
0.4594051588
0.3241460317
0.3891883052
0.5186998109
0.8631491259
0.3401205932
0.5928477141
0.2899106226
0.5878612835
0.5535652631
0.2860647891
0.286999252
0.726114864
0.2891903118
0.4373871357
0.3885058364
0.2866247648
0.5754132854
0.8543861164
0.7895252036
0.4984783714
0.2860946018
0.2860365444
0.4006965322
0.7759944538
0.2859322742
0.2871467332
0.6559657654
0.290740842
0.3483327536
0.5158507137
0.2891561022
0.3688760785
0.9423842224
0.5047422245
0.3049442672
0.2857962487
