0.4445023656
0.2924805431
0.4014362087
0.288699399
0.6038060376
0.7498376241
0.3730858507
0.4804276391
0.425791491
0.3402667495
0.4086365172
0.3304974406
0.547782278
0.5199612644
0.800679622
0.4010805009
0.5450898732
0.2905169009
0.6475209468
0.8290393663
0.6352573074
0.3795443862
0.8874157215
0.6272906788
0.7413749781
0.9274848583
0.2878150894
0.4458965297
0.8737812143
0.6957571104
0.2973236375
0.2879381012
0.9170314276
0.765683713
0.4134026829
0.3227146044
0.6692002573
0.86731428
0.6540888267
0.8969521549
0.5792064637
0.3589740832
0.9881493807
0.9982653541
0.5610730633
0.4311674722
0.6147540452
0.4148824688
0.8004840337
0.3544619804
0.3102985648
0.9914516701
0.4397521844
0.2874031575
0.9333676986
0.5504785717
0.5381537806
0.6254682584
0.4764272741
0.441132834
0.7148772733
0.3242359152
0.289797573
0.7085354979
0.855730466
0.3772623181
0.3719752881
0.5063827983
0.5495793862
0.3782375264
0.5336947736
0.3147897202
0.4132181449
0.5534037346
0.3015568615
0.3010050012
0.3158500845
0.8856873889
0.5520531334
0.8634396077
0.3157529037
0.2979180871
0.8963475105
0.5776157986
0.4637399914
0.3766145416
0.2874999371
0.3787267195
0.3314455806
1
0.5565585126
0.7805946867
0.3459564369
0.3163383357
0.2917480246
0.2992211667
0.4244584191
0.6238732708
0.3084911058
0.3180275595
0.5301372259
0.9497300248
0.9581061335
0.9799534554
0.3600102397
0.7052425028
0.5615249909
0.2881076927
0.354318528
0.2979180871
0.2977379832
0.9757958635
0.3140304922
0.7932004109
0.7324043241
0.2882266302
0.9181309403
0.2921480931
0.5334721698
0.8260710791
0.3850136538
0.7667149819
0.2914403818
0.4401462467
0.3334914696
0.7826122837
0.3119040544
0.5157824543
0.288997447
0.2898269392
0.3575048589
0.6939852957
0.8002883781
0.291143786
0.3188380227
0.308238694
0.2875651514
0.6386676917
0.3054016808
0.7030425084
0.292650895
0.3580909911
0.6610925176
0.3302618756
0.3868643984
0.4662163212
0.4547466932
0.3836762799
0.6795141063
0.2886136213
0.4216168451
0.8899102072
0.2874078915
0.8310689038
0.6012973843
0.4309742856
0.2874341914
0.3547492815
0.2909285963
0.3078212387
0.325340715
0.2928677003
0.3272533623
0.3894100427
0.5753445667
0.415624672
0.9173068876
0.4776881497
0.7638238425
0.3294420416
0.4454978017
0.3856850691
0.289541097
0.9636259603
0.4567783916
0.4278952066
0.5944578727
0.2981605817
0.4470946002
0.6899910027
0.5426254069
0.2879822546
0.5930905344
0.8908396686
0.3250076922
0.7451931999
0.3685238197
0.4987957453
0.292650895
0.297618756
0.322392482
0.5000920872
0.5212839484
0.9726571074
0.7757274659
0.5403880694
0.3883887705
0.8074823638
0.3065125956
0.6792904923
0.9434426301
0.338725165
0.3954463611
0.488066361
0.4846620533
0.2975002028
0.3916364711
0.7926058942
0.4014362087
0.2873416121
0.6604155849
0.2881746082
0.5259244391
0.8536464175
0.7164030106
0.293730667
0.4423194228
0.2875074756
0.3374561175
0.2923129418
0.2892726426
0.5940020682
0.5228288835
0.2888562252
0.2875740916
0.3110057289
0.3027647895
0.2873654593
0.8170527194
0.6570281584
0.4199218441
0.5710332778
0.6468407144
0.2885511203
0.8864743414
0.3480013147
0.3591217183
0.2878022965
0.3224997039
0.3430132787
0.7021614866
0.4332982372
0.4227510033
0.3463629486
0.4590216684
0.3651321101
0.2952711545
0.6420753013
0.2875924977
0.9088755757
0.3153657473
0.9547470633
0.3524657071
0.323689179
0.6370765057
0.4586131509
