0.7709136297
0.6789502939
0.2917044487
0.6902746768
0.572150294
0.3330445584
0.9996845421
0.3560676207
0.3018455347
0.5295400694
0.5640135238
0.5313138734
0.8965413788
0.8147667579
0.3071260434
0.6273524628
0.6253084971
0.3125906703
0.3027966413
0.6214460388
0.3312335126
0.6357474965
0.2933380026
0.9625661365
0.4644996867
0.4605969836
0.3693627873
0.3807810069
0.8031001685
0.6180365174
0.4428622245
0.2912092287
0.5626596278
0.6706877527
0.5644649735
0.9235868347
0.3910557306
0.3030948727
0.3635020698
0.4395048514
0.6112146451
0.2906627314
0.9750960249
0.3059773917
0.9109996103
0.2874918339
0.3367639413
0.7623055366
0.4168777525
0.3022080568
0.2944973136
0.2867878674
0.3088217542
0.4038828438
0.2971447701
0.4074932282
0.4532721988
0.3584117932
0.9644514946
0.2869013067
0.4286144488
0.8945931579
0.3376502871
0.3403508477
0.9836828327
0.758585586
0.7911786715
0.5395451731
0.3932986364
0.2918321122
0.6463874908
0.3028709532
0.8422957422
0.3164387278
0.6574423864
0.3659479381
0.741206536
0.5337563965
0.4591654662
0.8782942812
0.8313063159
0.2926304463
0.4089485646
0.3839364572
0.3352607141
0.8996554566
0.5366481265
0.5032314663
0.316042683
0.2876631432
0.2992912234
0.4176243212
0.4605969836
0.2878700264
0.306629886
0.3263377683
0.2986398733
0.7739629211
0.2874736705
0.4135369126
0.7848270838
0.3516209043
0.6009795563
0.6296227282
0.554326846
0.3280563995
0.4015578166
0.3701471599
0.9224056168
0.8858684129
0.3497940021
0.8340353586
0.3269069375
0.6727009114
0.6887251148
0.5043152159
0.4634702555
0.7397246033
0.4480412947
0.428038602
0.2866810552
0.4780315743
0.9765932046
0.9239787997
0.4546891273
0.2929558634
0.5905222993
0.3068772384
0.572150294
0.5366481265
0.3351363736
0.2973263839
0.342847398
0.8294774129
0.3445843737
0.9188142422
0.6511306233
0.2924482504
0.8385451975
0.342847398
0.4881906095
0.4867008422
0.2909317679
0.5104056561
0.3799575045
0.7172188935
0.3221342955
0.2872853748
0.3017016784
0.4200609796
0.2867973068
0.5237908972
0.9017086933
0.3495149455
0.2893809689
0.4860632111
0.7139641465
0.3106711726
0.4369532854
0.484789478
0.2865614642
0.341790099
0.9772117279
0.3565046268
0.2887310149
0.3357595066
0.9156987999
0.3862877206
0.3272502209
0.4618267259
0.3929523837
0.2865376837
0.3298082632
0.6118969487
0.2868682729
0.7359028742
0.2896380821
0.4176243212
0.2865413557
0.295356715
0.7868190025
0.8678802724
0.2866244091
0.2915783278
0.4498462239
0.6357474965
0.4931044792
0.7141814178
0.2867266838
0.3969601414
0.4412793892
0.3859504774
0.9634198553
0.3597448903
0.5266624204
0.4102271617
0.3006437924
0.7373909761
0.2983840015
0.4982618161
0.3394437679
0.2893184198
0.5882506059
0.8447767431
0.6671037776
0.9159717474
0.3235479016
0.2868791095
0.8999498967
0.6380138327
0.7063344933
0.3282880667
0.7234844652
0.5240115607
0.3941661509
0.2865535957
0.7848270838
0.2865675841
0.7820277841
0.286630004
0.345529288
0.5796262764
0.2865425797
0.6800639654
0.2901499658
0.3644155242
0.2865780752
0.3080507317
0.6569920521
0.9674683178
0.6940312176
0.6216732952
0.5534278117
0.5769060676
1
0.2877851847
0.5187262402
0.5984780743
0.8564314617
0.4144618315
0.5950676801
0.7091739925
0.2866037777
0.9727345855
0.5451305068
0.2865675841
0.834397926
0.309517997
0.6845113529
0.5229086203
0.3084774739
0.8082962443
0.2895081425
0.3215974097
0.5918856564
0.3031698404
