 6.8202e+00, 2.4088e+00
 6.2186e+00, 6.1533e+00
-6.3652e+00, 1.5402e+01
 6.7837e-01,-8.6115e+00
-7.7139e+00,-7.1583e+00
-1.4465e+01, 3.8734e+00
 6.4143e-01, 5.1841e-01
-2.1354e+00,-1.4173e+01
-1.2435e+01,-1.0218e+01
 8.7988e+00, 6.7025e+00
-3.3126e+00, 1.0063e+01
 7.1382e+00,-8.4486e+00
-4.1470e-01,-4.8421e+00
-6.4077e+00, 1.5473e+00
 6.6128e-01,-1.5789e+01
 9.5377e+00,-5.0491e-02
-8.6024e+00, 4.4826e+00
 4.8030e+00, 1.4780e+01
 7.4294e+00,-1.4130e+01
-1.1772e+00,-9.6528e+00
-9.8515e+00, 1.1312e+01
-2.0361e+00, 9.2620e+00
-3.6121e+00, 1.6125e+01
 8.6855e-01, 2.7957e+00
-3.6124e+00, 1.1645e+01
-1.0293e+01, 6.7458e+00
 1.1396e+01, 8.0139e+00
-1.3178e+01,-4.1729e+00
 6.6639e+00, 2.0011e-01
 3.2513e+00, 9.1562e+00
-7.1747e+00,-1.0376e+01
 1.5914e+01,-4.8153e+00
-1.0621e+01,-1.1354e+00
-4.7297e+00,-7.6412e+00
-9.9810e+00, 3.6942e+00
-3.8441e+00, 1.7528e+00
-1.0173e+01,-9.0299e+00
-5.9734e+00,-1.4854e+01
 1.0161e+01, 9.7328e+00
-1.0561e+01,-7.0335e+00
-3.6553e+00,-9.1968e+00
-1.1145e+01, 1.2542e+01
-7.7662e-01, 2.3441e+00
 8.0016e+00, 1.3616e+01
 3.5838e+00,-2.6236e+00
 5.0468e+00, 1.6340e+01
-1.4806e+01, 1.4349e+00
 9.0839e-01, 7.3745e+00
 7.4704e+00, 1.0615e+01
 4.1952e+00,-1.5449e+01
 1.6268e+01,-1.8483e+00
 1.5748e+01, 7.0249e+00
 1.2305e+01,-9.7121e+00
 8.7999e+00,-9.8989e+00
-1.6062e+01, 3.0375e+00
-1.3278e+01, 3.3265e-01
 1.1983e+01, 2.8051e+00
 7.8841e-01,-1.4240e+01
 2.8051e+00,-2.9715e-01
 1.0811e+01,-1.3431e+01
 1.2636e+01,-1.6683e+00
-4.1651e+00,-2.6872e+00
-1.3599e+01,-5.9731e+00
 1.4621e+01, 6.4558e-01
 2.0604e-01,-2.0468e+00
 6.6200e+00,-3.4344e+00
-3.0116e+00,-6.3149e+00
-9.3131e+00,-5.9211e+00
-7.8398e+00, 1.1017e+01
-1.4104e+01, 8.9264e+00
 4.5247e+00,-8.1158e+00
-7.8397e+00, 1.3951e+01
 4.5854e+00,-3.7996e+00
-1.5019e+01,-3.8625e+00
 8.5567e+00,-3.0402e+00
 2.8663e+00, 1.3752e+01
-6.0582e+00,-5.0275e+00
-6.8914e+00,-8.7215e+00
 4.9778e+00, 1.1176e+01
-5.2041e+00,-1.1392e+00
-1.4727e+00,-6.0694e+00
 1.1998e+01,-1.1377e+01
-5.9968e+00, 1.1764e+01
 6.8506e+00,-1.1820e+01
-2.5502e+00, 1.4626e+01
-4.8167e+00, 4.7328e-01
 9.4561e+00,-5.5373e+00
-9.8564e-02,-1.1559e+01
-1.5519e+01,-3.4872e-01
 1.6670e+00,-1.7032e+01
-4.2594e-01, 1.6143e+01
-1.1607e+01, 6.0222e+00
-9.3227e+00, 8.0204e+00
-8.2745e+00,-1.4985e+01
 1.2033e+01, 1.0159e+01
-1.3157e+01,-7.5691e+00
 1.0307e+01, 1.2420e+01
 2.7693e+00,-6.6881e+00
-2.0793e+00,-1.7036e+01
 4.4058e+00,-1.2322e+01
-5.8973e+00, 3.9810e+00
-5.9889e-01, 1.4393e+01
-9.1798e+00,-4.1811e+00
 8.6445e+00, 3.9448e+00
 9.9415e+00,-3.8908e+00
 9.8973e+00,-1.1297e+01
 1.0974e+01,-7.4690e+00
 1.3694e+01, 2.4362e+00
-1.8016e+00,-3.8378e+00
 2.9569e+00,-4.0998e+00
 1.3249e+01, 5.6165e+00
 1.6913e+00, 5.8897e+00
-4.0054e+00,-1.4586e+01
 1.9212e-01, 8.8885e+00
-5.2016e+00, 6.9565e+00
 1.2564e+00, 1.1436e+01
-3.6162e-01, 1.2188e+01
-7.8322e+00,-1.0800e+00
 1.7506e+00,-1.2350e+01
-3.9762e+00,-1.2233e+01
 1.7264e+01, 9.0933e-01
-1.1912e+01, 1.6744e+00
 1.7325e+00,-1.5879e+00
 3.3716e+00, 2.3114e+00
-1.2301e+01,-1.7645e+00
-3.6328e+00,-1.6179e+01
 5.4170e+00, 8.5578e+00
-1.1445e+01, 1.0960e+01
 2.6462e+00,-1.0115e+01
-5.6033e+00, 9.5108e+00
 1.4151e+01, 4.2567e+00
 1.5889e+01, 3.1255e+00
-1.2053e+01, 8.4004e+00
 4.0299e+00, 4.7024e+00
 1.4156e+01,-3.2708e+00
-8.4523e-01, 4.2066e+00
-7.7367e+00,-5.1765e+00
-1.6616e+01, 1.2304e+00
-3.3816e+00, 5.0809e+00
-8.5617e+00,-1.1943e+01
-7.4651e+00, 9.1722e+00
 1.1693e+01, 1.0730e+00
-1.0680e+01,-1.2934e+01
 5.3638e+00,-1.0067e+01
-1.0481e+01, 8.9975e+00
 8.0320e+00,-1.2651e+00
 5.2157e+00,-1.4311e+01
-1.6335e+01,-5.5455e+00
 1.3776e+01, 8.0726e+00
 1.1546e+01, 5.7598e+00
-1.0155e+01, 1.4059e+01
-1.0823e+01,-3.2163e+00
-3.2505e+00, 3.4722e+00
 1.0685e+01,-9.6912e+00
-1.5266e+01, 7.3183e+00
 8.1513e+00, 8.4826e+00
 5.8514e+00,-5.7572e+00
 1.3683e+01,-7.4741e+00
-8.5199e+00,-9.4534e+00
-2.2727e+00,-1.1656e+01
 4.8209e-01, 1.7421e+01
 2.5418e+00,-1.4449e+01
-1.3496e+00,-2.0063e+00
 6.3627e+00, 1.2753e+01
 1.4260e+01,-9.0608e+00
-4.9159e+00, 1.4005e+01
 4.2254e+00, 7.9688e-01
 1.2388e+01,-5.5528e+00
 8.2958e+00,-1.2560e+01
 1.1464e+01,-4.0818e+00
 8.5878e-01, 1.3452e+01
 1.2804e+01, 1.1837e+01
-1.4904e+01,-2.2801e+00
-9.8104e+00, 1.4522e+00
-1.7247e+01,-1.9690e+00
-1.3895e+00,-7.7983e+00
-1.5976e+01, 5.5302e+00
-2.2316e+00, 1.2824e+01
 3.2539e+00,-1.7176e+01
 2.0210e+00, 1.6239e+01
-6.7015e+00,-2.3477e+00
 5.3373e+00,-8.7682e-01
-1.7464e+01,-1.1216e-01
-1.5165e+01,-7.0707e+00
-1.1907e+01, 3.8109e+00
 5.8596e+00,-7.4092e+00
 9.2582e+00,-7.0910e+00
 4.6651e+00, 6.7400e+00
-1.4295e+01,-9.9325e+00
-7.1092e-01,-1.3418e+01
 2.7850e+00, 1.2245e+01
 4.8508e+00, 1.2709e+01
-2.9821e+00,-3.4401e-01
 1.4104e+01,-1.1322e+00
 9.9357e+00, 4.9535e+00
-1.2027e+01,-5.5111e+00
 1.4771e+01,-6.2247e+00
-7.4342e+00, 2.7669e+00
 6.4732e+00, 1.4814e+01
-5.1006e+00,-1.0495e+01
-6.7022e+00,-1.3170e+01
-1.2027e+01,-1.1926e+01
 6.7372e+00, 7.5969e+00
-1.9509e+00, 5.6317e+00
 7.4841e+00,-4.8933e+00
 2.1577e+00, 3.7392e+00
-1.4256e+01, 5.4403e+00
 9.4511e+00, 1.4410e+01
 1.4137e+00,-4.5389e+00
 9.0547e+00, 2.4201e+00
-3.3773e+00, 7.6819e+00
 1.0942e+00, 1.4992e+01
 3.1096e+00, 7.4333e+00
 1.1137e+01,-3.2595e-01
-1.3242e+01, 2.8407e+00
 1.3887e+01, 1.0468e+01
 1.9325e-01,-7.0749e+00
-9.9946e+00,-1.4352e+01
-6.0141e-01, 7.0804e+00
 9.3494e+00,-1.4629e+01
 8.2098e+00, 1.1972e+01
 1.0183e+01, 1.3456e+00
 5.9736e+00,-1.6413e+01
-6.6344e+00, 5.8343e+00
 1.6021e+01, 4.7762e+00
-5.2007e+00,-1.3162e+01
 1.5449e+01,-7.9414e+00
-1.1942e+00,-1.5727e+01
-6.2561e+00,-6.7606e+00
-2.3302e+00, 1.5982e+00
-8.2176e+00,-2.6791e+00
 9.4897e+00,-1.6406e+00
-8.8689e+00, 6.1641e+00
-8.7610e-01, 1.0343e+01
-8.6212e-01, 3.0607e-01
-1.2917e+01, 1.1249e+01
 3.4617e+00, 1.0716e+01
-6.5801e+00, 7.6487e+00
 4.6441e+00, 3.2162e+00
 1.3007e+01,-7.2438e-02
 1.9040e+00, 9.8977e+00
-8.3256e+00, 1.1026e+00
 1.7320e+01,-6.9053e-01
 2.1221e+00, 1.3106e+00
 1.0246e+01, 3.4392e+00
 1.4265e-01,-1.7449e+01
-3.8778e+00,-4.8515e+00
-9.2412e+00, 1.2723e+01
 7.1598e+00, 4.8625e+00
 1.0943e+01,-2.2101e+00
-8.2661e+00,-1.3447e+01
-6.7160e+00,-1.7070e-02
-1.9773e+00, 1.6735e+01
-1.0388e+01,-1.1258e+01
 7.7922e+00,-6.4421e+00
 1.5812e+01, 1.6198e+00
