0.3086372147
0.3387315512
0.9547044693
0.2860783642
0.2886983447
0.2862504529
0.2879934618
0.4305707742
0.4214094103
0.9450003949
0.4269201129
0.3456132848
0.3062673247
0.6035793925
0.3793044547
0.8829437604
0.2894422183
0.6427934171
0.9790174395
0.3288889946
0.4430912126
0.8116645192
0.2889150769
0.8673782775
0.3586818269
0.2938351068
0.6919568464
0.50301553
0.3065981723
0.3710861066
0.6416641267
0.3550205457
0.3990940301
0.7539657987
0.3279556817
1
0.9164286608
0.8099568906
0.4665877438
0.4684501618
0.3165926989
0.6930586485
0.2874186414
0.3277238235
0.5981304563
0.2865294493
0.3374512843
0.2928822804
0.2865294493
0.5870128168
0.3270317865
0.4684501618
0.980357125
0.3628773027
0.2882072566
0.6117533989
0.3819452286
0.4466719913
0.5337266604
0.2994436579
0.2970594347
0.8921527067
0.334436376
0.9445540533
0.6069853366
0.9434309659
0.3228823496
0.3336954793
0.3698250313
0.3355573705
0.3681037191
0.2860750477
0.742252408
0.2860451987
0.2921733864
0.3540099052
0.3280718315
0.7908036034
0.6448251843
0.755003543
0.9057718498
0.8801179018
0.8131775723
0.3783217598
0.7679596914
0.3701395753
0.3261173467
0.4816304387
0.3064324264
0.579309201
0.3187315624
0.3078617579
0.6742210186
0.2910355536
0.7986223832
0.6554132101
0.7333628481
0.705120485
0.4354213249
0.8289655817
0.2862504529
0.5713928471
0.9097128554
0.4115375136
0.614477569
0.435811634
0.8051835477
0.4417055505
0.4665877438
0.2990415635
0.2876935629
0.4986971269
0.670651768
0.2865165399
0.4478711503
0.8857406282
0.5180540755
0.3404168639
0.80805281
0.4365932454
0.4907609847
0.7101310961
0.318938794
0.2947394671
0.6459533934
0.5348369558
0.3035595768
0.3104066804
0.2910355536
0.3537223266
0.4709415844
0.4703178592
0.2889467293
0.7968724503
0.5193712685
0.3512991312
0.5623682588
0.4178402409
0.4824753796
0.6203779321
0.2864666446
0.340809131
0.3622718854
0.884034888
0.3146190003
0.714471062
0.3286547855
0.5180540755
0.2864081967
0.575462101
0.2955208634
0.9880016528
0.2864666446
0.7993983779
0.4393392238
0.5381725634
0.8698389325
0.3472540331
0.5655237385
0.3781583828
0.9126194088
0.5954066074
0.4488725466
0.6265008803
0.6135695622
0.3057758893
0.5257572224
0.7756632453
0.3757217129
0.9446657938
0.2981908622
0.287462726
0.6233266816
0.6450508581
0.2920817629
0.2865294493
0.3062673247
0.7872508605
0.5134553731
0.2867284722
0.5931372122
0.2942015725
0.2983846841
0.5865593674
0.3521500274
0.2974930092
0.6873202589
0.8260346843
0.3307837207
0.2861490543
0.3856237908
0.7133875961
0.9516010773
0.4379642341
0.9887722637
0.8022986762
0.2867596903
0.2862258462
0.8889667121
0.3741119406
0.2871687238
0.8001732888
0.4440833384
0.3670160267
0.5346148326
0.3303065386
0.6815603766
0.7458255326
0.2877661971
0.3236516958
0.4362022744
0.2906686309
0.7512613434
0.4862889653
0.4176533128
0.8429719213
0.286364576
0.3924497741
0.4263465713
0.6837781701
0.4051660079
0.6965786804
0.3905551904
0.6491101779
0.2903541367
0.6813384325
0.2865557909
0.7170671504
0.3240946216
0.6147045619
0.4131951935
0.5424073899
0.6859929119
0.8378197805
0.5226703879
0.2860635272
0.5736529837
0.4630845295
0.2861431201
0.5132368435
0.2865692231
0.8595439846
0.3031012345
0.4946129898
0.3168940948
0.3912426148
0.5299577861
0.3108589691
0.397506645
0.7352749967
0.5357257656
0.459600974
0.2860635272
0.5544964811
0.5206898757
0.8863581956
