-4.5622e+00, 8.2219e+00
 2.3969e+00,-1.1107e+00
 7.4228e+00, 1.4900e+01
 4.5175e-01,-2.5097e+00
-5.7585e+00,-7.3376e+00
-1.7301e+01,-2.1844e+00
 1.2892e+00, 2.9252e+00
 1.0509e+01,-1.3044e+01
-1.1682e+00, 1.5458e+00
 1.2791e+01, 2.9507e+00
-2.1455e+00,-9.9167e+00
-8.0149e-01, 4.3815e+00
 2.8117e-01, 6.9815e-01
-4.7194e+00,-9.7495e+00
 1.0116e+01,-8.3596e+00
-1.0540e+01,-1.1718e+01
 4.9295e+00, 5.3708e+00
 2.5835e+00,-1.4869e+01
 3.4194e-01, 6.9425e+00
-6.9141e+00,-5.4383e+00
-1.6006e+01, 4.4021e+00
-4.5932e+00, 1.2114e+01
 1.2455e+01,-8.6526e+00
 6.9867e-01,-1.7437e+01
 1.3109e+01,-6.0046e+00
-1.4075e+01, 2.0659e+00
 2.0684e+00, 8.9740e+00
 1.0564e+01, 2.4797e+00
-8.9607e+00, 2.5991e+00
-6.2888e+00, 4.1524e+00
-2.2789e-01,-1.5224e+01
 3.6142e+00,-1.6904e+01
 1.1458e+01, 5.4944e+00
 1.3919e+01, 3.2560e-01
 1.2320e+01, 6.9418e+00
 3.6128e+00,-5.1430e+00
-9.2649e+00, 4.9367e-02
 8.0700e+00, 7.6796e+00
-8.9079e+00, 1.4563e+01
 8.9144e+00,-1.0469e+01
-7.9088e+00, 7.2928e+00
-7.2081e-01,-4.6126e+00
 6.9638e-01, 1.4102e+01
-9.9599e+00, 9.0810e+00
 6.8381e+00,-1.1704e+01
 1.7300e+00,-9.6982e+00
-4.3594e+00,-1.3586e+01
 1.4977e+01,-7.2242e+00
-1.9465e+00, 9.5753e+00
 2.4707e+00, 1.4809e+01
-1.6660e+01,-3.5666e+00
 1.0531e+01,-3.1112e+00
 1.0297e+00, 1.6266e+01
 8.2421e+00,-5.2120e+00
-1.7921e+00, 1.5444e+01
 1.1733e+01, 1.5273e+00
-3.2366e+00,-7.3535e+00
-5.9030e+00, 1.4088e+01
 3.6270e+00,-1.0881e+01
-3.7965e+00,-3.3032e+00
 2.4649e+00,-1.2385e+01
 7.0982e+00,-1.4949e+01
 2.5055e+00, 5.2764e+00
-8.8365e+00,-1.0105e+01
-1.2895e+01,-8.5269e+00
 9.8841e+00, 1.1517e+01
 1.2053e+01,-1.0101e+01
 1.3690e+01,-4.5104e+00
 4.4167e+00,-3.0146e+00
 4.7350e+00,-8.1235e+00
-1.4615e+01, 5.8310e-01
 7.2098e+00, 4.5209e+00
-2.0166e+00,-1.2572e+01
-7.3838e+00, 1.0181e+01
 1.1318e+01,-4.5569e+00
-1.1291e+01, 2.0144e-01
-9.3303e+00,-1.4796e+01
 6.6825e+00,-2.7948e+00
-8.3467e+00,-3.2852e+00
 1.5466e+01,-5.0259e+00
 3.4321e+00, 2.9763e+00
 5.7151e+00, 1.4204e+01
-1.5365e+01,-6.1248e+00
-4.3648e+00, 1.5954e+00
 5.4728e-01,-6.9384e+00
 5.7337e+00, 1.1013e+01
 1.2990e+01,-2.1941e+00
-4.6856e+00,-1.2288e+00
-1.9966e+00, 7.9956e+00
-3.6398e+00, 6.0333e+00
-1.3392e+01,-2.1126e+00
-8.2505e+00, 4.1078e+00
-1.7137e+01, 4.1008e-01
 5.4729e+00, 2.6110e+00
-6.1175e+00, 1.2375e+01
 8.8630e+00, 6.0026e-01
-1.3511e+01, 5.4446e+00
 6.7259e+00,-7.1567e+00
 4.4119e+00,-1.4952e+01
-4.4371e+00, 1.0527e+01
-5.1496e+00, 5.5496e+00
-7.3894e+00,-1.3603e+01
-4.9699e+00, 1.6487e+01
 2.6874e+00, 1.6372e+01
-3.3518e+00, 1.5722e+01
-1.2819e+01, 3.4920e+00
 1.6258e+01,-2.4195e+00
 5.1392e+00,-5.0374e+00
 5.6497e-01, 1.0381e+01
 1.0055e+01, 8.5009e+00
-1.2164e+01,-1.1747e+01
-1.0707e+01,-1.3664e+01
-1.1234e+01, 1.2150e+01
-1.2085e+01,-4.2056e+00
-1.1172e+01, 4.4550e+00
 1.0585e+01,-6.0820e+00
 1.5400e+01,-9.1527e-01
 1.4082e+01, 6.5154e+00
-1.0845e+01, 7.8272e+00
-1.4021e+01, 9.3045e+00
-1.6257e+00, 1.1668e+01
 8.7165e+00,-1.2445e+01
-9.3496e+00, 1.1801e+01
-1.1683e+01,-1.8599e+00
 1.4886e+01, 3.9950e+00
-1.5264e+00, 2.7901e-03
 4.5238e+00, 1.2190e+01
-9.4819e-01,-1.1198e+01
-7.9950e+00,-7.6410e+00
-2.3062e+00,-1.5190e+01
 5.5531e+00,-1.3800e+01
 9.0340e+00, 3.8436e+00
-1.1421e+01,-7.1409e+00
 3.9763e+00, 1.4752e+01
 7.3394e+00, 1.3364e+01
 1.5656e+01, 2.5412e+00
-4.8686e+00, 3.0751e+00
 5.2509e+00, 1.6346e+01
 4.8005e+00, 7.2942e+00
-4.0243e+00,-1.5993e+01
-1.6339e+01, 1.9830e+00
 4.3065e+00,-6.1974e-01
-1.0833e+00,-7.3734e+00
-1.5612e+01, 7.4873e+00
 7.5656e+00,-5.2032e-01
-2.0814e+00, 1.7340e+01
-5.5825e+00, 9.3550e+00
 1.1787e+01, 1.2385e+01
 9.6380e+00, 5.5339e+00
 1.4071e+01,-9.7091e+00
-1.0976e+01, 5.9720e+00
 2.8572e+00, 3.8431e-01
 1.1556e+01,-1.6766e+00
-6.8666e+00,-1.1671e+01
-1.4694e+01,-4.7114e+00
-9.5090e-02, 1.1816e+01
 9.0926e+00, 9.8798e+00
-8.3358e+00, 5.7543e+00
 3.5766e-01,-8.7868e+00
-5.4875e-01, 1.7145e+01
-7.8474e-01, 5.9170e+00
-9.4235e+00,-5.1371e+00
-7.7476e-01,-1.3117e+00
-1.5196e+01,-2.4182e+00
-3.4111e+00,-2.2684e-01
 2.5042e-01, 8.7768e+00
 2.8713e+00,-7.5891e+00
-5.6206e+00, 3.0951e-01
-4.3215e+00,-5.8360e+00
 6.6969e+00,-5.2816e+00
-8.3577e+00,-1.2172e+01
-7.6052e+00,-9.3004e-01
 1.3805e+01, 8.1119e+00
-1.0096e+01,-8.6334e+00
 1.7636e+00,-4.5905e+00
 7.5407e+00, 2.0225e+00
 7.3024e+00,-1.3286e+01
 8.7650e+00,-1.6262e+00
-1.2580e+01, 8.6398e+00
-6.5058e+00,-3.5441e+00
-6.8275e+00, 1.5890e+01
 1.2205e+01,-1.1594e+01
-7.7210e+00, 1.2835e+01
 6.2020e+00, 6.4542e+00
 3.7407e+00, 9.3039e+00
 8.0211e+00,-8.6213e+00
 6.9069e+00,-1.0083e+01
-9.6024e+00,-1.8086e+00
-1.4403e+01,-9.1777e+00
 1.1793e+01,-8.7675e-02
-1.5317e+01,-7.8138e+00
-5.9870e+00, 2.0560e+00
 8.9763e+00, 1.4119e+01
 5.7060e+00, 1.0708e+00
 1.7197e+01, 1.7509e+00
 5.8564e+00, 8.9836e+00
 5.8850e+00,-9.7718e-01
 1.5960e+01, 7.5446e-01
-7.5655e+00, 1.0320e+00
-1.2292e+01, 1.0804e+01
-6.9185e+00,-8.8247e+00
-1.4556e+01,-9.9571e-01
-1.8973e+00,-3.2443e+00
-5.9359e+00,-1.5303e+01
 3.4584e+00,-9.2421e+00
 6.1671e-01, 5.0184e+00
 2.5154e+00,-2.9012e+00
 7.2310e+00, 1.1250e+01
-1.4733e+00,-1.6954e+01
-1.0430e+01, 1.0651e+01
-1.9823e+00, 3.1652e+00
 3.7829e-01,-1.2113e+01
 1.3474e+01, 5.1291e+00
-2.1941e+00, 1.3946e+01
 2.9180e+00, 7.0618e+00
 1.9899e+00,-1.6427e+01
 4.1671e+00, 1.6191e+00
-6.2829e+00,-1.7297e+00
 2.6392e+00, 1.2755e+01
-1.0397e+01, 1.3412e+01
 1.1627e+01, 9.8802e+00
-6.1074e+00, 7.1703e+00
-1.2841e+01,-5.8001e+00
 1.0344e+01, 6.9884e+00
-3.1806e+00,-1.1187e+01
-1.2372e+01, 1.4192e+00
-1.1754e+01,-9.5676e+00
-1.0962e+01,-5.3355e+00
-2.8050e+00, 1.7459e+00
-1.0466e+01, 2.2313e+00
-9.3798e+00,-6.9893e+00
 5.1285e+00,-1.1012e+01
 5.8487e+00,-1.6109e+01
 1.0144e+01,-8.2709e-01
-3.9371e+00, 1.3976e+01
-8.2669e+00, 8.9653e+00
 1.5382e+01, 7.4661e+00
-1.3273e+01, 6.9853e+00
 2.5621e+00, 1.1075e+01
 1.1528e+01,-7.4596e+00
 1.3489e+01, 1.0417e+01
 1.0531e+01, 3.9980e+00
 1.6712e+01, 4.8978e+00
 1.1662e+01, 8.3532e+00
-9.6936e+00, 5.1117e+00
-1.8121e+00,-5.8597e+00
 1.2154e+00,-1.3424e+01
 8.5664e+00,-1.4403e+01
 1.6947e+01,-7.0472e-01
-2.6356e-01, 1.5360e+01
 1.0311e+01, 1.2985e+01
-5.8567e+00,-1.3751e+01
 1.6320e+01,-6.2818e+00
-5.4110e+00,-1.2318e+01
-6.7969e-01,-1.3623e+01
-1.0537e+01,-3.2804e+00
