0.2864904495
0.3779045652
0.9452150116
0.370687947
0.7417700572
0.8868303845
0.2922538102
0.4588601807
1
0.298058765
0.3589123313
0.8360106346
0.5336236167
0.3316129391
0.4351005505
0.330417271
0.6169440164
0.9991935543
0.3499807452
0.5440973336
0.8565457741
0.6735936972
0.4964242561
0.9736443527
0.6738169455
0.4331553074
0.7817080615
0.7208484237
0.7505929115
0.3749890863
0.3223520665
0.8044952811
0.2868853716
0.4783442952
0.4068596974
0.2863508429
0.2883764505
0.3248825544
0.812521384
0.9592165668
0.3993383699
0.902563568
0.7438789441
0.3209570969
0.4119719689
0.2901725322
0.3435512301
0.7652928699
0.4724806684
0.8868303845
0.2868583045
0.5445444608
0.4194060524
0.2863803738
0.4838314826
0.3748282344
0.2921190474
0.5018150475
0.9208687165
0.4501497431
0.8164875461
0.6319253713
0.5374042168
0.3000997702
0.410320366
0.2863550367
0.4164142994
0.4083124814
0.2873750355
0.3806927734
0.4594728587
0.3949479404
0.9296360697
0.3009326341
0.5591312882
0.289412788
0.8923388287
0.5530598539
0.3762801539
0.287015804
0.5416401407
0.2973117016
0.3030433533
0.4465443626
0.6110355519
0.7555929323
0.3831805583
0.6176256032
0.8686235107
0.7349882712
0.4036143141
0.5153108671
0.2886509091
0.290738336
0.360848267
0.8852794252
0.625573689
0.7028017826
0.4851033433
0.286370938
0.2887946346
0.294459242
0.4580442657
0.8846565221
0.4005793999
0.5289665714
0.7332850678
0.3555403883
0.5928548095
0.9707465515
0.3689608041
0.3692737358
0.4314118242
0.3581734959
0.967360611
0.4944912885
0.288912731
0.3081013119
0.4441546469
0.2958328414
0.8179900989
0.3689608041
0.2981856148
0.6608272194
0.2864572537
0.2891260605
0.2912188161
0.8812049475
0.292435885
0.4827731779
0.713055077
0.3268037903
0.5767489644
0.3561218957
0.4380340529
0.6957734985
0.4072222981
0.6911417814
0.3981024327
0.364325814
0.2906606601
0.4806609332
0.5692830163
0.8092876438
0.5557562687
0.2985056588
0.8621356856
0.3273770301
0.6212599631
0.6080807278
0.3792124947
0.3050527729
0.8027594271
0.5479013682
0.3322162228
0.3360370144
0.3170273389
0.4718553275
0.5935362292
0.2904317579
0.634871696
0.5889944937
0.4895708063
0.454386818
0.6668842729
0.2965295944
0.330417271
0.5505911183
0.6005799828
0.3192754939
0.66666024
0.2900281908
0.7343499275
0.2865360478
0.4787649636
0.7400793354
0.4547920444
0.2954935555
0.3158325556
0.5087590791
0.9731570845
0.5960351712
0.9525004851
0.3155373502
0.2976200518
0.3059360013
0.3180399966
0.6704654702
0.3183467978
0.3413000914
0.8258015005
0.3318538175
0.8336620349
0.3073394654
0.3248825544
0.3086164278
0.7195533325
0.6062623034
0.6162623902
0.2927610858
0.3065906475
0.3392180819
0.3467969434
0.2863630747
0.2863803738
0.8096691442
0.3189645483
0.4398030291
0.4140012162
0.3292361988
0.2863471733
0.2863497944
0.7853013665
0.6380424521
0.8419133368
0.5849094619
0.2865360478
0.8960944125
0.8187396307
0.5214596979
0.6981935945
0.2866359703
0.7392327823
0.3481724499
0.5767489644
0.7576670594
0.2923445061
0.2899217436
0.5485734622
0.8900579707
0.3075919686
0.2865049504
0.9276144516
0.2863608031
0.3653973563
0.7776917861
0.923103436
0.3247708825
0.336918796
0.650472165
0.3003747457
0.4101373411
0.5456627588
0.4194060524
0.8906682074
0.9906181084
0.942032383
0.4564158533
0.286353464
0.646409471
0.2872291285
0.567701472
0.2867451368
0.5175032579
0.7415588917
0.2863655211
