-5.9903e+00, 1.6274e+01
-2.8642e+00,-1.3476e+01
-2.2784e+00,-2.7019e+00
 1.3830e+01, 1.4115e+00
-6.9494e+00,-3.5425e+00
-3.5546e+00, 3.6132e+00
 1.8960e+00, 1.6451e+01
-3.8657e+00,-1.1629e+01
-5.1017e-01, 6.0204e-01
 3.4705e+00,-1.5791e+01
 9.4142e+00,-1.0598e+01
 6.0844e-01, 6.0746e+00
 4.2000e-01,-1.1015e+01
 1.3788e+01,-5.5934e+00
 1.2211e+00, 1.2614e+01
-1.3434e+01, 6.6358e+00
 8.3052e+00, 5.0458e+00
 2.7021e-02,-8.5647e-01
-7.3275e+00, 1.2450e+01
 1.0483e+01,-2.7365e+00
-1.8801e+00, 5.3899e+00
 8.8255e+00,-3.4750e-01
 4.5133e+00, 1.0709e+01
-2.5135e+00, 2.4575e-01
-4.0874e+00, 7.8911e+00
 1.0701e+01,-6.7858e+00
 4.5540e+00,-5.4066e+00
-8.0987e+00, 8.9976e-01
 2.2995e+00, 7.2705e+00
 1.0635e+01,-8.8097e+00
-1.5217e+01,-6.5290e-01
-2.3452e+00,-6.2689e+00
-1.0780e+01, 1.3427e+01
-1.0285e+01, 6.0967e+00
-1.3167e+01, 1.2352e+00
 5.6528e+00, 1.6498e+01
 6.9170e+00,-1.5433e+01
-4.6552e+00,-1.4386e+01
-5.2480e+00,-3.9440e+00
 2.8864e+00, 9.0247e-01
 1.2880e+01, 3.3487e+00
 1.0311e+00, 4.5586e+00
-7.3718e+00, 2.4581e+00
-1.1246e+01,-1.0318e+01
 1.1396e+01, 6.3986e+00
-1.3576e+01,-9.8189e+00
-4.1736e-01,-1.4573e+01
-3.1150e+00, 6.7127e+00
-6.1314e+00,-1.0350e+01
 5.0063e+00, 7.8027e-02
-1.5885e+01, 6.6765e+00
 1.9269e+00, 1.0692e+01
-1.2978e+01,-5.0208e-01
 1.7270e+01,-1.7876e+00
-1.7895e+00,-1.1695e+01
 1.8526e+00,-1.3706e+01
 1.5799e+01,-4.8651e+00
 2.4816e+00,-1.1253e+01
 2.8261e+00, 3.1020e+00
-1.0469e+01,-6.6928e+00
-6.4349e+00,-9.2178e-01
-9.1023e+00, 2.8773e+00
-8.6960e+00, 6.7410e+00
 7.3332e+00, 1.4294e+01
-1.2849e+01,-2.8229e+00
 9.3399e-01,-1.7397e+01
 3.5478e+00,-1.2500e+01
-4.8243e+00, 1.2268e+01
 1.2262e+01, 1.1875e+01
-5.7171e+00,-1.2480e+01
-1.3987e+00, 1.2171e+01
-8.2576e+00,-1.0604e+01
-6.4325e-01, 3.9359e+00
-7.2457e+00,-1.4310e+01
 1.0467e+01, 1.6875e+00
-1.3422e+00, 1.6768e+01
 4.5501e+00,-1.7693e+00
-6.4562e+00,-8.5870e+00
 1.3403e+01,-3.1916e+00
 1.3535e+01,-1.0499e+01
 7.5922e+00,-7.7878e+00
 9.9945e+00, 1.2763e+01
-1.4969e+01,-5.5307e+00
 6.0481e+00, 1.0890e+01
-9.8521e+00, 5.2889e-01
 6.2784e+00,-4.1185e+00
 1.3553e+01,-1.4802e+00
 7.5319e+00,-6.1139e+00
-5.4456e+00, 5.5572e-01
-4.9809e+00, 6.1463e+00
-1.1976e+01, 5.7540e+00
 1.0783e+01, 3.3582e+00
 3.5453e+00, 1.6521e+01
 1.3278e+01, 1.0062e+01
 5.4949e+00,-1.3027e+01
 3.3609e+00,-3.7672e+00
 2.9087e+00,-9.1398e+00
 5.9192e-01, 8.3896e+00
-1.1064e+01,-4.2146e+00
-1.1792e+01,-1.2830e+01
-1.4565e+01,-8.5807e+00
 1.1347e+01,-1.1800e+01
-8.6813e+00, 8.7044e+00
-4.4504e+00,-2.5225e+00
-1.1162e+01, 7.3192e+00
-1.1127e+01,-5.1632e-01
 2.1487e+00,-7.5988e+00
-5.6142e-01, 1.4283e+01
-6.4760e+00, 7.8044e+00
 1.9762e+00,-1.6623e+00
 7.5774e+00,-1.1713e+01
 8.4471e+00, 1.1107e+01
-6.1092e-01,-1.2714e+01
 1.1281e+01, 8.6221e+00
 5.9783e-01, 2.6850e+00
-3.5687e+00, 1.1116e+01
-4.5324e+00,-1.6248e+01
-4.8846e+00, 1.4949e+01
 7.0839e+00,-1.0277e+01
-9.5447e+00,-1.3244e+01
 6.1496e+00, 1.8099e+00
 3.4369e+00, 1.3543e+01
-1.4580e+01,-7.0610e+00
 5.8784e+00,-6.8656e+00
 1.6783e+01, 4.2391e+00
-1.4668e+01, 8.3456e+00
 1.3952e+01,-9.0102e+00
-1.7391e+00,-4.8680e+00
-1.1592e+01, 1.1839e+01
 7.9826e+00, 8.7351e+00
-4.8213e+00,-6.7004e+00
-1.4206e+01, 5.0965e+00
 8.8710e+00,-5.2887e+00
 1.2420e+00, 1.4222e+01
-1.2143e+01, 3.5450e+00
-8.2009e+00,-2.4119e+00
-1.1895e+01,-5.7498e+00
-6.8772e-01,-8.5559e+00
 5.2735e+00, 1.2270e+01
-1.0462e+01, 9.4655e+00
 1.5354e+01, 6.4718e+00
-8.3116e+00,-8.5193e+00
-4.7423e+00,-9.3496e+00
-5.5183e+00, 3.6833e+00
-8.7946e+00,-6.1106e+00
 1.6085e+01, 1.1434e+00
 2.0842e+00,-5.1485e+00
-1.4811e+01,-2.7919e+00
 4.4705e+00,-8.5587e+00
 5.0838e+00, 8.4605e+00
-1.0611e+01,-8.7792e+00
 1.4193e+00,-1.5763e+01
-3.5650e-01,-6.7044e+00
 1.0720e+01,-1.0727e+00
-1.2502e+01,-8.1417e+00
 1.2614e+01, 7.6708e+00
 1.5163e+01, 2.3500e+00
 4.8036e+00,-1.1007e+01
-2.2684e+00,-9.8433e+00
-1.6506e+01,-2.7844e+00
-7.1765e+00,-6.2035e+00
-9.8044e+00,-2.8291e+00
 9.5860e+00, 6.7376e+00
-7.5463e+00, 9.7832e+00
-7.4882e+00, 4.9983e+00
 1.5974e+01,-2.8899e+00
 1.4915e+01,-1.4710e-01
-6.4492e-01, 1.0756e+01
 7.0267e+00, 7.0818e+00
 9.2433e+00,-1.2156e+01
 8.3193e+00,-3.2760e+00
-1.6144e+01,-4.5702e+00
 7.3908e+00, 2.6901e+00
-1.7337e+01,-8.1559e-02
-5.7699e+00, 1.0453e+01
 6.0582e+00, 4.8820e+00
 1.2262e+01, 7.9656e-01
-7.8146e+00, 1.4366e+01
-1.2734e+01, 8.7456e+00
 1.0286e+01, 4.9134e+00
 9.3562e-02,-2.5007e+00
 1.4925e+00,-9.9400e+00
-2.6134e+00, 2.0419e+00
 7.6627e+00,-1.3361e+01
-1.2671e+00,-1.6151e+01
 5.5426e+00,-1.4778e+01
-1.5081e+01, 2.9818e+00
 5.5106e+00, 6.9902e+00
 4.4532e+00, 1.4666e+01
-5.5927e+00, 1.3558e+01
 2.5430e+00, 5.7522e+00
-2.6210e+00, 1.4690e+01
 5.2459e+00, 3.1532e+00
 1.5036e+01, 4.5570e+00
 1.2280e+01,-8.7594e+00
 8.4723e+00, 1.3191e+01
 7.9133e+00,-1.7347e+00
 9.1964e+00, 3.6057e+00
 3.1097e+00, 9.2412e+00
-1.5766e+01, 5.0353e+00
-9.2266e+00, 1.2826e+01
 1.2805e+01,-7.1516e+00
 1.3301e+01, 5.7093e+00
-1.3619e+01, 1.0910e+01
 1.0055e+01,-1.4167e+01
 4.5172e+00, 4.7809e+00
-1.5275e+01, 1.4420e+00
 3.6784e+00, 1.2030e+01
 1.2080e+01,-4.8587e+00
-1.0064e+01, 1.1137e+01
 1.7264e+01, 2.4052e+00
-8.6077e+00,-1.5185e+01
 6.5575e+00,-2.4472e+00
-2.5255e+00, 9.0899e+00
-3.2385e+00,-5.0471e+00
-9.3255e+00,-4.2869e+00
-1.7155e+01, 2.5082e+00
 4.4899e+00, 1.6947e+00
-3.6898e+00, 5.2948e+00
-1.0362e+01, 4.4066e+00
-2.7785e+00,-8.0124e+00
-3.0019e+00, 1.7016e+01
 3.9258e+00, 6.7477e+00
-1.3894e+01,-4.1405e+00
-5.3868e+00, 8.8814e+00
 7.4657e+00, 3.5763e-01
 1.4650e+01,-7.6229e+00
 1.4572e+01, 8.2278e+00
-1.0648e+01, 1.9956e+00
-4.8834e+00,-1.0672e+00
 3.4038e-01, 1.5734e+01
 2.6604e+00,-1.7100e+01
 1.4138e+00,-3.7547e+00
 8.8347e+00, 1.5002e+01
 6.8749e+00, 1.2246e+01
-6.0141e-01, 7.1522e+00
-2.0433e-01,-4.1412e+00
 1.0288e+01, 1.1055e+01
-8.2452e+00,-1.2262e+01
-8.0120e-01, 9.2015e+00
-2.7644e+00,-1.5818e+01
 9.4820e+00, 9.0527e+00
 6.1802e+00,-8.8782e+00
-2.8293e+00, 1.2655e+01
-4.5896e+00, 1.9513e+00
 1.5702e+00, 9.3875e-03
 3.5485e+00,-4.8074e-01
 9.1769e+00,-8.1345e+00
-1.6244e+01,-6.4156e+00
-9.2629e+00,-1.0486e+00
 8.5747e+00,-1.4784e+01
-4.1123e+00, 9.6853e+00
-6.3691e+00,-1.6013e+01
 1.0364e+01,-4.3834e+00
 3.6397e+00,-6.8474e+00
 5.0916e-01, 1.7413e+01
