0.7899067988
0.4350616834
0.2869307701
0.2872023706
0.3018162823
0.2948562825
0.4376028704
0.4998423755
0.7002961801
0.3539503491
0.7541215123
0.4821051151
0.5960614657
0.9346005419
0.3304463736
0.6113012479
0.9842217038
0.3479011885
0.2876841683
0.5447602029
0.3133846238
0.9263143602
0.2914950463
0.3076715928
0.8294116075
0.3135736126
0.7084013561
0.8790578102
0.2874964108
0.3005481293
0.2981730434
0.2963013518
0.5865169113
0.4955347688
0.5362788675
0.9251507596
0.338080171
0.8735808052
0.3286832383
0.5921968018
0.3382078013
0.8233194069
0.5772144565
0.3283345817
0.4082779449
0.476209419
0.8406331869
0.883334542
0.855695597
0.4254220743
0.3957904926
0.4323408779
0.2931871051
0.501787315
0.7995269342
0.3711449959
0.6819409489
0.7171037926
0.4385839736
0.2900161094
0.4891124191
0.3083499794
0.2865800319
0.4055599972
0.9560746207
0.3821587319
0.9928973286
0.3056181421
0.3183988813
0.2869648564
0.57155239
0.4764191613
0.3520955743
0.4163778011
0.296071607
0.8538024733
0.29125049
0.4608670574
0.6530280135
0.5735897094
0.5481194172
0.4003697851
0.8004995813
0.2869089191
0.7650891995
0.3635535743
0.3861737521
0.8774574564
0.3022508765
0.4449109486
0.6516742738
0.2982993272
0.3417069708
0.6331160305
0.6308468863
0.2865782831
0.580388823
0.3217500656
0.3182966856
0.3438285091
0.482528023
0.5645449523
0.3926621909
0.8890893185
0.6654037333
0.353663548
0.815071292
0.3481770534
0.9764196325
0.5336097789
0.3098256169
0.5844734094
0.7704113128
0.3278717726
0.2881820751
0.3438285091
0.2887169889
0.4829511644
0.3199502536
0.2874434812
0.5586813576
0.6521255936
0.6317546673
0.9476509018
0.4338935938
0.957094126
0.4055599972
0.6324353961
0.5566549005
0.2977982052
0.5616114757
0.4135955065
0.9273419254
0.3320010465
0.2924896873
0.4296368068
0.3035143475
0.9267004421
0.6779319551
0.2875694233
0.3261573482
0.392835072
0.4680786643
0.6857184698
0.2891161038
0.2931394161
0.9392905476
0.4799941097
0.7969901735
0.2866596
0.2888838782
0.4616870021
0.2896791208
0.316087463
0.2887443703
0.6788236427
0.2868101451
0.2911305303
0.2879762818
0.5089518068
0.4901794534
0.7675504398
0.2941255494
0.6231249789
0.5535062267
0.3577263622
0.7042456373
0.3186037344
0.6412753907
0.3166825457
0.744268495
0.3176867482
0.4799941097
0.7349426188
0.6741373524
0.3348116442
0.2876452233
0.3400094271
0.3814959279
0.4808378016
0.2938726363
0.9721207606
0.3436948761
0.901836456
0.2867839198
0.2904799925
0.3538068827
0.3971919373
0.5994725883
0.8975624482
1
0.5072103148
0.4178703972
0.375775394
0.4876208841
0.6741373524
0.8513786881
0.2865861528
0.8059149063
0.793065478
0.2897120424
0.3190152861
0.7205662991
0.3748091494
0.8008881663
0.3275262182
0.7987476014
0.3167822692
0.3575795064
0.8901641465
0.7582785698
0.4829511644
0.4393703313
0.9278533222
0.3343173666
0.4007249623
0.4425287293
0.3081794188
0.2942793358
0.6958942293
0.2869089191
0.2917035625
0.3105360032
0.2871447027
0.3364338723
0.2866150079
0.9973434793
0.9835536528
0.3092124024
0.2975516608
0.4985479733
0.2874964108
0.3231560095
0.6365177011
0.4678714747
0.7687779316
0.3828233654
0.6247155375
0.5663517401
0.4655967742
0.6956737648
0.3824908204
0.6903724815
0.2887719251
0.7855366128
0.4062825848
0.4625080565
0.712978187
0.5043866721
0.8568951149
0.4745337107
0.3023970576
0.6301659469
0.5772144565
0.2885563439
0.5867440121
