0.4074888268
0.9488852663
0.3599709774
0.6166064468
0.3492747582
0.8250550253
0.8776889264
0.7271160187
0.6462323206
0.3877888905
0.7081429081
0.3462340443
0.2867394299
0.2877159347
0.9008875327
0.474029554
0.429193048
0.3192562064
0.6163797187
0.6455562913
0.3180121862
0.2925034038
0.3495544019
0.3944993474
0.494779376
0.8270709785
0.2954651789
0.315590436
0.4514525666
0.5012344952
0.3484390313
0.3116599578
0.2871857103
0.2877947328
0.4124283253
0.2941309879
0.3040432343
0.6086688097
0.5438923319
0.3420607412
0.3111986364
0.7931787613
0.3562779084
0.4725689688
0.8044076264
0.4583421182
0.2858403484
0.8966552923
0.3502558407
0.3451445158
1
0.6671034126
0.5461256276
0.6859950253
0.3429916062
0.4026211575
0.2872530742
0.7074904439
0.2863066616
0.9224105336
0.3019109715
0.7857006465
0.4024422797
0.3617718846
0.2861210413
0.4042356059
0.5643029452
0.2964687846
0.285769549
0.3001854078
0.654332329
0.8728935486
0.2875630123
0.2910925668
0.9194067516
0.4230827179
0.6188734518
0.2925034038
0.9553992438
0.9131077914
0.3562779084
0.3866019914
0.8250550253
0.7728988461
0.3185278538
0.8435677806
0.4113245571
0.3912096216
0.3037308101
0.3570101147
0.418934903
0.5645282014
0.9382809994
0.4118760091
0.3936298887
0.7831209843
0.8245036427
0.5292259054
0.3779571872
0.3804193329
0.8820929048
0.5072982965
0.5190902309
0.442268307
0.2983576501
0.3214859721
0.3339903724
0.2872304461
0.7402737464
0.5303321595
0.6052661864
0.3326388895
0.3274080099
0.9420701328
0.321056103
0.9889846612
0.8775303556
0.3255761719
0.7894514446
0.3840769516
0.3349841409
0.6125247054
0.9687883455
0.7488702225
0.2861550315
0.3962462081
0.7990152491
0.3120318467
0.3962462081
0.4805338278
0.357303898
0.429193048
0.3435265517
0.4127970147
0.4750746895
0.5190902309
0.6213664982
0.7318058731
0.5171165255
0.6509602046
0.2888616361
0.7281838653
0.5020985047
0.2949534941
0.8620690537
0.5943793591
0.3012528014
0.2862930684
0.3191516983
0.3101075546
0.2899593422
0.2888944647
0.6326864899
0.5782986007
0.3045962223
0.4715275727
0.7181018376
0.3252369206
0.8336044208
0.293244738
0.4530661039
0.5173356671
0.3689981928
0.936048869
0.3773050049
0.5307748979
0.2980324321
0.2870983201
0.3004664267
0.5479141577
0.58327677
0.2885739352
0.2866850858
0.6961269123
0.5537378307
0.8393279575
0.7882695003
0.3795957409
0.2858987618
0.9869377781
0.8163400358
0.4773793712
0.6702285485
0.409492661
0.4414774208
0.6594941878
0.2859055619
0.5701651189
0.4879448219
0.2880969792
0.3009645461
0.7005093355
0.7163761431
0.3441983147
0.2923597207
0.3854205184
0.9036176606
0.339958467
0.2865152358
0.8354015953
0.2927462732
0.8432162098
0.6433018105
0.7050950794
0.2952931045
0.5483615463
0.3266019276
0.7050950794
0.695907417
0.462433008
0.4274654425
0.6480343276
0.6749067159
0.5474668707
0.439899467
0.2859055619
0.2859746054
0.9832502643
0.9610252027
0.7364728468
0.5973272744
0.3632864724
0.3269465069
0.305889958
0.4873069005
0.5312177702
0.9514159435
0.3799248337
0.7916122518
0.7664045537
0.3314253681
0.4694495382
0.4585460025
0.3195706446
0.8988541802
0.315590436
0.4357819247
0.4194979176
0.7146477517
0.2880404691
0.2859662368
0.2857854184
0.2868143212
0.3750370589
0.4794808603
0.4939221139
0.2857721649
0.4498437631
0.9937925836
0.9807780296
0.6851107283
0.6066272542
0.4815882592
0.3237823053
0.2858856845
0.2858176794
