0.3024794278
0.2878168915
0.4597991559
0.3388825799
0.600442589
0.3863144378
0.3007138707
0.4538977553
0.6529330719
0.2994413709
0.8552050448
0.5854244187
0.3247672154
0.4221500268
0.4393237494
0.348608175
0.4583691301
0.4028265394
0.4782703778
0.2930803422
0.7845101762
0.2918147433
0.2987957984
0.8468261176
0.4476581922
0.8020742773
0.4208290452
0.8543409991
0.6241240729
0.5141726488
0.3404304353
0.3998011747
0.7214585225
0.5387270456
0.7441338444
0.5713538999
0.4538977553
0.2917327797
0.2970183412
0.5201024715
0.7360659078
0.5074029001
0.8670832928
0.9184610223
0.2987957984
0.6646542365
0.531602865
0.8809441358
0.6263989318
0.7231878063
0.5598242485
0.9473739183
0.3116419746
0.8844283091
0.3306182559
0.4019336257
0.3102092508
0.2901039065
0.6166127091
0.4293983645
0.3277018557
0.3644605284
0.5849698292
0.7151670526
0.2870373095
0.9899259467
0.3635480741
0.584742549
0.7328619502
0.9293851895
0.831904965
0.4942142343
0.3650713416
0.2914118035
0.5765678066
0.4955031765
0.2892415815
0.3238846312
0.5179027414
0.3270156792
0.3241043735
0.3567047657
0.8053691566
0.2869774308
0.9423352136
0.2879630971
0.9352674391
0.4204524506
0.3306182559
0.940808399
0.3368504532
0.8300712568
0.8777394746
0.39176754
0.8759619133
0.3272438101
0.3695592137
0.287286055
0.7975852669
0.3188956072
0.3376082401
0.2977976785
0.3007825064
0.614335582
0.9717066635
0.3007825064
1
0.2869515169
0.4850338244
0.2884455915
0.444466643
0.7367054139
0.4890776971
0.8143740328
0.4208290452
0.7070903047
0.6104638779
0.6518032399
0.4575535437
0.3014076881
0.3177768558
0.5302708825
0.7142965232
0.6836760556
0.4053403009
0.3245456661
0.4622586746
0.7746247034
0.8707308755
0.4152193524
0.3886862157
0.2936461449
0.2869336569
0.2887590536
0.3141517393
0.3798242522
0.4208290452
0.5643399157
0.3926297598
0.2957092765
0.2894149255
0.298229078
0.4172664168
0.3798242522
0.728358759
0.2888874424
0.2869331315
0.5034922073
0.4492614184
0.3736703676
0.5530667805
0.4109766138
0.5095820037
0.2870767009
0.6420694341
0.5349381682
0.9568471861
0.2922348669
0.2873805611
0.766653403
0.5858790465
1
0.3280469486
0.520983485
0.6027199289
0.8155123456
0.334978484
0.2882033326
0.3087317861
0.520542899
0.7413817784
0.3915954228
0.7164716181
0.7670643491
0.4109766138
0.4807995453
0.3397830314
0.3678446801
0.8738475264
0.9763617388
0.8030454118
0.6384405558
0.2872535003
0.9275902987
0.4753307952
0.3011281728
0.7420176202
0.2941863821
0.2943879422
0.3083060626
0.5028419223
0.2871652806
0.3205561382
0.2875728634
0.6427494601
0.6798873065
0.3379890533
0.7162542935
0.8382626123
0.3335041899
0.3798242522
0.5298271664
0.3007825064
0.3368504532
0.3423936586
0.7871077805
0.3611370943
0.2902043503
0.6402554208
0.3273580986
0.749402163
0.9821998209
0.3252121169
0.2869348826
0.596799524
0.793258392
0.3776998296
0.2872429985
0.4311337873
0.7780710356
0.2980431862
0.6154741862
0.3969813123
0.287368136
0.2874059358
0.385304683
0.3743100866
0.5861063744
0.5826974831
0.4597991559
0.3252121169
0.9340344971
0.2869348826
0.3383711436
0.4715693805
0.5170239891
0.9302753068
0.2880013928
0.3178777878
0.3017608054
0.6529330719
0.8955262531
0.4157765032
0.2875879096
0.703800862
0.2880013928
0.28698566
0.3746306634
0.4082374264
0.3841317736
0.2869446881
0.5447628005
0.2980431862
0.2869467893
0.5679579527
0.3676895519
