0.4316289608
0.5800190444
0.582514896
0.3784274908
0.289655668
0.3381290501
0.8150000162
0.355733599
0.5265920276
0.3842136362
0.2968710405
0.2903761318
0.5804727347
0.8010039573
0.7019349612
0.9098567701
0.6020615813
0.2871722348
0.5698248551
0.4930313498
0.3380015427
0.3026613139
0.9710743552
0.4706380864
0.3894544078
0.3555885398
0.3037861439
0.8530619925
0.3337510011
0.6708797628
0.2954964384
0.4695987158
0.8820436709
0.4962513492
0.9381189884
0.9974118719
0.3082239748
0.4388438786
0.3527148834
0.4155080572
0.6827068903
0.5605651313
0.8023620602
0.8369866336
0.7927861602
0.2915785563
0.5684679056
0.4495732666
0.6937883383
0.3325324234
0.4517865886
0.3808900201
0.7717454371
0.5553852059
0.3043236658
0.3789179081
0.7130812681
0.2869504
0.3828787133
0.3287307588
0.8904460504
0.8056463469
0.7701146456
0.9735916567
0.3449523918
0.6202598987
0.2993110037
0.7297077431
0.5757114239
0.429698923
0.730992279
0.6025165801
0.7452192415
0.7778268449
0.645668004
0.2878885297
0.8337295492
0.474811594
0.2885458953
0.436295862
0.2883197373
0.8161336421
0.9799690552
0.4004276698
0.4243413929
0.2965182927
0.5560601923
0.3306128811
0.9757731341
0.2887044809
0.4173703033
0.3920284196
0.3007992522
0.2889256446
0.3961974914
0.6163940728
0.287416897
0.2933253969
0.3279191758
0.4179308122
0.5504417477
0.758595508
0.3198919984
0.4621642003
0.3478137379
0.2948456074
0.2883441711
0.3287307588
0.8975434198
0.2876485566
0.3825461202
0.5151437992
0.9081597866
0.5637234904
0.5838768159
0.5001305808
0.5310221982
0.7243378563
0.8817274503
0.5379157136
0.314669757
0.4298915374
0.297350782
0.5809264707
0.3548652034
0.9900977001
0.2869292446
0.5813802518
0.327458666
0.2877061988
0.3033317874
0.2899892504
0.8636282569
0.7292791957
0.3848838168
0.4272028819
0.4607288472
0.3734217852
0.700617184
0.9377602965
0.813294735
0.4052578896
0.8826750437
0.8170763478
0.318240648
0.3177326788
0.4398275798
0.6220785884
0.2930869175
0.2881535672
0.7515164677
0.7450085325
0.2870420084
0.6402356875
0.8583851063
0.4785891354
0.3253037027
0.6773608128
0.3445485464
0.6129820962
0.2962289645
0.5350210828
0.2866197161
0.457460965
0.4964664311
0.5757114239
0.3891130697
0.2888136752
0.3486422625
0.3916837996
0.4316289608
0.6844851711
0.3147662248
0.876941619
0.9182692937
0.6515427721
0.3382566989
0.9126544845
0.4859898738
0.288418515
0.4140250897
0.436295862
0.2954964384
0.3118487353
0.2940157939
0.3577780817
0.4853527393
0.9136246115
0.9740016556
0.671327439
0.3177326788
0.4471692176
0.375829723
0.7494226094
1
0.6769145697
0.2869722541
0.3002487783
0.78104787
0.3535714562
0.3417563742
0.4351245839
0.5250448605
0.3114833245
0.4623695282
0.2927602122
0.6533480185
0.2922637323
0.3726251049
0.3273439088
0.2890695069
0.3425479105
0.3550096091
0.2880849594
0.2866601191
0.2987897739
0.9174577925
0.8015864098
0.2983424548
0.3510160447
0.2917036841
0.4155080572
0.292714223
0.6693121026
0.3561695588
0.5952380411
0.3747026897
0.2875201565
0.2911329728
0.3228759661
0.2869504
0.900795471
0.8151891336
0.5055448368
0.7047856082
0.314669757
0.3790816133
0.9151395521
0.9310227741
0.665724372
0.556960488
0.6840407813
0.2870063453
0.2869504
0.2880179169
0.3246343818
0.4779581671
0.6474768273
0.2872438938
0.3013603171
0.2874506195
0.2870792432
0.3245233529
0.3139036509
0.2872147067
0.5684679056
