0.7154153971
0.5563556211
0.4880914723
0.8836842373
0.6181096982
0.6772606771
0.691636769
0.2906743159
0.9826100869
0.2866109109
0.9046344936
0.4390529545
0.2877557635
0.7225208347
0.9271332422
0.5784464312
0.3042380552
0.5615252487
0.708047021
0.4934269702
0.2887898704
0.9267557511
0.4748012393
0.3079521773
0.88150501
0.2925120246
0.6183363551
0.3647641377
0.6441165641
0.2998664166
0.5597259081
0.4254965438
0.4414176419
0.5168274327
0.7568626224
0.4070706426
0.3428117877
0.2896947592
0.2967943564
0.84989876
0.3442864524
0.3271326619
0.4312556388
0.3304202113
0.3478374512
0.3790516308
0.2861398118
0.3521897989
0.6353134859
0.8988782969
0.3012844742
0.6292077235
0.4979339215
0.9458383007
0.305035218
0.8460797768
0.5552332478
0.2912259645
0.7788258585
0.974383392
0.5802559243
0.6600772579
0.6752601884
0.3037675349
0.9156904513
0.8086869674
0.3278274715
0.493641076
0.8690462122
0.2875491252
0.3195273726
0.2858469737
0.5498537306
0.4463805772
0.2945250527
0.3430786755
0.288057969
0.5366919502
0.3009956013
0.2881151627
0.4580762692
0.5563556211
0.2860090941
0.8367204289
0.4076153017
0.7846034861
0.8111508289
0.3455052816
0.2857875212
0.4203811774
0.55927627
0.723164434
0.3043961926
0.8649410607
0.3395222681
0.2862016772
0.3490878613
0.8105833094
0.3201602705
0.8978555465
0.3620247725
0.2857875212
0.3867188457
0.3288795926
0.3264431545
0.3927099121
0.5856883143
0.4295197438
0.3091738599
0.3216582521
0.7800255522
0.816229498
0.4455832429
0.6641072436
0.2865591806
0.9734542716
0.3118964002
0.4038214466
0.5431493144
0.3381024117
0.7991005382
0.4416152179
0.293563989
0.5723451305
0.2899965596
0.9809796524
0.7541738441
0.6060914865
0.3315011773
0.3445563504
0.5024627493
0.8575869845
0.6585080911
0.3128354132
0.3079521773
0.3227463448
0.2857313771
0.989412835
0.5174847684
0.3434800359
0.3196324756
0.2873774067
0.6285288268
0.7605700895
0.3176616042
0.2866642053
0.3816913338
0.6636598344
0.2893683707
1
0.6429891991
0.2874499611
0.3242948742
0.4339695792
0.40256664
0.2858600492
0.4000719581
0.3882466358
0.8381473843
0.331139552
0.4827901079
0.577089792
0.4955703454
0.3714695237
0.468349501
0.4295197438
0.3850318132
0.8195859368
0.4825787875
0.2870810295
0.4461811283
0.686344037
0.295026071
0.7306430323
0.2918523072
0.5271654224
0.3904691138
0.285989746
0.8018021242
0.948007427
0.2923678513
0.3906408353
0.4893689431
0.4714637247
0.719942476
0.9916605421
0.6450181717
0.9420556316
0.9190186404
0.8152929667
0.2971037124
0.5046267315
0.3555007849
0.9412620418
0.8046817571
0.3102458062
0.7069595322
0.2857387005
0.6033697204
0.5532143689
0.9529404486
0.3033799004
0.7235932781
0.2859620304
0.3109730972
0.288629196
0.3858739404
0.3152512736
0.6971294513
0.2863384607
0.3572555168
0.286309712
0.3572555168
0.7293649854
0.3026168374
0.2858406974
0.8887511778
0.873097454
0.5523176804
0.3517630379
0.2889215118
0.2885348604
0.4796263827
0.4218900104
0.6603013373
0.3364462992
0.47605689
0.4887299634
0.426450956
0.7141185275
0.3131201714
0.346187162
0.5906722559
0.2858406974
0.2867006036
0.397421447
0.3507718791
0.5570293034
0.9755225648
0.3235169444
0.2859113029
0.4007826811
0.6531203182
0.6201494047
0.3077802023
0.3222004179
0.664778181
0.4366998875
0.2871027874
0.9434043299
0.5498537306
0.4566517397
0.2874256031
0.3833559427
0.285730854
0.3306594116
