0.5861454868
0.2874916149
0.9314747
0.2870137413
0.3819937955
0.7919278275
0.4008922838
0.3716293551
0.2903257232
0.2932390538
0.8117621532
0.6198414006
0.3217419603
0.5679958539
0.2946633821
0.5555792169
0.9558753986
0.307737346
0.2932390538
0.4005370579
0.3744953047
0.4225564717
0.780948075
0.3904197168
0.5852361708
0.3114814408
0.3907625512
0.8337866894
0.3301674774
0.4176677103
0.6025323897
0.7202078079
0.4983355412
0.5542285746
0.6736742524
0.5614412813
0.4460896817
0.8456450774
0.3823254006
0.3736953035
0.3437428181
0.6398444781
0.7736593885
0.5360873592
0.3173958558
0.4600344265
0.3688026469
0.6318974234
0.7705994442
0.2879823136
0.8981373705
0.292647175
0.2983112829
0.6794863644
0.2869528046
0.4620841641
0.5011434067
0.3512824581
0.4323234794
0.4423136834
0.6943722439
0.287717322
0.478302294
0.4115545677
0.9756207394
0.6468699954
0.8580133975
0.6781467507
0.7750827796
0.4167347971
0.5784216694
0.3167972
0.3143631967
0.5573813576
0.4240732103
0.3282996585
0.3664774336
0.361911187
0.996697638
0.302138215
0.3479418919
0.8088901065
0.5488347351
0.9628054459
0.3198461627
0.6134655832
0.3684910147
0.7314119549
0.2920002168
0.9531334229
0.8621004447
0.8542249444
0.4167347971
0.2889329215
0.5124557492
0.6307610435
0.3337707338
0.3198461627
0.331832672
0.4159901688
0.3321932248
0.864966201
0.2869540304
0.2989435245
0.7204243914
0.3006654637
0.456159481
0.305538594
0.6543319288
0.8292068915
0.3001907934
0.7117285476
0.6883902755
0.6200690475
0.466824777
0.2870091888
0.9927641485
0.3030124901
0.2869585833
0.6450583146
0.9482203503
0.4080828362
0.3364959376
0.3010787984
0.9702025135
0.3156166916
0.2917931464
0.3501603269
0.2871667626
0.6187030924
0.2949234261
0.9731365746
0.3144586789
0.302138215
0.5207979241
0.787559012
0.8917857228
0.2917522478
0.5997994659
0.2934743943
0.9234763022
0.7708038541
0.3001236482
0.4844295205
0.3652487302
0.759475702
0.3460292394
0.3097031735
0.2884879101
0.2899593084
0.3083266366
0.5612155517
0.3024270037
0.5329716453
0.3478043893
0.4670317047
0.2952410818
0.780948075
0.6389369844
0.3142678715
0.3498811352
0.8869942692
0.4936034113
0.4486895723
0.5087437633
0.3315930325
0.6114157133
0.2870391302
0.3764274617
0.8868382593
0.3767511475
0.3192252617
1
0.2887033713
0.3140776925
0.2869601593
0.4596253233
0.6303064244
0.3689586473
0.2876377195
0.2943569387
0.4506983314
0.2881807799
0.7586451783
0.2899270361
0.4460896817
0.7479801876
0.5091797959
0.2870447332
0.4184157349
0.9022811351
0.3587826915
0.390934133
0.4419178829
0.5205776361
0.8869942692
0.4543330995
0.5879645571
0.7307688721
0.4452923634
0.7069184438
0.5591849172
0.2879823136
0.3189168879
0.2901565764
0.286989052
0.7393084236
0.2874251151
0.6477754572
0.4703515737
0.9174336062
0.8552621147
0.8119530592
0.2907130535
0.3602654105
0.4608534798
0.3209988216
0.3314734316
0.5194767929
0.2880206119
0.2875771813
0.2869522793
0.2871334996
0.5046106473
0.7202078079
0.2878360983
0.4703515737
0.5063488584
0.5759257317
0.9318520016
0.8927030119
0.3586351273
0.5345286966
0.2871497812
0.6644737101
0.3539817031
0.3412347206
0.3508606546
0.3580461621
0.3724215398
0.2869524544
0.8204697833
0.3129498422
0.7058226408
0.3199501837
0.911475732
0.3548440188
0.2900571637
0.8326918811
0.3241260018
0.9977851308
0.415247061
0.2873393571
0.8167025717
0.9076440972
0.3060972871
