0.6196370309
0.4642735843
0.8045295653
0.3666706979
0.8570910382
0.9153944332
0.3894894346
0.9519277425
0.6341404978
0.3069854945
0.881291687
0.2863803425
0.5645668974
0.4045861752
0.5801584711
0.3950158344
0.9611980903
0.5450343048
0.3003758372
0.2961880735
0.7041785015
0.2919172139
0.323179735
0.2863058442
0.6499482804
0.4232599808
0.5794792467
0.7555520485
0.2902873629
0.532121853
0.3308711982
0.4502338855
0.5767633954
0.286951667
0.4122332044
0.695631843
0.8828578909
0.4116812742
0.3296812731
0.3729558717
0.5539935769
0.7104967141
0.2868128854
0.6268932329
0.6553494688
0.2867476705
0.3015140598
0.9679147193
0.3216569903
0.9875120325
0.8856544867
0.4655101007
0.9773212919
0.3652834387
0.2912595463
0.8083555661
0.3041502401
0.6912281321
0.516030798
0.4394932289
0.7300963796
0.6564733103
0.2874347692
0.7104967141
0.4474276064
0.5930795275
0.5905840622
0.3657447472
0.2873473032
0.8265053095
0.3005860422
0.4767439701
0.7279604491
0.3037614036
0.8337862261
0.8020277932
0.9553220305
0.2874570697
0.4504348993
0.3814107544
0.3219808052
0.4168659862
0.3105569152
0.308520406
0.9357895769
0.3423573899
0.2918273049
0.8974329075
0.3011538392
0.6223589627
0.899779676
0.8738118123
0.581743709
0.441662593
0.4089346953
0.2989460518
0.3857547704
0.9668656339
0.5855956115
0.9750522254
0.4045861752
0.3399927813
0.7453334395
0.424779697
0.7017735272
0.4679903139
0.4157487294
0.7398606305
0.2962471608
0.2891121484
0.3190116111
0.4954230982
0.2884620223
0.6180488431
0.7507714473
0.8026061571
0.3257451941
0.2898020311
0.5191011481
0.5383428222
0.5197600948
0.365590854
0.5794792467
0.2889504502
0.5186620471
0.2877138283
1
0.379431737
0.3443620744
0.7089746359
0.4238292036
0.2866700681
0.3224146714
0.8528195855
0.7932791818
0.5149361716
0.3613323883
0.2928053505
0.2864633814
0.2868983192
0.2965451124
0.7288153753
0.4420580617
0.2860576979
0.3209067155
0.3053411019
0.6814940924
0.4129704563
0.3159633474
0.3003758372
0.3098390281
0.4345994339
0.5960295449
0.3104666245
0.6368553077
0.4644795026
0.783800138
0.4917814397
0.3444968172
0.2864509959
0.4484281448
0.3106473642
0.4671625206
0.3915488941
0.4700643592
0.9180820785
0.5625388157
0.3364045085
0.9692892309
0.7187246042
0.4072973082
0.6870322905
0.4063911065
0.6173681125
0.4324625942
0.5361182149
0.3145884025
0.3583511093
0.3288570089
0.6393422775
0.3819080831
0.3418280401
0.4412674427
0.3495776632
0.4133396568
0.3869372681
0.3144913579
0.2874126423
0.492209085
0.7033044889
0.8250345817
0.5551161897
0.6863687287
0.7191559758
0.3586469438
0.4986486269
0.8594603909
0.5134054377
0.290481758
0.3800895731
0.2871407956
0.630291684
0.3477714506
0.3020989514
0.3613323883
0.375362306
0.8451776462
0.3651299167
0.3994090781
0.3178778466
0.3271149409
0.6611877578
0.2925182455
0.8523035501
0.7335041575
0.2860173798
0.3740755568
0.5046991579
0.3683797595
0.3651299167
0.423639373
0.8471028244
0.7461723507
0.6241730428
0.7644114622
0.2975266782
0.4820059117
0.8963987098
0.3004457406
0.2876896193
0.386598856
0.9615761904
0.3211203226
0.3213345356
0.2871015792
0.5582624308
0.3173686372
0.2876180328
0.3466712316
0.793670885
0.9083659022
0.514279892
0.6271198608
0.2875250127
0.9248866642
0.2863262578
0.3123024532
0.2867005868
0.2867476705
0.2872213139
0.2865687374
0.3133389916
0.3583511093
0.5235006826
0.2867005868
0.3487412115
