0.942039373
0.3027571554
0.8164207208
0.7650225966
0.6585890725
0.3039083864
0.6726784199
0.5183827163
0.659710642
0.3040646498
0.4123794278
0.855609559
0.2860857315
0.7662480702
0.3103896616
0.5046440092
0.393411931
0.5068131637
0.2923607068
0.3254566398
0.4883177915
0.6673223643
0.2874396305
0.5188215808
0.338387621
0.9836986822
0.9511009898
0.597750188
0.8994408921
0.635155868
0.4228425705
0.7413594473
0.6746830532
0.9810326836
0.4328111381
0.2865308431
0.8040962777
0.3537848394
0.608641673
0.5879992898
0.6197567921
0.3408544976
0.3451221719
0.8143562129
0.4809023838
0.3555201686
0.6313102634
0.3612881038
0.5382754005
0.3257964478
0.6206636659
0.7453513654
0.3635579039
0.3990170851
0.3571272899
0.8669913722
0.8987109502
0.2882200599
0.4416223192
0.9136799834
0.3453935572
0.6462190216
0.4372939217
0.5685467367
0.4009685168
0.4112758739
0.6871042602
0.3990170851
0.9319027087
0.8559498522
0.317604556
0.291188107
0.351926144
0.4790069526
0.3265945203
0.5287360437
0.3012793425
0.696574922
0.3078371267
0.3069880549
0.2917149833
0.288923777
0.2908090963
0.4310690727
0.6009265714
0.3838681293
0.3400700456
0.8413761584
0.3830328962
0.3727550124
0.4710580496
0.3416439451
0.7805870597
0.3477222144
0.4881049715
0.3276312511
0.5434011628
0.3901354149
0.4589005245
0.2865932396
0.6937182844
0.307751499
0.8100114367
0.2867791794
0.5129105473
0.2994564381
0.6981106563
0.8124718238
0.7837757144
0.5050774725
0.5089868474
0.7155309813
0.2864144029
0.2862489511
0.3196755317
1
0.3702190823
0.3928920045
0.315991977
0.6871042602
0.2867614064
0.7789867269
0.2974920775
0.9057632021
0.6915169269
0.2862967248
0.3956760206
0.2974291764
0.9228427406
0.3345958979
0.5102931868
0.3879161676
0.2871925493
0.6006996714
0.3925459224
0.3079229144
0.4400438475
0.3491101929
0.533831077
0.3850421765
0.8620180643
0.311669639
0.50703033
0.2928914555
0.5805249785
0.2885758225
0.9310446269
0.2893618881
0.5005354816
0.6520738044
0.8593344796
0.4295263663
0.5129105473
0.6399014139
0.9504699951
0.2967482795
0.2862039645
0.5456343839
0.7574201054
0.3046961946
0.3593438812
0.7352316606
0.2862039645
0.351926144
0.7735565221
0.6417076547
0.8906799124
0.8006310636
0.9333622203
0.3091407002
0.6493730843
0.2864712307
0.5074647981
0.8720494226
0.5055111205
0.3600891244
0.2887313958
0.4234112177
0.3962010431
0.3429707433
0.2866092736
0.8306226048
0.4418199868
0.6179427644
0.3045373356
0.288365271
0.2926476571
0.3059903549
0.6156747664
0.4712660809
0.2947718285
0.4746031427
0.607960937
0.2861931534
0.2871711284
0.3691193027
0.5534708844
0.8918866439
0.2922195278
0.3513587119
0.451600739
0.2864712307
0.9636556202
0.3254566398
0.4962296195
0.761539181
0.9905185925
0.9823565542
0.2863091036
0.2907267535
0.3571272899
0.4209529388
0.5599854428
0.2867091304
0.4291415489
0.2901695407
0.2864424686
0.8613491887
0.7938301881
0.9816339301
0.5407249497
0.2875832464
0.2929901634
0.3156940168
0.694378028
0.3210543531
0.4996727315
0.3984870452
0.7153147986
0.4310690727
0.3440420811
0.5263056729
0.2901695407
0.2858633422
0.6188498229
0.4838602154
0.5170670762
0.7699118881
0.7360793269
0.7181218938
0.9731189604
0.3097612938
0.2858748557
0.29527611
0.3210543531
0.7241432498
0.9263007625
0.4228425705
0.5631365543
0.6195300585
0.3348447073
0.2864283487
0.3439076843
0.8730187873
0.3247810359
0.4390599089
