0.7793286112
0.4950122985
0.306970038
0.3008396949
0.2910061262
0.4644203348
0.5229660267
0.6674657574
0.6785011259
0.6937061883
0.2901622454
0.8322889474
0.3200388867
0.4119793485
0.4279423214
0.3544511486
0.5396619308
0.4525746066
0.5556321467
0.5540515987
0.4372470407
0.9965244153
0.3410907259
0.2955316698
0.6413690545
0.6950409643
0.4590799332
0.3643257847
0.4197818586
0.3080225321
0.4811391371
0.2899301683
0.9212529191
0.5093306606
0.2906097168
0.6674657574
0.6203642572
0.2882704799
0.2947918686
0.3059451525
0.5547288292
0.3228674102
0.3022626093
0.3174218038
0.5223025311
0.8504082347
0.714253185
0.3504998858
0.844695363
0.3937707553
0.493291991
0.6185350191
0.4063316114
0.2910697223
0.7140339669
0.3649336241
0.4826213639
0.8118718171
0.5917826194
0.6265356618
0.6579628473
0.9558065187
0.2919233036
0.8621009859
0.3513377044
0.3631162083
0.2889483016
0.880804469
0.3434451719
0.8035114917
0.3555993301
0.289359771
0.7890339944
0.6943737237
0.6872385843
0.4487486651
0.5803738475
0.3075333423
0.9060373676
0.5869878078
0.3850861087
0.2986926165
0.5947526422
0.339163672
0.3126873472
0.4409845688
0.2954811521
0.4306353964
0.5187700405
0.9408180959
0.7175366478
0.4819857614
0.2881707872
0.4995442963
0.7970102554
0.339418764
0.3986605633
0.548191948
0.9290365552
0.2884079543
0.3297824959
0.4323757984
0.8060524427
0.3390363399
0.7122788003
0.5899555633
0.3308341888
0.4360730657
0.3187171874
0.2888351669
0.847383434
0.4292866814
0.5302874093
0.7900366645
0.4018482226
0.2912646833
0.3327334167
0.9987255461
0.764094755
0.8189620039
0.6881322208
0.4497527892
0.3150999387
0.2887163931
0.2895525238
0.7357471136
0.7034662619
0.5038815495
0.3339395279
0.288688454
0.3939439289
0.3641741421
0.2974072197
0.680521282
0.3123257308
0.6233361722
0.580829662
0.5078019118
0.7508826919
0.9356051487
0.9296920098
0.3507786175
0.3280564496
0.8514702714
0.2919597025
0.6036685555
0.9598547462
0.288183799
0.2881628745
0.4182826059
0.7609685825
0.9576363963
0.3366442402
0.9566714267
0.2900059561
0.383085438
0.9895421879
0.5671810116
0.4513634145
0.3742909873
0.5851623228
0.3198338413
0.2909120365
0.3920450497
0.7916376137
0.2881913598
0.2919233036
0.9066257977
0.2902427459
0.3240518322
0.2901094508
0.983846871
0.4685604655
0.8883274968
0.3375195108
0.3363954598
0.4802934856
0.3111681617
0.5965809183
0.9368625137
0.3451738332
0.3182158409
0.3087672937
0.6832113207
0.3927340136
0.5799180847
0.3082693238
0.6215073971
0.6807456063
0.2881532034
0.3586534972
0.4235562617
0.6347562302
0.2926049759
0.8145660234
0.3571919037
0.3179169049
0.5497677874
0.3163463693
0.2933852758
0.6064130363
0.8189620039
0.2955316698
0.723423547
0.4134523553
0.6011531301
0.2884079543
0.3454418687
0.2885473379
0.8596882406
0.448147127
0.4260294355
0.6000099017
0.2898559523
0.4828333516
0.5626454437
0.4533835897
0.3638712384
0.3649336241
0.2922571295
0.3270369744
0.3661553753
0.4813507023
0.8919368779
0.6103014111
0.3049479891
0.3019859055
0.8643267514
0.846310348
0.2935141732
0.2882182615
0.6856735618
0.5633252659
0.2896427398
0.4493509062
0.4427654004
0.7133760748
0.3053282256
0.4584668496
0.4160451571
0.7731913443
0.7661718809
0.2881737764
0.4605129936
0.4999771119
0.6590960498
0.2881468731
0.29085018
0.5958952683
0.3321358584
0.2887743766
0.8755708557
1
0.7201568115
0.8409022467
0.6937061883
