0.4080166506
0.6493798977
0.3861160296
0.9842524525
0.2886521859
0.8576087902
0.5806607947
0.4268611388
0.2874612133
0.2872376607
0.2885622785
0.3624760856
0.7867354511
0.8131175914
0.2902685825
0.2960549346
0.7028216934
0.9677560338
0.4803374105
0.3426660902
0.6305383572
0.6694545011
0.2876740197
0.2893595408
0.6511906817
0.5431803579
0.9485762119
0.6739412167
0.8701010436
0.6613542994
0.6136848091
0.9185116038
0.9696641375
0.287831967
0.80716904
0.3053668259
0.3849398102
0.8884200528
0.4067470902
0.7202991473
0.7146469586
0.9306343142
0.3788157501
0.4583255784
0.9949177538
0.3235951864
0.5169958905
0.3165331434
0.3872977702
0.7676746776
0.2910342915
0.3171275694
0.8134990434
0.9124213551
0.4926760849
0.7008401508
0.2874410682
0.4843581469
0.3624760856
0.3309999817
0.4486154901
0.4200343139
0.5767995338
0.2891699149
0.4571025213
0.2880110639
0.3203920455
0.4820277488
0.5091145799
0.5178750119
0.8416273524
0.4790721803
0.8984930204
0.2899482243
0.2922130519
0.4142520245
0.5407196853
0.3077946126
0.2876475753
0.9035252135
0.3720585412
0.6250760597
0.3121633236
0.3488855513
0.3280775716
0.4109368178
0.2874121634
0.4803374105
0.3020720827
0.8349411929
0.31262214
0.3132711352
0.3650559168
0.5713551415
0.5108610646
0.2982803295
0.8557127217
0.3359905285
0.7865355394
0.4404615902
0.3403121314
0.2873760746
0.2957258524
0.3161399763
0.419470782
0.9567802477
0.7345150841
0.5582387129
0.3872977702
0.7596138197
0.3608263037
0.4091087408
0.2904691106
0.3343817994
0.9330332461
0.4053022014
0.7222490478
0.6491534736
0.8802062015
0.7345150841
0.5836158646
0.8768210513
0.3609756459
0.4092911037
0.2890141601
0.565467507
0.3150716612
0.3430628154
0.4847826148
0.5530567237
0.2961103744
0.5110795772
0.2872718284
0.7411225134
0.3509759564
0.6933286453
0.3425341269
0.3101917731
0.4100215456
0.3092350015
0.3450651579
0.3797980876
0.348609125
0.2959445629
0.8112060805
0.2888891493
0.4074719521
0.2933135368
0.5990972368
0.6579708339
0.5724886757
0.3125300596
0.3487472705
0.3578664507
0.7438793672
0.6685559665
0.3591920042
0.4355564881
0.8984930204
0.2875258495
0.7641715457
0.2978521131
0.3300547854
0.8462614568
0.680428271
0.6723720173
0.3603790451
0.3252479494
0.4274353232
0.4946074647
0.2874312582
0.4723618395
0.975760609
0.4736151191
0.2920469309
0.6584222293
0.9170065917
0.2959445629
0.2942709555
0.2886294476
1
0.5110795772
0.2878016758
0.6225710803
0.7579497989
0.7589902245
0.4937485409
0.5416140606
0.2883294157
0.3738079277
0.3030858851
0.3096674927
0.2916436705
0.306562451
0.5749837979
0.2879434916
0.6815443668
0.2928604816
0.7950737291
0.3638373375
0.3158467404
0.7889302794
0.3755718404
0.5150203115
0.4264787946
0.6184705184
0.8935063642
0.5786161391
0.4078349844
0.3334039354
0.3072973751
0.3549585066
0.5879379647
0.7045805863
0.7988078868
0.5043269288
0.3358659173
0.2985912344
0.8038785458
0.4782299082
0.3552469446
0.2928604816
0.9266428866
0.9164564047
0.8188093241
0.5886207053
0.9760876939
0.2878787147
0.5675041969
0.842164786
0.6088980814
0.4185334293
0.3242522189
0.287161435
0.8191864668
0.3844374149
0.6127731031
0.4738242226
0.4581215554
0.2916832219
0.6066185853
0.3121633236
0.9736766502
0.4601650033
0.2877867924
0.693107124
0.884343323
0.2982803295
0.2897643301
0.5451962507
0.306481604
0.3255825671
0.645075085
0.5765725182
0.356405945
0.305445394
