0.4094572086
0.516207002
0.2919052385
0.4994728562
0.7092672971
0.768106484
0.4349632587
0.572402606
0.3545167515
0.9240324658
0.4702413336
0.7363142526
0.9168146634
0.307761167
0.3132752007
0.4219098782
0.576018641
0.3727667225
0.3027666665
0.3626579918
0.3083639361
0.4906778068
0.2863306513
0.6072992691
0.2911118304
0.3032993639
0.4345736839
0.5374024303
0.5476637605
0.4000925263
0.5423026165
0.4205893129
0.8286470105
0.3477331381
0.4739911161
0.3289248785
0.2899501337
0.4510108497
0.2922755988
0.5690158969
0.9367405208
0.8527305065
0.9494397889
0.607072345
0.4283864085
0.3055097968
0.688451054
0.6613006984
0.315407358
0.6928599131
0.5380697951
0.3840475782
0.941272104
0.3638741015
0.5936858902
0.3263760123
0.6773737224
0.8733686479
0.8515270352
0.4345736839
0.3958633584
0.366639414
0.510091378
0.826636141
0.5070462583
0.3605491193
0.8806876978
0.3830449291
0.382212494
0.3616004707
0.7194376546
0.4971048163
0.9600451537
0.2903344366
0.3108530094
0.7079624897
0.3161015363
0.6038953799
0.4830291428
0.3043886869
0.4236142534
0.2860153612
0.9845970246
0.3603994317
0.5886977215
0.3017986058
0.7299393323
0.5385148557
0.5537126123
0.3270640892
0.658609762
0.8704542088
0.2943442827
0.2869174704
0.2901401401
0.350381806
0.3129903015
0.4650678627
0.528089384
0.302167665
0.6835863964
0.4058233985
0.2996704955
0.7528872063
0.6726995521
0.6050300093
0.3268341394
0.3424491278
0.8290116386
0.2974385202
0.2878194082
0.3115869751
0.4390737019
0.7973631171
0.3429815177
0.2948364482
0.6572631342
0.4750363188
0.7518479267
0.7713557763
0.2906542262
0.2876415409
1
0.761973787
0.4786014315
0.7993026052
0.4069093958
0.9863819919
0.7062205544
0.3575795353
0.832460394
0.2861409345
0.2991952948
0.8861305662
0.2859822204
0.3721298456
0.4932430038
0.3064959388
0.5692415703
0.6038953799
0.2873112824
0.343784224
0.4190855678
0.417214175
0.3019457382
0.3445918601
0.2957450875
0.9263298622
0.2859822204
0.2871801499
0.6751494379
0.2861219254
0.4157237579
0.6749268568
0.2861707551
0.3884388611
0.9619325511
0.4067281482
0.9608997749
0.2866022429
0.3301069124
0.3286902251
0.9450952732
0.3499603921
0.7806115818
0.2913266727
0.7501822936
0.9816647681
0.7897353612
0.8351635051
0.659507089
0.9909383748
0.5212545023
0.8867455938
0.2860015818
0.3581693672
0.5175217206
0.2974385202
0.2860450122
0.2987282084
0.3875885662
0.2890313749
0.2966967026
0.3972664052
0.6561403718
0.3123310194
0.8153213224
0.5927787399
0.5219143892
0.4769215506
0.8140054807
0.7415933015
0.3008582407
0.5742101908
0.422287998
0.3506634128
0.3079325877
0.4357434049
0.7707476894
0.607980036
0.2864234006
0.3167025746
0.4466015853
0.9153356001
0.2865551831
0.3460852694
0.4760830596
0.5687902392
0.2867181374
0.3743672403
0.6333664796
0.7701390675
0.6547923859
0.2861606407
0.6258957053
0.8593614755
0.2859089569
0.3244554363
0.7539251368
0.2861219254
0.4968898389
0.3275257582
0.4949573173
0.5773755157
0.2880057599
0.2859246568
0.8573346361
0.5436414404
0.5832600695
0.2865551831
0.3754946392
0.3241209762
0.344187427
0.4238040772
0.4522196681
0.3205310712
0.400447653
0.2885848881
0.8696396565
0.5685645975
0.3359819512
0.286634486
0.3992065129
0.3202128703
0.4181487144
0.2858723226
0.6961576916
0.6072992691
0.2861915069
0.8831894924
0.3569917574
0.7211595065
0.4702413336
0.6372103969
0.2989941205
0.2862935137
