0.456325681
0.5771489033
0.287184605
0.2865457369
0.3864673715
0.6330441287
0.2881493468
0.3100556005
0.6845305913
0.6511489235
0.3807917089
0.3871436644
0.9816531381
0.360201684
0.4680255054
0.4393204328
0.4342332994
0.3798038246
0.6947126573
0.8467389346
0.4911920586
0.3635122861
0.2871550765
0.3703148069
0.8854259439
0.2948227962
0.9332671572
0.4748983252
0.5570418025
0.957491157
0.7098482784
0.2998327113
0.7937623753
0.4115221191
0.5900844857
0.7254419005
0.3059859912
0.2892646923
0.4265188661
0.806400327
0.2896791403
0.763974468
0.7656183276
0.6457274515
0.416889469
0.3973224652
0.3707872666
0.3415367614
0.456325681
0.3974982068
0.5973579597
0.8940156988
0.8990907266
0.9607623902
0.8193073748
0.729090962
0.2910974671
0.2932496869
0.2985840466
0.2866071119
0.5948570751
0.3368996047
0.415772408
0.8283997131
0.287899763
0.4926899028
0.864912004
1
0.7072287561
0.9954576361
0.2881493468
0.9658644673
0.6375785834
0.3210733435
0.3227926289
0.493118338
0.3346498495
0.3404905601
0.2881730793
0.5112929734
0.4772045434
0.3084861438
0.3406208467
0.3196009182
0.3082296097
0.9291459108
0.2988419276
0.455716221
0.6244174141
0.3264604798
0.4284344533
0.5649323744
0.6774090022
0.8056309257
0.3037840128
0.347861678
0.4084135494
0.7017537853
0.4389271352
0.2963835712
0.5705825027
0.4109714938
0.359755001
0.5233643919
0.8472659191
0.5386683608
0.5864503015
0.3350215919
0.5382225553
0.4744798188
0.8315121569
0.4373572212
0.3134434384
0.3552071072
0.7247965992
0.4095074544
0.698017685
0.2912174132
0.2987126535
0.2887947533
0.2925017637
0.3846168035
0.8383892995
0.2938894987
0.3232285046
0.8967157973
0.3948731902
0.8858933104
0.2866071119
0.4581579477
0.3489682508
0.2963835712
0.2867866628
0.884018996
0.3312428221
0.2926846481
0.5934932085
0.3291127954
0.3004451222
0.2873594818
0.4506630531
0.415586562
0.2921002736
0.3866362773
0.6191905587
0.9667749174
0.6427869472
0.8507605939
0.3594578515
0.9267236791
0.5595190103
0.9785301898
0.5351054045
0.2876125559
0.5934932085
0.3421951631
0.2933462469
0.5746567944
0.8302332193
0.3336648569
0.2871262458
0.4573428901
0.5288903293
0.5161066553
0.3261203071
0.2979510298
0.9060720056
0.7550770559
0.5536680957
0.3067207955
0.3433890212
0.3632087963
0.8866704547
0.7864432302
0.4348174044
0.6112318235
0.749438745
0.3612484056
0.3609487062
0.3738047225
0.8414295527
0.5656098164
0.2922325643
0.2898125391
0.5821376517
0.7310174751
0.6323635715
0.5798693361
0.6187359049
0.74734071
0.31684616
0.4117058553
0.3153644542
0.4899102926
0.3374058188
0.2917126471
0.5473849207
0.3492462411
0.2975792462
0.4484544597
0.7059169103
0.9573902235
0.2982022316
0.9226947309
0.3618493271
0.6716016218
0.5989496943
0.5253510913
0.4569357907
0.737199254
0.3269161253
0.9157245358
0.2866962806
0.7039465817
0.6592614319
0.4446614911
0.2866025657
0.2867866628
0.9478750414
0.3236667931
0.2888228251
0.4772045434
0.823783038
0.6096396774
0.8894494794
0.3529087669
0.2932978817
0.402461324
0.9930787922
0.2868149816
0.3174486141
0.5816839003
0.6554336725
0.2873261167
0.6502460279
0.3599037676
0.7446055334
0.9584946602
0.2917550315
0.9464306564
0.4265188661
0.287835347
0.3907232789
0.2928702647
0.3903802733
0.7185383617
0.3082296097
0.3173478184
0.3547736094
0.2996315612
0.7308036031
0.8040888036
0.2883440715
0.4784656071
0.797681321
0.4899102926
