0.9375757595
0.2959600432
0.2863235248
0.5282965979
0.5157617668
0.4632268125
0.8229845364
0.3699113839
0.6237712262
0.3433536941
0.294637628
0.2858659063
0.9348657064
0.3029612416
0.3074103223
0.8045771239
0.2895882011
0.3302986733
0.3740443437
0.3539225146
0.6386925641
0.3593426901
0.4204147662
0.2906503558
0.4794499624
0.4198503884
0.857102573
0.7405328517
0.4687986885
0.2928958622
0.285735557
0.3632557418
0.7136396435
0.2890177923
0.4322576776
0.2865230717
0.3257527616
0.360238141
0.4648727067
0.778539384
0.2996869689
0.376140858
0.7190323276
0.5031426419
0.6836604742
0.9503105058
0.5734891255
0.6513070778
0.2996179855
0.4540507432
0.7335608028
0.4074653691
0.2859882197
0.9518701723
0.4500189601
0.9043017431
0.8775640032
0.6566962362
0.548532883
0.9099044127
0.3516336493
0.2858941342
0.9172242439
0.8055328406
0.2890177923
0.6929219175
0.3221907481
0.2968702317
0.304284227
0.6772336151
0.8482024689
0.347571293
0.2968702317
0.2983387045
0.8302948923
0.5267507913
0.3737235686
0.303811934
0.4320640216
0.4585191207
0.3153327073
0.3185748084
0.5904549897
0.4259122068
0.9818638363
0.3412281851
0.2995491672
0.6772336151
0.7457784428
0.5816257777
1
0.6468078318
0.3293480356
0.3095038434
0.8743809765
0.9585469981
0.9818638363
0.9382738662
0.3096824361
0.6108563492
0.5269715158
0.9061393187
0.2920235073
0.5460741882
0.4446235369
0.2875711602
0.5418348735
0.7426349123
0.4114849382
0.8292060601
0.9544170386
0.5979334261
0.4004574926
0.4406632426
0.5852465097
0.4739998278
0.2880670492
0.3295848221
0.6770115611
0.3416240327
0.4790292817
0.2918834659
0.3055721448
0.3039687166
0.321973209
0.8123621574
0.6540030785
0.8950234161
0.3437561391
0.6165227887
0.8228002374
0.6918224062
0.4585191207
0.285955291
0.6036012416
0.5014139732
0.2884914239
0.2869112237
0.3588966779
0.7538964373
0.5487565526
0.4202265491
0.2889836031
0.5309504691
0.4371262078
0.2918371256
0.8015071984
0.4418480233
0.9043017431
0.3374661291
0.5798163476
0.7837198782
0.4274418606
0.6953378267
0.4866369028
0.4155510048
0.3514917114
0.2858845508
0.5918143086
0.3422865374
0.2859239292
0.3201484818
0.9764244195
0.3499391142
0.2867476316
0.8464655805
0.9865528884
0.5436186532
0.2856372579
0.2870412026
0.42362829
0.304284227
0.4466153665
0.4579077756
0.554580386
0.5911346227
0.5970267081
0.4528381277
0.2976254135
0.4428375152
0.7409536676
0.8454195732
0.3059830867
0.287085916
0.8255568788
0.7582336168
0.3631036719
0.2858751415
0.3381063785
0.2857831336
0.6058685486
0.2949740412
0.3917017805
0.2919766568
0.556824412
0.3974511735
0.5236644006
0.8032362057
0.285625754
0.3260945087
0.7350441688
0.7717018833
0.3684996463
0.2857122034
0.8427919157
0.2873442288
0.6738998634
0.2857549017
0.3171370283
0.7415845137
0.3023549255
0.2925013595
0.7559647915
0.2858307072
0.4190991635
0.4065584312
0.3499391142
0.5913611789
0.7501597251
0.6614019756
0.8255568788
0.3923925113
0.2857831336
0.4790292817
0.3467448342
0.2857686692
0.3168328425
0.5995202929
0.6395952183
0.4238181285
0.28654083
0.3455142498
0.4862123317
0.3037337861
0.7164471338
0.4371262078
0.3869152119
0.5122660874
0.9017310196
0.3054088953
0.7305870466
0.6332722086
0.9001450093
0.3669425861
0.3612885856
0.4836695953
0.9798796893
0.3392676531
0.3318632533
0.2858751415
0.3667875515
0.8896373
0.2856623567
0.3111339489
0.5271922755
0.3664778497
