0.9523371086
0.7000627222
0.4436496771
0.3739068973
0.2984850534
0.5334272376
0.625436165
0.4217527632
0.773898092
0.6897387107
0.6116096168
0.6846595695
0.4902817412
0.2875843606
0.4866632033
0.3646555717
0.329983984
0.6728945559
0.3912045804
0.2903847838
0.4008317919
0.6412631886
0.3076465599
0.2933938016
0.4742323466
0.7120410147
0.427076983
0.550592889
0.2969539815
0.8539537888
0.5501450107
0.2889237426
0.3535204892
0.2973277571
0.779721436
0.288890742
0.565422117
0.6502768925
0.2920266482
0.8232038589
0.3103741923
0.6306425145
0.2857841772
0.8822375298
0.8477506927
0.4062146237
0.4002985303
0.3323907488
0.4698585791
0.5138276532
0.575352115
0.5528337128
0.4548810606
0.2857989997
0.8265114259
0.7022491819
1
0.6908406039
0.408757356
0.3173943511
0.3072209671
0.5031731017
0.4609921143
0.3204117087
0.6985300226
0.9204455817
0.3277514591
0.3688368645
0.3031864183
0.3572992938
0.3559813415
0.3469149286
0.2857773762
0.4828492676
0.5631696768
0.2869483698
0.8882510849
0.585307126
0.6034436556
0.7763140031
0.3278676425
0.829430996
0.2995589012
0.2926448449
0.3046719426
0.3212665955
0.3238891303
0.336361105
0.471729647
0.2857658666
0.2861173544
0.8257785111
0.5118628103
0.2923083995
0.2899937646
0.3096556693
0.8923334955
0.7292411625
0.9375680092
0.3248948196
0.9528519994
0.513609169
0.5900647243
0.2895471899
0.2863590847
0.953364259
0.5649714868
0.5900647243
0.3685240818
0.4986406754
0.4512453913
0.7453067282
0.3755162764
0.4381247669
0.4482339732
0.6806730841
0.6939214492
0.3085097318
0.6804513272
0.7206759547
0.3917214297
0.2984193464
0.3375039808
0.5871191503
0.7461442815
0.290586719
0.2864796605
0.3227858932
0.6227179835
0.6034436556
0.2858523584
0.404230397
0.2861630222
0.4856019496
0.8864153787
0.9921397944
0.3199879024
0.807644728
0.859041458
0.6974341559
0.2978996694
0.3410007762
0.9749614817
0.4313084836
0.4698585791
0.7286012929
0.2863590847
0.7854924711
0.471729647
0.3683678728
0.3586276483
0.514702006
0.2862759602
0.3189390297
0.2857669129
0.9001518415
0.3605646128
0.8362864946
0.49113543
0.286417981
0.3824026724
0.3107372509
0.5007963246
0.297077906
0.3735864382
0.4616066755
0.7366749335
0.9387341329
0.314701157
0.5785173123
0.4550837332
0.5633948398
0.3151913914
0.8720754248
0.363281791
0.2863590847
0.4688213363
0.3027295014
0.6583645024
0.5875722358
0.3501107755
0.3010324844
0.8237568036
0.5210603924
0.8193145541
0.3834029181
0.6868699668
0.9856658753
0.7745028902
0.7801211343
0.7100890188
0.6484763015
0.7657827587
0.9872036624
0.2858820006
0.9343686112
0.4247866474
0.7734945908
0.3022784573
0.3083358208
0.4943442718
0.4448416453
0.2943971486
0.6179587496
0.3337390578
0.5846277549
0.9804281474
0.2857867929
0.3962411021
0.7668023329
0.2857867929
0.4291875174
0.9463914062
0.5832692538
0.8493113783
0.3460929191
0.5398723866
0.3756778613
0.3021294161
0.2857676105
0.3489911509
0.4120547088
0.3512389033
0.4554892942
0.4202444714
0.3284507608
0.7488605725
0.2869687421
0.3903453266
0.2857867929
0.9231736639
0.2858099856
0.6621743026
0.3869355671
0.3491306375
0.3854155519
0.3037268962
0.3393044266
0.8748099008
0.2865115437
0.4395001156
0.2867174468
0.409122175
0.8988425975
0.2857669129
0.2857794688
0.601628972
0.2858366651
0.2858950777
0.4614017531
0.2912616504
0.6509518163
0.2857989997
0.2857867929
0.5821374278
0.3107372509
