0.8514282503
0.7903119773
0.3224803605
0.7503491217
0.3320881425
0.8491616451
0.3096430618
0.4616029751
0.2943050906
0.350916652
0.3913856912
0.405846934
0.661309179
0.9677695066
0.6807842019
0.3946733163
0.4151856223
0.7622009586
0.5534266409
0.4359564258
0.5701181891
0.4008300871
0.5624356507
0.6459702111
0.3662497917
0.5809948697
0.2868591537
0.5590532485
0.2902318569
0.3699824816
0.3467574435
0.346620899
0.4548728504
0.8314595945
0.2907424167
0.295642083
0.4518397825
0.2873228089
0.6563562448
0.2939497298
0.795632143
0.4129655008
0.5907609076
0.925003709
0.5246649126
0.5373105055
0.9691040919
0.2910103573
0.9840133129
0.2870401378
0.2880740046
0.4997575876
0.3215135771
0.5217971031
0.5665003148
0.331008923
0.3329356738
0.3962441401
0.4363472319
0.4238214065
0.8657380465
0.7667270205
0.4715262587
0.7467806871
0.9349679367
0.7875347074
0.3610844039
0.537533322
0.8772056965
0.8231634607
0.6827872729
0.2891919495
0.8410323073
0.2957536112
0.8378056532
0.4628348793
0.4347860139
0.4484226551
0.3445891139
0.5975825349
0.2985045675
0.4677870366
0.798957142
0.7835454657
0.8265001519
0.2887655148
0.3485448707
0.2873381895
0.3415338488
0.5541010835
0.3562114946
0.2878193777
0.6201055401
0.9683953432
0.3052204229
0.4482223317
0.4597598165
0.5987198973
0.3380413393
0.4217385648
0.3859379041
0.4911628776
0.8975001909
0.8216727729
0.4478219153
0.7887265107
0.8894764186
0.3934575539
0.7624072857
0.2872925713
0.3086879827
0.2911672511
0.3425882424
0.3997655201
0.2888201184
0.5321945673
0.3910419015
0.3547626939
0.3335453971
0.3269248515
0.5730607644
0.938348818
0.292521278
0.572834321
0.2947742088
0.3157766673
0.7166413236
0.2884524737
0.3367739116
0.292566418
0.3582616645
0.5518537758
0.9043980478
0.311977212
0.3920745775
0.2929803685
0.286653463
0.3369000153
0.318278118
0.4264880698
0.6073658825
0.5171784155
0.2883294215
0.2894665234
0.9120660266
0.3348994775
0.7237767987
0.7226986827
0.2870880435
0.5424429808
0.3041281234
0.7048685904
0.4937325327
0.5516291777
0.8894764186
0.8598471112
0.2872630317
0.3345284565
0.6414436207
0.3712423608
0.9627641038
0.3510573738
0.312531088
0.3128101577
0.964841194
0.4663386514
0.9149726948
0.2870060425
0.4492247133
0.6637817638
0.9863546374
0.5514046041
0.3804402192
0.3250066304
0.3294709376
0.290556196
0.4251525455
0.2906301675
0.3205591088
0.306507786
0.5939437136
0.3857694947
0.6196507465
0.8937475025
0.6698389888
0.7009194216
0.6720778836
0.2988895317
0.729150694
0.6940908548
0.6235157505
0.5809948697
0.3490994445
0.4969552537
0.9944037707
1
0.2867244814
0.3794540444
0.2884524737
0.3081752037
0.3810999795
0.3130906465
0.2905194687
0.3674861486
0.2926117289
0.8177373733
0.5130151502
0.2869326016
0.4597598165
0.3235689467
0.2923424284
0.8147174805
0.2927486875
0.2867830754
0.4624239681
0.7683659653
0.3671763179
0.7847448976
0.4498270571
0.3944993141
0.3127169767
0.4628348793
0.3176689463
0.5674043744
0.2867017422
0.2867636612
0.6805614925
0.6914386999
0.8139596311
0.4402734621
0.2868344946
0.3148999212
0.287922426
0.3259039516
0.6493610481
0.5466944119
0.677440566
0.644160293
0.936184523
0.5498332849
0.6489091525
0.302330168
0.3059394558
0.4189161811
0.318278118
0.5282031604
0.2903027251
0.349935341
0.3106174681
0.7400234988
0.4466225157
0.6971788811
0.6064556952
0.2869425689
0.4444308874
0.2882814172
