0.5355314939
0.2975200848
0.6617573706
0.4068641842
0.324130398
0.9704071425
0.4110602734
0.2999227352
0.9861914958
0.8684423562
0.286850174
0.7626446026
0.6514410237
0.4465531068
0.7219398731
0.2859372032
0.5054539769
0.3493298066
0.6107711937
0.7687589998
0.7911036261
0.6023836168
0.2975200848
0.5339782444
0.4059588544
0.7734108142
0.2992338249
0.5495748553
0.2944857782
0.5953570776
0.6901854488
0.8389661287
0.407408567
0.715484289
0.5428738394
0.3035356574
0.709424965
0.5319835023
0.4314234105
0.3639672132
0.2869790946
0.5209520154
0.2863311443
0.5346437342
0.3042418087
0.291567326
0.3209569901
0.3991603303
0.2860694099
0.5596667607
0.3261632456
0.3422388214
0.6223258949
0.3429046725
0.5375307588
0.6904056225
0.3109069527
0.5154711091
0.7113760943
0.3125821905
0.2855859368
0.2856723741
0.883700505
0.3197864249
0.5464448058
0.3431719735
0.8643371444
0.3234634912
0.676695132
0.3981003483
0.6857751143
0.3468338843
0.3030721945
0.5135041263
0.2875051686
0.7618254253
0.6374750583
0.3655007315
0.2869354275
0.2880268916
0.4985419202
0.9255284311
0.3336522782
0.8012030369
0.2913870978
0.4683190228
0.3143081242
0.9548853433
0.714620648
0.3209569901
0.286913854
0.4991878427
1
0.2889093053
0.2979056104
0.9704886286
0.2868924539
0.3304917074
0.8950465368
0.8883004202
0.6733610123
0.460292749
0.6500923029
0.4441641711
0.5106689115
0.3986298738
0.8625139511
0.3285953628
0.7583338111
0.289437545
0.4722653344
0.2926564512
0.5069723478
0.6489678657
0.9198660316
0.3175004923
0.9729605542
0.3556114987
0.3336522782
0.2856068499
0.3972198824
0.3811663538
0.3860156908
0.2856382186
0.2986279294
0.3121117462
0.286707658
0.812060476
0.7953985658
0.6541364173
0.285595522
0.6370235764
0.2975839235
0.5041542962
0.4341383296
0.3171945066
0.4718488548
0.773007567
0.2967053341
0.3159843955
0.7107260803
0.3210643129
0.427190788
0.3572213134
0.312299454
0.7742165829
0.9093627244
0.5958103169
0.9099156587
0.5115405206
0.2858352895
0.5408682453
0.3293021234
0.3190510783
0.2878274199
0.2878835482
0.8208387176
0.6525644418
0.3329142884
0.2906934686
0.3518688618
0.5978500721
0.6978712358
0.2914318994
0.8489495118
0.5992100464
0.4392233884
0.3848365324
0.2930563227
0.3066901497
0.5244723804
0.4869937967
0.3487714119
0.8204684651
0.4262346682
0.644015192
0.30848992
0.4132698343
0.402183703
0.7810260363
0.4233795119
0.3021628491
0.6327319755
0.286727497
0.3240188739
0.6693520565
0.9337802946
0.8080868902
0.3819956889
0.3841651799
0.4036166361
0.2862527899
0.3725526437
0.4090470159
0.7277159935
0.5222710344
0.604650592
0.2982314494
0.5571957883
0.9295257953
0.3907863032
0.9316076815
0.7575098979
0.5574203196
0.9437053354
0.6689060967
0.4269993893
0.3731912618
0.2893648791
0.3564876485
0.2856126009
0.4749785224
0.6266264273
0.8734579526
0.2885465291
0.5213915374
0.5355314939
0.9836106591
0.2856042358
0.3823282164
0.8626801204
0.3785316516
0.3949429031
0.7157000945
0.6972141297
0.4302649421
0.2871606955
0.8400292045
0.5299914112
0.2939420032
0.2859154279
0.8096043262
0.3433058294
0.5887873093
0.4531788583
0.2857662942
0.8764905899
0.8651624653
0.5506939061
0.9165639414
0.5350875516
0.2940494097
0.2877445233
0.3801749063
0.285619049
0.3547400016
0.5562978737
0.8515331494
0.4224322387
0.9734268516
0.7061659279
0.4479517468
0.3656547624
0.2864309042
0.4631622371
0.5004810028
