 3.1431e+00, 1.0624e+01
-1.1328e+01, 1.1645e+01
-4.8663e+00, 7.6788e+00
 1.3238e+01, 1.8841e-01
 1.4378e+01, 4.9480e+00
 1.2618e+00,-2.1431e+00
-4.1844e+00,-1.2383e+01
-1.2719e+01, 9.8928e+00
 5.5820e-01, 1.6995e+00
 3.3947e+00, 4.2930e+00
-1.6797e+01,-3.0316e+00
 7.4261e+00, 4.7876e-01
 3.6969e+00, 8.5111e+00
 3.1580e-01,-1.2424e+01
-1.6602e+00,-7.8564e+00
 1.2696e+01,-1.1722e+01
 8.5198e+00, 7.8063e+00
-8.5208e+00, 1.1726e+01
-9.2547e+00,-3.2330e+00
 7.0428e+00,-1.9772e+00
-4.8748e+00, 4.9423e+00
 9.5542e+00,-2.8953e+00
-8.3394e+00, 1.3958e+01
-5.6336e+00,-9.4238e+00
-8.9832e+00, 9.7521e+00
-2.2820e+00, 6.9087e+00
-1.4973e+01,-5.8845e+00
 9.4630e+00, 5.2987e+00
 3.0622e+00, 1.6177e+01
 1.0038e+01, 1.2491e+00
-5.7542e+00,-6.3203e+00
-2.5786e-01, 6.0697e+00
 2.0062e+00, 1.3115e+01
-8.1632e+00, 4.7223e-01
-8.2045e+00, 7.2092e+00
 1.5908e+01, 1.2046e+00
-8.0340e+00, 2.0398e+00
-1.0450e+01, 3.6531e+00
 7.6525e+00,-1.0166e+01
 1.1172e+01,-8.5956e+00
-1.3839e+01,-9.9194e+00
-9.6727e+00, 5.7601e+00
 8.6265e+00, 1.4954e+01
-5.0411e+00, 9.8571e+00
-1.5331e+01, 4.1581e+00
 1.3845e+01, 9.2593e+00
-1.4482e+00,-1.5135e+01
 3.9491e+00, 1.2834e+01
 5.2581e-01, 1.7315e+01
 1.0523e+01,-1.6589e+00
 1.3609e+01, 6.6491e+00
-2.7809e+00,-1.4316e+01
 6.5573e+00,-7.0666e+00
-1.3770e+01,-4.8056e+00
 8.9917e+00,-6.2890e+00
 3.0353e-01,-8.5390e+00
-1.5587e+01, 6.0250e-01
-7.7514e+00,-8.1929e+00
-7.8136e+00,-2.5657e+00
 1.5514e+01,-1.3838e+00
-3.0144e+00,-1.7198e+01
 1.7064e+01,-3.5402e+00
-4.8968e-01,-4.9928e+00
 1.0164e+01,-1.1404e+01
-2.2726e+00,-1.0541e+01
 1.3040e+01,-6.6008e+00
-4.3609e+00,-3.2608e+00
-9.7695e+00,-1.1548e+01
 8.4466e+00, 2.6752e+00
-1.2832e+01, 3.7843e+00
 8.0569e+00,-3.2228e+00
 1.4407e+01, 2.1021e+00
 1.5481e+01,-3.8519e+00
 1.1100e+01, 2.6141e+00
-5.7217e+00, 1.6063e+01
 5.1919e+00, 5.3960e+00
 4.9329e+00,-7.9970e+00
-1.2905e+01, 5.6300e+00
-1.6820e+01, 2.9330e+00
-1.6962e+00, 1.6910e+01
 3.2792e+00,-1.1086e+01
-2.2384e+00, 3.4005e+00
-1.4584e+01,-2.7644e+00
 1.5531e+00,-6.5008e+00
 1.5474e+01,-6.0653e+00
-1.2058e+01,-7.7123e-01
-1.2062e+01,-9.6336e+00
-2.5844e+00,-1.6627e+00
 7.1202e+00, 4.1942e+00
-1.1653e+00, 1.5277e+01
-2.3841e-01,-1.7033e+01
-1.1110e+01,-3.1987e+00
-1.0829e-01, 3.2672e-02
-1.0882e+01,-1.2772e+01
-6.6880e+00, 1.4806e+01
-1.9241e+00, 1.6645e+00
 9.7368e+00,-1.4008e+01
 5.2257e+00, 1.4098e+01
 2.0385e+00,-4.3115e+00
-2.7845e+00,-4.0425e+00
 6.8350e+00, 5.7441e+00
 1.0754e+01,-5.8477e+00
-1.8029e+00, 9.1117e+00
-1.1551e+01, 4.8530e+00
-9.6463e+00,-6.0063e+00
-9.4883e+00,-9.3456e+00
 4.8606e+00, 2.7556e+00
 7.9022e+00,-1.2738e+01
 4.0584e+00,-6.2480e+00
-1.0305e+01, 1.3291e+01
 4.8091e+00, 1.1111e+01
 5.5257e+00, 1.5639e+01
-4.1789e-01, 1.1522e+01
 2.1111e+00,-8.9566e+00
 2.3160e-02, 4.2476e+00
 7.6310e-01, 1.5423e+01
 2.4365e+00, 1.6109e-01
-1.2670e+01,-6.5475e+00
-4.6676e+00,-1.4063e+01
 7.3897e+00,-1.5785e+01
-1.4340e+00, 1.3382e+01
-4.7077e+00, 1.2953e+01
-1.1212e+01, 7.7772e+00
-1.3306e+01, 1.1303e+01
 1.5837e+01, 3.4085e+00
 1.1620e+01,-1.0337e+01
 1.2543e+01, 1.1748e+01
-3.4920e+00, 5.5673e+00
-5.8036e+00, 3.6398e+00
 7.6319e+00,-5.0676e+00
-1.5392e+01,-8.1992e+00
-8.2218e+00,-4.5346e+00
-9.2324e+00,-1.3261e+01
-1.1464e+01, 9.1529e-01
 1.0238e+01, 7.6151e+00
-1.5296e+01,-1.4329e+00
-1.1856e+00,-1.1933e+01
-3.9633e+00,-5.9793e+00
 1.2985e+00,-1.6161e+01
 9.4218e+00, 1.2299e+01
 8.2569e+00,-7.8932e-01
 1.2106e+01, 9.3815e+00
-1.2584e+01,-2.3266e+00
 9.7632e+00, 1.0486e+01
 1.2982e+01,-8.5668e+00
-6.3205e+00,-3.3778e+00
-4.1003e+00, 1.7624e+00
 1.1855e+00, 1.0068e+01
 3.7108e+00,-2.4322e+00
 1.7694e+00,-1.1206e+01
 5.8591e+00,-1.6269e+01
 4.4184e+00,-9.9540e+00
 3.6955e+00,-1.4491e+01
 5.7384e+00,-1.4166e+01
 1.1201e+01,-1.2702e+01
-6.5732e+00,-1.5560e+01
 5.4205e+00,-3.3275e+00
-3.4751e+00, 8.5659e+00
-3.7247e+00, 1.4480e+01
 1.4691e+01,-7.8703e+00
-1.4084e+01, 2.9369e+00
-3.6428e+00,-9.2954e+00
 1.3895e+00, 8.4322e+00
 1.5892e+01, 4.9900e+00
 5.6665e+00, 1.4842e+00
-9.8291e+00, 1.9040e+00
 9.0686e+00,-8.7382e+00
 1.2785e+01, 4.9237e+00
-3.7371e+00, 1.6120e+01
 1.1113e+01, 1.1294e+01
 7.4714e+00,-8.2985e+00
-7.5630e+00, 9.0941e+00
 1.2337e+01, 7.6690e+00
-6.3120e+00,-6.4346e-01
 3.8394e-01, 1.2904e+01
-5.1004e+00,-7.7400e+00
-1.3586e+01, 7.9137e+00
-1.0617e+01,-7.5702e+00
 1.7547e+00,-1.3136e+01
 1.8580e+00, 6.9111e+00
-1.1752e+01,-5.2186e+00
-1.3882e+01,-7.8311e+00
-8.4066e+00, 4.4476e+00
 1.4325e+01,-9.3586e+00
-6.5835e+00,-1.3594e+01
-6.9718e+00, 5.6175e+00
 2.6116e+00, 2.8427e+00
-7.5216e-01,-6.5050e+00
 1.2888e+01,-4.7035e+00
 1.3559e+01,-1.8504e+00
 7.3809e+00, 1.1112e+01
-1.4410e+01, 9.4457e+00
-6.5320e+00, 1.2337e+01
-5.9295e+00,-1.1692e+01
-5.7845e-01, 8.0340e+00
-1.0225e+01,-4.5255e+00
-7.3702e+00,-6.5849e+00
-1.4814e+01, 6.5174e+00
-3.0669e+00, 1.0277e+01
-3.8797e+00,-3.1697e-01
 5.7094e+00,-1.2222e+01
 3.6111e+00, 1.4893e+00
 5.5516e+00,-5.0115e+00
-1.0581e+01,-1.1604e+00
 2.4553e-01,-3.4324e+00
-8.8318e+00,-1.1855e+00
-1.2661e+01, 2.0285e+00
-5.0894e-01,-1.3838e+01
 1.5296e+01, 7.0461e+00
-1.4207e+01, 1.3383e+00
-1.2385e+01,-1.2231e+01
 1.1572e+01,-3.1989e+00
-1.0460e+00,-9.4837e+00
 1.5871e+00, 5.1264e+00
 2.7916e+00,-1.6590e+01
 1.0404e+01,-4.2566e+00
 6.6332e+00, 8.8721e+00
-6.1859e-01,-1.7064e+00
-1.7401e+01, 1.3739e+00
 4.1891e+00,-1.3001e+01
 3.6649e+00,-4.1095e+00
-1.3761e+01,-2.9021e-01
-8.4221e+00,-1.0410e+01
 4.4673e+00, 6.9433e+00
 3.3461e+00,-7.7574e+00
 1.2672e+01, 1.8716e+00
-4.9156e+00,-1.6262e+01
-2.2036e+00,-5.5105e+00
 1.1129e+01, 1.9656e-02
 7.0500e+00, 1.4918e+01
-1.6524e+01, 5.1397e+00
-6.4097e+00, 1.4298e+00
-1.0508e+01, 1.0196e+01
-6.5052e+00, 7.8774e+00
 1.1246e+01, 5.2646e+00
-1.7262e+01,-1.5854e+00
-4.0981e+00, 3.2897e+00
-1.5844e+00, 5.3007e+00
 5.0776e+00, 9.5786e+00
 4.2628e+00,-5.1331e-01
 6.0865e+00,-9.1487e+00
-1.5802e+01,-4.3584e+00
-8.3620e+00,-1.4696e+01
 1.3388e+01, 3.3084e+00
 1.7449e+01, 1.1087e+00
 6.8895e+00, 1.2635e+01
 3.0604e-02,-1.0631e+01
 5.7830e+00,-2.4382e-01
-2.8668e+00, 1.2650e+01
-2.3698e+00, 7.7938e-02
-3.1721e+00,-7.6538e+00
-6.8132e+00, 1.0475e+01
-7.5601e+00,-1.1796e+01
 1.7184e+01,-7.7436e-01
-4.1497e+00, 1.1521e+01
 1.5188e+00, 1.1538e+01
