0.4180788565
0.3090107551
0.3544575242
0.6035676039
0.3141825225
0.2873773119
0.8592179065
0.3180734077
0.687011051
0.6748141003
1
0.2865543618
0.322197318
0.9422514934
0.8896503227
0.7383062173
0.3709579316
0.4126920555
0.4165849592
0.3875238138
0.5668908375
0.4032360118
0.9431533955
0.351452689
0.6705806526
0.3503232695
0.3371909979
0.3347992839
0.289716011
0.4437408035
0.2904444293
0.285953801
0.5091353846
0.3443993659
0.4732856559
0.39825654
0.4090237135
0.6973580845
0.693624178
0.467054297
0.7890126303
0.3123725369
0.5039257929
0.5574366657
0.7872367507
0.2860558156
0.8380658804
0.7065382139
0.3021171835
0.3139893429
0.3052158908
0.7921567454
0.8598907292
0.4186405978
0.9115031692
0.8839740538
0.3307678559
0.3642713328
0.2979608585
0.3452109606
0.409754282
0.2914089358
0.393011885
0.3607885888
0.5121861391
0.323512475
0.3833146456
0.7632818444
0.5983496168
0.8849029315
0.4781012138
0.8437301782
0.2888197749
0.3048943317
0.2882096541
0.2859972242
0.3304091556
0.5524988206
0.2859675781
0.7008629759
0.5165587669
0.4039538854
0.2938691767
0.5446668742
0.4697474689
0.402519755
0.2859283388
0.4239231559
0.6896598613
0.3172561515
0.3097192731
0.6323558688
0.5509300031
0.4026986673
0.9251581796
0.2934540651
0.2908526626
0.3501826888
0.3751092583
0.686569133
0.638233622
0.4214616969
0.9115031692
0.2942412756
0.8862901681
0.6128694624
0.5498101385
0.8506953913
0.5004675814
0.4136151495
0.485701693
0.3137967866
0.6040213773
0.735979474
0.7393618592
0.6643250467
0.9275629806
0.6878945041
0.5302128941
0.4920910237
0.9351587216
0.4970217676
0.6611902183
0.6730327695
0.2864768117
0.2873541592
0.3087476844
0.8862901681
0.7846623971
0.5978959359
0.8440814973
0.3378288799
0.3307678559
0.2858648543
0.3113505132
0.9736953646
0.3207970345
0.3200536284
0.2865073098
0.2858341566
0.2882967689
0.2882675578
0.5128409683
0.9303024778
0.794698947
0.5185317778
0.3277027195
0.5799936393
0.2885983789
0.9678665645
0.6003913162
0.3285182251
0.9009163065
0.2865228199
0.2946766595
0.9278140256
0.4447341197
0.402519755
0.3121852999
0.3041017666
0.285872703
0.5558643756
0.3826476778
0.3209038418
0.5507059816
0.9717056726
0.4034153289
0.7943085678
0.6296404343
0.7911760079
0.5317631271
0.7152177625
0.6447787947
0.3317307682
0.5491385138
0.7653274847
0.7901936326
0.4682959348
0.393011885
0.3588495756
0.4897426095
0.3543131278
0.3260933483
0.3368099603
0.9471300776
0.738939751
0.4535575203
0.304654861
0.2869871066
0.655132327
0.3216557278
0.5655382556
0.4241131265
0.7485969898
0.4505332229
0.8587124095
0.5804462273
0.3880335755
0.9893810957
0.2860130931
0.3252995329
0.329105126
0.5707263556
0.3704841275
0.5999375881
0.8205976259
0.6591726466
0.9601705512
0.7429416978
0.3123725369
0.2870689597
0.9918951848
0.2865543618
0.2859283388
0.3018216579
0.3806576623
0.2864768117
0.8230038683
0.8305099266
0.4099371676
0.2906056681
0.2861332331
0.2864919738
0.2878767542
0.7372493415
0.304654861
0.333069862
0.5682440225
0.2878767542
0.4427494429
0.6488346818
0.4302386619
0.2882385195
0.8472289353
0.4393936285
0.3154533519
0.9947204003
0.98375293
0.2863617794
0.4897426095
0.4645781378
0.3961472964
0.5567626987
0.7113199407
0.2914970783
0.2858245634
0.5462307638
0.2869871066
0.2858577033
0.2860050715
0.6056095968
0.8085719464
0.6519853473
0.3725450748
0.2865543618
0.5174352609
