0.7230522473
0.3801960721
0.2864640866
0.3596105514
0.7217654974
0.3057104371
0.7688017996
0.3867134653
0.3248207527
0.4652458868
0.5972033704
0.7880039173
0.397593891
0.4885092846
0.3335474909
0.2856227507
0.3210821878
0.5395624988
0.4777286565
0.2886921088
0.5242812676
0.2864990791
0.4171925999
0.8587165668
0.4853232131
0.5829344561
0.9511694837
0.4363072318
0.344671092
0.3129787866
0.2865895995
0.2882812665
0.4966344666
0.4507852072
0.3326879594
0.2963553002
0.3629213341
0.9522023516
0.8829751196
0.3016600437
0.2914481245
0.6658186358
0.2993869538
0.4256857457
0.5933507432
0.2891671025
0.5851975027
0.2922837031
0.5487106012
0.9025157419
0.4919212088
0.5599226867
0.6937428159
0.7111990565
0.2856035793
0.4880837616
0.7471788706
0.6718403912
0.3609576
0.2929214074
0.2931233872
0.2859102656
0.2879563982
0.4186890382
0.4489780423
0.6537237726
0.3833498505
0.3906361994
0.4885092846
0.8291366245
0.3909800282
0.3863751022
0.3319568172
0.311755568
0.6733985009
0.2856201365
0.7118488635
0.3698804085
0.9369127369
0.8117285803
0.5502768476
0.9784195081
0.2856176965
0.5382276893
0.286866144
0.3194881503
0.7651392259
0.6345748319
0.596070126
0.2863796456
0.3125051858
0.8368780734
0.3000092348
0.5883671618
0.2858419687
0.4656582597
0.6006035423
0.2870394347
0.4211332756
0.5637466605
0.5579005032
0.3404117168
0.3851943225
0.4660708973
0.2857116303
0.2893449119
0.2858329084
0.4521949359
0.6895631175
0.3478187265
0.7602266652
0.395314059
0.4453820463
0.7176803976
0.3287310919
1
0.8000915697
0.2862995488
0.3609576
0.2862237975
0.5505006944
0.2863470855
0.6733985009
0.3572412013
0.3748169569
0.8866725981
0.4968492908
0.3584217953
0.2859102656
0.3429237633
0.8254877489
0.2877605432
0.5953902234
0.4166329636
0.2859755952
0.6895631175
0.2955817545
0.3533175677
0.2986445552
0.7434120591
0.2921881404
0.2946685995
0.7213362274
0.2950628141
0.4258765421
0.8462205811
0.90208605
0.3414633498
0.6550707231
0.3823495021
0.2948928563
0.9096900263
0.9346683853
0.9665950683
0.9358541973
0.4437918045
0.286481496
0.3254984115
0.2857116303
0.4254950373
0.3442658148
0.2859421471
0.3339180087
0.9372637503
0.9332320277
0.7044634091
0.7455068027
0.3189643943
0.3714603233
0.344671092
0.5397850696
0.9268401831
0.6807255469
0.6028705689
0.3368011894
0.4451829952
0.637510549
0.3013667122
0.2878156378
0.4465779681
0.8414890586
0.876380557
0.6622417439
0.6259824444
0.6406695647
0.3026314358
0.4599095228
0.6671583888
0.3815189867
0.3290842732
0.541121101
0.6076314842
0.8632261758
0.403639107
0.4343570613
0.3357898352
0.6207753542
0.2856018364
0.869630604
0.7844474023
0.3312308609
0.3144229928
0.787412612
0.4495797585
0.4002463075
0.7022826856
0.3050587842
0.8484778196
0.7620727303
0.304179633
0.2921406139
0.3173140136
0.3101057193
0.3017337858
0.5028842794
0.2982480531
0.986692357
0.941177602
0.780870253
0.5487106012
0.4646278257
0.6173774748
0.5858765855
0.3916689804
0.4521949359
0.3379497465
0.9262113154
0.3024048196
0.2886270066
0.302555734
0.3441309949
0.8388353722
0.567575826
0.8087014794
0.2902581239
0.9815228671
0.4153304091
0.3286136569
0.3092112487
0.2874444992
0.8730248262
0.7096814262
0.321621095
0.9802024299
0.4938463531
0.4863838576
0.2862535765
0.3767583691
0.2858419687
0.4224557571
0.3468531939
0.2908789731
0.6200958871
0.3137446687
0.5727638371
0.7899707191
