0.2934514689
0.9193604625
0.59058438
0.3580909911
0.5155629342
0.8467924365
0.8416169453
0.7233518171
0.5325820933
0.7852258629
0.3370781828
0.367747693
0.9203113051
0.323038096
0.571940451
0.3162403728
0.9498414401
0.5365916492
0.4664231252
0.9174444722
0.2899763747
0.2986536395
0.3928430052
0.7629957631
0.6158942997
0.8398169149
0.4124809646
0.4271289692
0.3134676946
0.294705771
0.4397521844
0.3064321856
0.7392468104
0.5949137012
0.922198633
0.4298169968
0.4327160848
0.30073306
0.2896533484
0.8786661694
0.3700853214
0.3337349293
0.7517303945
0.3536032503
0.7910176578
0.2916313648
0.4844497733
0.9997320234
0.3095152597
0.5448656874
0.46518332
0.9749623003
0.6597384649
0.3405256574
0.5631073822
0.309861791
0.293133531
0.5208428939
0.766096392
0.7107260521
0.2879381012
0.5316925642
0.3751639909
0.8371022414
0.2934055351
0.7356177973
0.4557616251
0.2876116045
0.9473663067
0.3636104499
0.8018517345
0.30073306
0.5798883695
0.386189819
0.6375311902
0.6261517212
0.3173265484
0.5265887367
0.9327385116
0.2881241594
0.6195425399
0.2976782853
0.3146942657
0.5814799118
0.4097304866
0.8719704555
0.9718710545
0.3858532061
0.2873859743
0.4231297903
0.9581061335
0.6522784509
0.5323596595
0.5421777006
0.3139362979
0.5109629951
0.2874925738
0.9164793457
0.3158500845
0.6721205716
0.8305163001
0.3044749492
0.3509155278
0.3061121733
0.2878680114
0.3428810932
0.6736912942
0.569219722
0.6826417281
0.4521165548
0.8497951717
0.6888796296
0.8022418976
0.2873985987
0.3277096772
0.6447991867
0.4825418861
0.3921529014
0.6504669435
0.7140045303
0.2897683806
0.2893513521
0.3001309339
0.4972856627
0.4137720497
0.3586792009
0.8852141422
0.2884113941
0.3810235375
0.5232706455
0.7039229475
0.4393584507
0.3065931682
0.5529534355
0.7091930701
0.3246760253
0.3810235375
0.9173068876
0.3982498964
0.6990733932
0.3430132787
0.5755716268
0.8532979305
0.2927371019
0.6234175014
0.3658976537
0.3471796725
0.3471796725
0.3646742896
0.4267463851
0.317726194
0.9768631188
0.3140304922
0.3511961733
0.4010805009
0.3033497511
0.7413749781
0.4327160848
0.3551812224
0.7521504326
0.5181999482
0.7803925876
0.6579319135
0.2878022965
0.3037207072
0.7161851707
0.6156662546
0.7704156258
0.3885587043
0.8900653441
0.8387331451
0.4979325333
0.4373947404
0.3092570482
0.9304526895
0.650919924
0.4781089366
0.3658976537
1
0.3850136538
0.6122452734
0.3085755658
0.6122452734
0.4409353533
0.2956416607
0.5290273293
0.2984674831
0.9498414401
0.4026844528
0.8478548741
0.3195552971
0.3130956575
0.4762173459
0.2887879676
0.609508222
0.2892987051
0.2873416121
0.3256750917
0.3820148597
0.4590216684
0.8407179093
0.5072536479
0.5851198159
0.7418000217
0.2928677003
0.289045915
0.30019717
0.5455383296
0.3597135502
0.5232706455
0.2878022965
0.2874925738
0.4612736123
0.8699831804
0.4906290828
0.7961641573
0.5059476554
0.3462273075
0.2878955224
0.3550371103
0.3779119855
0.3923252636
0.2882802249
0.6015254303
0.9863083028
0.3141248443
0.289797573
0.7519404399
0.3470432098
0.2887433345
0.8340045727
0.9470249001
0.7483625516
0.9142555601
0.2965760794
0.5129320388
0.6770528323
0.2881076927
0.2882091147
0.3484139745
0.4366115864
0.4535312159
0.2894046952
0.4454978017
0.4660095849
0.3375823812
0.289710517
0.8716401037
0.3065931682
0.6581578029
0.9863755652
0.288634804
0.2881408008
0.2884308312
0.4821185595
0.3321628425
