0.2945958595
0.2962970775
0.2970959265
0.289838004
0.3499462547
0.5482514455
0.3630209733
0.4650098284
0.6959400772
0.4743631983
0.3753454633
0.8851994683
0.36606817
0.4350819744
0.2959648623
0.7482942486
0.3317993782
0.8842519863
0.2893236832
0.6313812875
0.3995127862
0.427352468
0.7078328375
0.6361570462
0.698150284
0.6350203861
0.5915027485
0.3072931793
0.7222161437
0.6863984499
0.2886135999
0.3563511924
0.4090304484
0.8825065937
0.3339766027
0.9450667713
0.3592833303
0.9787336218
0.6972666142
0.6083688726
0.7682810089
0.7558481866
0.3173078414
0.7891308684
0.3586927518
0.4747819555
0.460077285
0.4066694972
0.4045052598
0.998480797
0.5908195488
0.3235684581
0.2891388787
0.6181719374
0.56832788
0.8778536954
0.3082917858
0.967448028
0.4724819395
0.9740089032
0.4068505075
0.3207877183
0.5415280728
0.4005757576
0.2879205613
0.7598069548
0.666027374
0.9298497892
0.4090304484
0.7347018377
0.8704879443
0.6821640029
0.8817096757
0.3795666569
0.5007704871
0.2907148725
0.2893780497
0.4525535438
0.8227767652
0.3369524684
0.7167888555
0.8897333913
0.3708897335
0.6366116309
0.2949015827
0.4988255677
0.6765764905
0.3169102111
0.8407640763
0.2935741758
0.5767191143
0.3750240722
0.7976376872
0.4874581575
0.4798264902
0.303089441
0.3465053638
0.339366796
0.5608638093
0.3308468994
0.5644801465
0.287457903
0.8441656806
0.7604302112
0.6983711147
0.5031530763
0.2921211851
0.5406335901
0.9295935053
0.6063168103
0.3601730659
0.582399791
0.7204822865
0.8077601693
0.5018527446
0.8612494112
0.2980493818
0.8804299977
0.3014443948
0.4752009653
0.2875141513
0.9875878581
0.3750240722
0.3406580316
0.5354999198
0.2941487772
0.3055230548
0.9369852742
0.5081536695
0.9342699629
0.4417587523
0.2876949597
0.3249972952
0.7289084589
0.2997558217
0.3431500406
0.3040578401
0.3115166588
0.9998149543
0.3414395259
0.2881368187
0.3769595557
0.7176589839
0.6375206604
0.2940028206
0.79527588
0.6254627311
0.4439391166
0.6379751038
0.4487295526
0.4813044446
0.7610529685
0.2910352029
0.9637521979
0.6218180524
0.7748275308
0.3102706407
0.3996896865
0.5321611142
0.5046723378
0.2891647574
0.311247022
0.3253306451
0.4184526062
0.2917971173
0.3296695164
0.8586856015
0.8303907645
0.7863354042
0.4086661265
0.5805811397
0.2967495074
0.517127339
0.2916392162
0.3136313693
0.3007564879
0.38236942
0.3473234239
0.4467280551
0.4676981474
0.2985422556
0.3585454303
0.8104536888
0.2884027247
0.517347113
0.9791236195
0.2879678453
0.3935612499
0.4674909493
0.2884027247
0.8960132147
0.6454658654
0.9165515939
0.2924137759
0.513616686
0.309399825
0.3784223512
0.3378359841
0.293388113
0.2886135999
0.2875141513
0.9580580575
0.5232963467
0.3411784666
0.9557681187
0.3010296577
0.2915612996
0.5410807714
0.3966967142
0.2872344471
0.2872749367
0.5332732096
0.3970472405
0.4386048278
0.6056328014
0.2948502033
0.3562059529
0.6624241402
0.5556747826
0.3688533617
0.4302347308
0.6047208057
0.3326404731
0.5478024422
0.3691653003
0.3037569119
0.8954073226
0.3853732654
0.7049794803
0.5586062817
0.2973892491
0.8346065738
0.4604867904
0.2921211851
0.3254420625
0.6454658654
0.4136177321
0.2873056093
0.3995127862
0.3208927621
0.2875658401
0.557478332
0.7372657018
0.4668697573
0.3465053638
0.811220745
0.2996252345
0.288000242
0.6781427484
0.5999333719
0.4825735936
0.3042092891
0.2877471621
1
0.2879051496
0.432554702
