 9.0138e-01,-5.4342e+00
-7.6151e+00, 8.0839e+00
-3.9246e+00, 1.3522e+01
 6.1342e+00,-1.2567e+01
-1.6570e+01,-6.1080e-01
-1.0797e+01, 5.8517e+00
-1.2413e+00,-2.9457e+00
 1.5808e+01,-6.3817e+00
-6.0497e+00,-2.3569e+00
 7.2714e+00,-9.1687e+00
 7.0597e+00, 1.8277e+00
 7.6529e+00,-2.1351e+00
-1.0032e+01,-1.3291e+01
-1.5221e+01,-3.7972e+00
-4.1469e+00,-1.2274e+01
 4.0344e+00, 1.0324e+01
 1.2265e-01,-3.6825e+00
 9.7112e+00, 1.0915e+01
 7.3910e+00, 5.9753e+00
 1.1149e+01,-3.4306e+00
-1.2951e+01, 2.7756e+00
-4.9759e+00,-1.5414e+01
 6.5406e+00,-7.1909e+00
-2.2941e+00, 1.3706e+01
-6.4548e+00, 1.4873e+01
 1.8746e+00, 5.6361e+00
 5.1184e+00,-5.7333e+00
-4.2083e+00, 6.6535e+00
-3.5024e-01,-6.5479e+00
-1.0474e+01, 1.3710e+01
-4.0786e+00, 1.6639e+01
-4.3317e+00,-3.5905e+00
-4.7078e+00, 1.0972e+01
-1.2627e+01, 1.1028e+01
-1.5928e+01, 6.6627e+00
 2.5244e+00, 7.6277e+00
 2.5447e+00,-8.0005e-01
-6.3815e+00,-1.3893e+01
-9.2939e+00, 2.6369e+00
 9.0808e+00,-1.4248e+01
 9.6646e+00,-2.8684e+00
-1.4475e+01, 9.1343e+00
 1.0938e+01,-1.3270e+01
-7.0615e+00, 1.7054e+00
 5.8454e+00,-1.9016e+00
-5.4315e+00,-6.6249e+00
 1.5590e+01, 7.1796e+00
-1.2345e+01,-1.9126e+00
-2.5955e+00,-1.2509e+01
 1.8610e+00,-1.2656e+01
 1.3357e+01,-2.5606e+00
 8.2784e+00, 9.8581e+00
 9.4060e-01,-1.1258e+01
-1.1269e+01,-6.0598e+00
 1.5856e+01, 6.1680e-01
 3.1506e+00,-3.3925e+00
-2.4332e+00,-1.4024e+01
-1.3804e+01, 4.3935e+00
-8.9569e+00,-3.2758e+00
-9.7546e-01,-1.4549e+01
 1.5127e+01,-8.9141e-01
-1.8592e+00, 7.5688e+00
 6.3863e+00,-1.1047e+01
-7.3305e+00,-3.9950e+00
-1.4625e+01,-1.6426e+00
 4.4507e+00, 8.1122e+00
 7.0706e-01,-1.6434e+01
 5.3469e+00,-1.5488e+01
-8.9147e+00, 5.4979e+00
 2.7365e+00, 2.3187e+00
 1.0808e+01,-5.9012e+00
 8.6690e+00,-4.5720e+00
 2.0766e-01,-9.8580e+00
-1.2203e+01,-4.0737e+00
-1.0327e+01,-9.0418e+00
 3.5023e+00,-6.4671e+00
 1.6882e+01,-4.0295e+00
 6.1140e-01,-1.4220e+01
-1.0081e+01,-2.2633e+00
 2.8192e+00,-8.4541e+00
 1.2348e+01,-1.1606e+01
 4.4473e+00,-1.4073e+01
 1.9838e-01, 9.1404e+00
 7.5148e+00,-1.4175e+01
 4.1798e+00, 5.2253e+00
 1.0452e+01, 8.3595e+00
 1.1415e+01,-1.0373e+01
-3.8240e-01, 1.3018e+01
-1.0453e+00, 1.7723e+00
 2.6855e+00,-1.4570e+01
-4.9936e+00, 2.9401e+00
-6.5431e+00,-4.0412e-01
-2.1179e+00,-6.7245e-01
-4.3967e+00,-1.0550e+01
 1.6387e+00,-3.4008e+00
-2.8282e+00,-4.2328e+00
 1.5112e+01,-4.1943e+00
 3.4058e+00, 1.6402e+01
 1.2523e+01, 1.1569e+01
 1.2250e+01, 9.0496e+00
-1.3624e+01,-9.5902e+00
-1.1417e+01,-1.1380e+01
 1.3003e+01, 3.5492e+00
 1.1234e+01, 1.2619e+01
 1.4802e+01,-9.1761e+00
 1.0521e+01,-4.6484e-01
-3.0651e+00, 5.5847e+00
-7.7986e+00, 3.9013e+00
 1.4385e+01,-6.9119e+00
-1.4785e+01, 1.0076e+00
-1.3514e+01,-7.4761e+00
 6.9762e-01,-3.6165e-02
-1.2832e+01, 5.6278e+00
 1.6783e+01, 4.6108e+00
 8.6326e+00, 1.2689e+01
 8.2233e+00,-6.5336e+00
 1.4832e+01, 8.7205e+00
-3.4692e+00, 3.5776e+00
-1.5896e+01,-6.4675e+00
 1.1384e+01,-7.3526e+00
 9.2066e+00, 9.4189e-01
 1.1352e+01, 1.9538e+00
 7.6970e+00, 3.8357e+00
-8.1875e+00, 1.3398e+01
 6.2421e+00, 1.5878e+01
-1.0793e+01,-4.9833e-02
 7.5177e+00,-3.0889e-01
-8.6326e+00,-1.3864e+01
 9.0361e+00, 5.1416e+00
-1.1998e+01,-9.0878e+00
 1.7709e+00, 1.3151e+01
 4.8522e+00, 1.7075e+00
-6.3541e+00,-7.9683e+00
 2.0332e+00, 1.1336e+01
-7.8701e+00,-7.7566e+00
 4.3677e+00, 1.3040e+01
-2.0156e+00, 4.4060e+00
 9.6372e+00,-7.3714e+00
-6.4738e+00, 9.9801e+00
 3.6057e-01, 5.0904e+00
 3.7651e+00, 3.2334e-01
 8.6951e+00, 1.4191e+01
 5.6921e-01, 1.1739e+01
-6.0913e-01, 1.7369e+01
 7.2478e+00, 1.3386e+01
-3.6780e+00,-6.2426e+00
-2.6171e+00, 1.0192e+01
-1.4862e+01, 2.7805e+00
-9.2486e+00,-6.9221e+00
-4.5565e+00,-9.8703e-01
 1.0525e+00, 1.5107e+01
-5.4199e+00, 1.2592e+01
 1.0279e+01, 3.5962e+00
 3.8499e+00,-1.0173e+01
 1.1964e+00, 1.7393e+01
 5.7043e+00, 7.2278e+00
-1.2553e+01, 9.2412e-01
-8.0529e+00,-4.8073e-01
 1.2934e+01,-7.6522e+00
 4.8746e+00,-7.9779e+00
-9.3602e+00, 8.8469e+00
 9.5787e+00,-1.0328e+01
 1.1570e+01,-1.8673e+00
 6.0273e+00, 1.0080e+01
 1.1537e+01, 4.9259e+00
 6.1544e+00, 1.2183e+01
 6.2601e+00, 4.2760e+00
 1.7301e+01,-5.4795e-01
-4.4195e+00,-8.6333e+00
 1.0782e+00,-8.2661e+00
-7.7434e+00,-1.2582e+01
 7.2856e+00,-1.5772e+01
-1.7978e+00,-1.0992e+01
-8.3908e+00,-9.1678e+00
 3.5767e+00,-1.6704e+01
-1.4117e+01, 7.2555e+00
-2.7790e+00,-1.7061e+01
-1.7128e+01,-2.8933e+00
-7.2130e+00, 1.1324e+01
-3.3123e+00, 1.5099e+01
 1.2417e+01,-5.0179e+00
-6.0450e+00, 6.1694e+00
-1.9626e+00,-1.5779e+01
 1.0547e+01,-8.7826e+00
-6.4688e+00,-1.0781e+01
-8.6762e+00,-1.1187e+01
 1.3753e+01, 2.0747e+00
 5.5851e-01, 6.9043e+00
-2.0517e+00,-8.3879e+00
 1.2436e+01,-6.0625e-01
-4.2289e+00, 9.3597e+00
-7.3473e+00,-6.2504e+00
 6.1306e+00,-3.7953e+00
-1.7197e+01, 1.7550e+00
 1.6262e+01, 2.4110e+00
-1.4574e+00, 5.8816e+00
-1.0100e+01, 7.1924e+00
-1.6487e+01, 4.3437e+00
 1.3646e+01, 4.5711e-01
 1.3044e+01,-9.8257e+00
 1.3790e+01, 6.1110e+00
-1.2230e+01, 9.5291e+00
 1.9248e+00, 9.3741e+00
-7.2625e+00,-1.5427e+01
-3.1738e+00,-2.0978e+00
-1.2874e+01,-5.8314e+00
-9.8056e+00, 1.1734e+01
-1.0525e+01, 3.9690e+00
-1.1239e+00, 1.0434e+01
-9.3919e+00, 4.8663e-01
 1.6260e+01,-1.9060e+00
-1.5082e+01,-8.8722e+00
-9.1694e+00,-5.2110e+00
 1.4744e+01, 3.5883e+00
-4.7697e-01,-1.5134e+00
-5.2061e+00, 4.5563e-01
 1.3953e+01, 1.0189e+01
 4.2762e+00, 1.4947e+01
 4.7170e+00, 3.2948e+00
-1.0687e+01, 1.0500e+01
 9.1237e+00, 7.5464e+00
-1.2269e+00,-5.2120e+00
 3.3087e+00,-4.9787e+00
 8.9358e+00,-1.0041e+00
-8.9025e-01,-1.7393e+01
-1.2937e+01,-1.1571e+01
 5.7130e+00, 1.3727e+01
 1.1206e+00, 3.5450e+00
-5.7716e+00, 1.6286e+01
-5.7796e+00,-1.2448e+01
 3.8560e+00,-1.2200e+01
 8.4458e+00,-1.1528e+01
-1.4099e+01,-4.8257e+00
-2.0960e+00, 1.6766e+01
-1.1919e+01, 1.2446e+01
-1.0723e+01,-4.5818e+00
-1.3580e+01,-2.8557e+00
 1.1856e+01, 7.2515e+00
-9.9825e-01,-1.2539e+01
 8.7812e+00,-8.9200e+00
 5.0208e+00,-6.1395e-01
 7.1071e+00,-5.1342e+00
 1.0938e+01, 9.7860e+00
-1.1361e+00, 1.5561e+01
-1.1678e+01, 7.3126e+00
-4.8346e+00, 1.4946e+01
-4.0524e+00, 1.6871e+00
-8.4063e+00, 1.0181e+01
 1.7447e+01, 1.1556e+00
 6.0392e+00, 6.6129e-01
 2.0215e+00,-1.0050e+01
 6.8331e+00, 8.2502e+00
-1.1035e+01, 2.1502e+00
 1.5286e+01, 5.6302e+00
-4.7046e+00,-5.0523e+00
-1.1737e+01,-7.5941e+00
