0.4053022014
0.5225010446
0.6407648514
0.3039050926
0.8588101687
0.3109889908
0.5670514722
0.3487472705
0.3032333518
0.3163362478
0.7873348053
0.2992899693
0.3867906361
0.3152644912
0.8052358643
0.7019413692
0.6640576327
0.5593668145
0.3629286971
0.4518330559
0.2885183705
0.5255946591
0.325806396
0.3417452751
0.3113474591
0.2993544946
0.4937485409
0.3907042885
0.3593399339
0.8617108274
0.7493674397
0.8856041645
0.4675792633
0.3862845124
0.317227185
0.461599637
0.4950372439
0.9742670465
0.8562308212
0.3176272014
0.9051301132
0.5293610172
0.2947752554
0.3016475085
0.3129920452
0.9720472044
0.7289382906
0.9473388466
0.5121728056
0.6857788663
0.8019337108
0.4388863317
0.295243675
0.4211638853
0.9555251722
0.4049419913
0.3499966631
0.3504155541
0.6159638992
0.6799816329
0.4072905861
0.8188093241
0.2884116516
0.2878016758
0.2924673888
0.3295857178
0.5021583169
0.2875605302
0.5519318666
0.5340277155
0.309841612
0.4794936816
0.6507380884
0.288792274
0.2943206188
0.3235951864
0.4516313885
0.2986539184
0.338768123
0.3584542918
0.704141084
0.5460929367
0.2874715485
0.4232433824
0.4514297966
0.293359784
0.5663725202
0.7360111255
0.4276268957
0.536701064
0.3078780514
0.7550293541
0.2898862325
0.4308971094
0.3010906858
0.2921712638
0.3135516474
0.3368668185
0.2872483492
0.3608263037
0.7404851258
0.5562095235
0.2884538161
0.3097544722
0.4763383902
0.4330265383
0.3259185354
0.3763783861
0.4630377029
0.8414480505
0.6466617317
0.390190487
0.302720101
0.4211638853
0.2896452037
0.4824509284
0.2876346155
0.8259249416
0.4997785053
0.7455716796
0.3488855513
0.5995529919
0.7923070051
0.3153611413
0.316631825
0.7932965932
0.5404961666
0.6532264798
0.3346277115
0.6011482448
0.6296283089
0.2909612248
0.2871710731
0.2918835615
0.9122807727
0.8581241642
0.9011705549
0.8363958527
0.4151784771
0.292640381
0.80716904
0.3003424043
0.3163362478
0.4560852988
0.349162519
0.4153640553
0.3758941024
0.9681231566
0.7360111255
0.2871947299
0.3074624739
0.6493798977
0.5675041969
0.7124656665
0.6926639824
0.565015112
0.5559841712
0.3305262083
0.3917348578
0.9657060286
0.7499984382
1
0.8632366795
0.4102044031
0.6389485424
0.2996796268
0.5634323299
0.4136973074
0.5537319313
0.2909976718
0.5289173724
0.8756840726
0.6111775468
0.6631568717
0.5795247515
0.6462084809
0.3934612107
0.7535651651
0.2980958004
0.6882254392
0.3767018346
0.289674725
0.4222967806
0.9178289638
0.4035052246
0.7823228407
0.3472351378
0.349162519
0.3711104988
0.4420420671
0.8963897226
0.5645627926
0.2873349034
0.3466893564
0.761481615
0.2980346265
0.3442604865
0.9987128402
0.5404961666
0.3686038579
0.4862700689
0.2871751036
0.3971216933
0.750839038
0.3187400364
0.2877431912
0.7497881575
0.2871710731
0.9804067558
0.507371007
0.2894434159
0.3417452751
0.2896452037
0.2880994593
0.3055241252
0.8208800066
0.2872183859
0.3341364651
0.2907109324
0.7183458052
0.2871882463
0.3408313104
0.8225676238
0.287161435
0.3958962824
0.3568427287
0.4460157238
0.888731127
0.8009587457
0.5811152958
0.6173312029
0.8857613667
0.2872781361
0.5831611168
0.5115167357
0.627352581
0.300953139
0.2903347328
0.7259226148
0.5519318666
0.4458162881
0.9638936969
0.8798854791
0.3754108878
0.4684085126
0.9661765145
0.8781152033
0.6243929624
0.5820244372
0.5391556934
0.2872656959
0.3361152831
0.3403121314
0.3869595686
0.6173312029
0.2874312582
