0.9511611865
0.3437951824
0.7018773678
0.860733438
0.7850169743
0.2975109062
0.3157139976
0.3170152805
0.4238175863
0.958729125
0.2860865716
0.5105433742
0.9342660141
0.3946538037
0.8290380639
0.9745114773
0.2956964621
0.3477442223
0.9724631312
0.8151595444
0.6220631538
0.7250465072
0.3193812031
0.7252607512
0.89344335
0.4879230859
1
0.5724208518
0.324354139
0.4939012263
0.4524358176
0.6394901831
0.3859085601
0.4939012263
0.3335044353
0.3874311868
0.6847151556
0.3356157945
0.7327304124
0.3718239756
0.4634358569
0.2989369223
0.2915994146
0.2866932933
0.3048749964
0.5414278862
0.42249066
0.5221510708
0.5175382169
0.4153653305
0.3068395835
0.5672291682
0.4276328059
0.2888772424
0.2863272246
0.3915350347
0.3302364439
0.2930087072
0.3545280519
0.9431161564
0.7679273794
0.7390867806
0.411118304
0.4414526696
0.6875896266
0.3545280519
0.9662298019
0.2968281296
0.3462328846
0.349411508
0.4564858123
0.295125179
0.6671411016
0.7458176929
0.6873687033
0.5508155577
0.3261582323
0.9123713706
0.992228282
0.2871680553
0.2862006294
0.5436587693
0.3084605168
0.7709750192
0.6435536792
0.4919751367
0.3190680138
0.5782987755
0.3356157945
0.3502523659
0.5719690824
0.4157370093
0.7105933275
0.3915350347
0.3886216369
0.850346659
0.2910363666
0.3176246577
0.2872107262
0.3141483496
0.4080119619
0.4889875254
0.4276328059
0.6480627698
0.5230316283
0.6315765359
0.3120607705
0.459542092
0.2912065368
0.324689505
0.4330325295
0.6527898807
0.8961205994
0.3930900841
0.7390867806
0.3028519301
0.4577064177
0.4558764717
0.3313140635
0.3254772385
0.2978918361
0.4536477663
0.917111552
0.8192736416
0.776627957
0.9326933081
0.4546597294
0.2859473776
0.2920521553
0.2876756004
0.4706719656
0.7607653097
0.2998173119
0.4063789035
0.5449986257
0.3640382801
0.6193425157
0.2995434446
0.4504217994
0.2859573209
0.7966108271
0.7207522778
0.3332587577
0.2884428199
0.2883249155
0.2909105346
0.9540560304
0.8956764703
0.6027799802
0.3440638561
0.8052973497
0.2858850986
0.6678115236
0.5505915158
0.3852347261
0.3283498097
0.6141257744
0.8104420306
0.2946802683
0.4020636117
0.3589209773
0.9360594157
0.6809483593
0.875483859
0.7491634238
0.7554000356
0.3404831944
0.3424600436
0.6293129093
0.4177879371
0.4176010231
0.3920524166
0.9935294938
0.3052766207
0.6615458865
0.9580479824
0.826295885
0.8563440096
0.8102524026
0.408193906
0.3838924249
0.8766016908
0.3157139976
0.291335959
0.4338093627
0.4843143318
0.6388124824
0.8211319821
0.3180339815
0.2921447485
0.2957545146
0.8194598066
0.4847380507
0.4548623395
0.6464853367
0.5232518612
0.9012402526
0.5272223179
0.2861901661
0.6200227594
0.4824104167
0.3743791735
0.6707140805
0.2901493886
0.2998173119
0.6516651108
0.616167399
0.2872981507
0.2868333999
0.3067558737
0.3353652605
0.8332094801
0.2863026395
0.2864051593
0.3276519874
0.5844111346
0.2863917348
0.2880697428
0.5492477779
0.2863654083
0.310862918
0.312154015
0.3435270564
0.2869076253
0.5057600218
0.9168438875
0.5418738378
0.9012402526
0.4240075054
0.5742284942
0.286017501
0.2870847969
0.3774527292
0.5850907277
0.6086801949
0.3370038733
0.4913340531
0.2885940869
0.6170746757
0.7883808327
0.360261354
0.2941393054
0.3682046676
0.2858814349
0.6075455576
0.5038095247
0.4301314601
0.2861697622
0.2870442095
0.2889095667
0.3261582323
0.2862906082
0.9818944863
0.5703883528
0.6136720377
0.7864043379
