0.4139315493
0.2867508236
0.3538779831
0.714785467
0.3247945087
0.8971765053
0.3086861921
0.7623589769
0.3167320164
0.546669206
0.2869340336
0.4688636585
0.3044704347
0.3223705723
0.6489448576
0.4602121948
0.6511989649
0.3372182812
0.3292686217
0.7693166076
0.5191604034
0.6577252618
0.2862632759
0.9915848844
0.2877025239
0.4143017114
0.506272429
0.4017566834
0.8836446383
0.9740871657
0.3275212044
0.318665111
0.983802959
0.2874589976
0.3827783598
0.4028287095
0.8575516035
0.7408917575
0.2909579746
0.3292686217
0.5064896014
0.8733120006
0.634254825
0.3010302976
0.3166318158
0.4688636585
0.4130078137
0.808408396
0.498485626
0.7432109371
0.2982577792
0.3421439255
0.4049837224
0.308947189
0.7082666415
0.501722576
0.6568260719
0.381284549
0.3212928794
0.3846166045
0.3228058781
0.9565409912
0.383278343
0.8790808411
0.4701091451
0.5547404888
0.7003978045
0.6004377677
0.3585436724
0.7586488246
0.4102510345
0.9787268
0.2861894102
0.962563372
0.6543516346
0.4559320598
0.5754890485
0.4244370857
0.5538421429
0.9044578867
0.8587389623
0.2880174091
0.3827783598
0.5366287443
0.3171343631
0.6984230958
0.4788911796
0.5829628806
0.4399263134
0.7408917575
0.4496720857
0.5189407546
0.3849522958
0.2873149728
0.2870006765
0.4130078137
0.2978123273
0.3324968501
0.9819537863
0.5167464646
0.3255809542
0.8537934289
0.557662579
0.2867227276
0.8986514727
0.2871794677
0.7326211243
0.3908988241
0.2951445673
0.8187971548
0.4040840322
0.3365852784
0.4997790822
0.4694861103
0.3206535349
0.713918395
0.3047067886
0.9373640781
0.3095617642
0.3859620591
0.4005106434
0.6245084476
0.4309533371
0.6570509002
0.825846251
0.3024092288
0.2935052334
0.8641145611
0.9359333872
0.5308556808
0.286300468
0.3170335449
0.352875147
0.3482348798
0.8030374445
0.6163375395
0.8531058333
0.3527324105
0.5442095734
0.7956623751
0.4929016643
0.2937076158
0.2863362615
0.286592705
0.6040721592
0.2872364978
0.2867508236
0.4108006483
0.3859620591
0.7249227891
0.2875451208
0.2912052686
0.4888434649
0.6238278567
0.3699877738
0.315638323
0.3383665897
0.5406379088
0.3006772937
0.301894302
0.4401233131
0.8032301987
0.3868065982
0.714785467
0.5986207761
0.2871608055
0.3020406037
0.9427122251
0.5213590464
0.7045568979
0.4963338605
0.7467830241
0.2877490589
0.4929016643
0.9248694175
0.3550319413
0.2861825996
0.2866818906
0.6475915551
0.5739054213
0.9362924316
0.3280999995
0.3430732022
0.3541656883
0.2863849731
0.6308569844
0.2865012399
0.6167916647
0.8836446383
0.2865455774
1
0.2861710737
0.9606654426
0.4774199579
0.8172995966
0.42329776
0.2893666473
0.3064020985
0.3184590139
0.5843230263
0.9965512037
0.4738594287
0.762153336
0.3915869851
0.3053442051
0.2914587283
0.9070215942
0.2877725868
0.3487895959
0.4238670193
0.7208361984
0.3775092918
0.824924865
0.6435280903
0.6042993199
0.3262608555
0.2902531463
0.2862234626
0.2919841208
0.292770505
0.4476680355
0.3720418393
0.330451891
0.2935555745
0.2939644098
0.3145634117
0.8417503401
0.2887350537
0.4193357824
0.6622161271
0.2897434458
0.5605882664
0.4935441884
0.3010302976
0.2898498275
0.7482495471
0.7338983124
0.6344812586
0.2954806117
0.5248848276
0.3992696525
0.4892697269
0.77155316
0.3712494041
0.686294785
0.319600127
0.716084834
0.8729881826
0.7802261922
0.3950536444
0.4257703625
0.5145562448
0.6385549839
0.3184590139
0.8484303504
0.9787994434
