0.3019192189
0.8310765996
0.8492584833
0.8783049021
0.766279033
0.6897811814
0.3249780971
0.9689822394
0.3458248314
0.31661074
0.33378496
0.3563955765
0.2908021324
0.3638502262
0.6216830141
0.3656863124
0.5633847604
0.960823521
0.6690897489
0.7822691749
0.3574199716
0.3692552392
0.2934218363
0.2899780106
0.8954525333
0.2872323695
0.5703846066
0.443338373
0.6105503961
0.3289852631
0.9085235338
0.3793575055
0.3017018611
0.9460620753
0.302284769
0.8784643157
0.3053563819
0.2864491948
0.3107188087
0.8918396279
0.3200953795
0.7752313969
0.7541000221
0.3279375405
0.6777968283
0.4163934416
0.9825088306
0.2893657435
0.3363972173
0.433133611
0.8395561696
0.5939607842
0.6607941191
0.9289605266
0.5914625019
0.990410126
0.3027288455
0.420136658
0.3565415304
0.5315992878
0.9922922061
0.2877076542
0.286912908
0.2864250847
0.8830487529
0.2920598385
0.3133050386
0.3003597002
0.6789101304
0.4735004511
0.6010044261
0.608504848
0.4435367614
0.3513695213
0.4483215055
0.8501284698
0.7627898963
0.5916895885
0.4749639153
0.3270162612
0.7898232611
0.28994253
0.5503392667
0.2890497655
0.2866116567
0.9547424721
0.3732075524
0.2924671803
0.3675402511
0.3304007207
0.6690897489
0.2864429053
0.8556480461
0.2886648482
0.7854610494
0.309648418
0.4505292912
0.6293994086
0.6259962531
0.8700586565
0.5120044652
0.8570147711
0.3334169404
0.7786591664
0.3116282538
0.679800259
0.3878730339
0.5519096934
0.2879117076
0.4674707454
0.7442628327
0.429461247
0.4341051324
0.4435367614
0.306989669
0.533596888
0.292935992
0.3594876993
0.5862414692
0.3221196542
0.2936711357
0.4501271955
0.2965147415
0.3158167359
0.5192340832
0.7721923582
0.4722485023
0.2868987649
0.6107776718
0.2975431427
0.6414047453
0.3982587326
0.421833157
0.8471622613
0.2863443628
0.5220941841
0.3757762957
0.3741672699
0.5039546678
0.8582062987
0.383661971
0.4023409099
0.7852620315
0.9408290547
0.7210280038
0.6157771068
0.3907761546
0.3732075524
0.2868306648
0.4574101627
0.3970272504
0.3207286968
0.3252021769
0.2875794396
0.7402537694
0.2884697044
0.4072019007
0.711280326
0.8168227035
0.3102700309
0.5937336391
0.5651895623
0.4985518682
0.2892372787
0.3149353643
0.4707907856
0.4660235152
0.8763850669
0.5566279146
0.7599041612
0.4358591612
0.7021092843
0.3019920004
0.4277325861
0.2868987649
0.4082920294
0.3063285992
0.4362498628
0.2873988567
0.3826617802
0.9657847927
0.3545100089
0.9483783191
0.7968934657
0.4631389085
0.2865922679
0.6937555511
0.2873606411
0.6490860353
0.3054365096
0.4052126374
0.3085147208
0.6981586227
0.492323829
0.5400512327
0.4425456107
0.6661787325
0.9164040283
0.3719346201
0.6891177514
0.7878442906
0.6504395834
0.4814810098
0.2882312841
0.4483215055
0.5857876652
0.3143547952
0.2928883438
0.3760995185
0.286389617
0.4010927287
0.8843002357
0.5566279146
0.2875794396
0.6123685452
0.7921894629
0.3496835547
0.4549719765
0.5681248006
0.4173257507
0.2878192797
0.2864250847
0.3263315202
0.703423542
0.2870962216
0.96441125
0.6908862477
0.3000847384
0.3090346119
0.2863328304
0.8077183722
0.5613558012
0.3655326211
0.4929660838
0.7836676067
0.3906045065
0.7229672272
0.286385249
0.5236369312
0.2887221624
0.343801472
0.2878651462
0.368317956
0.8308943346
0.3234263053
0.6368784149
0.3663023163
0.5525830969
0.2887801691
0.3019192189
0.4475209556
0.8105810579
1
0.508951344
0.6037317459
0.3058395779
