0.6651749866
0.3615507772
0.32217541
0.3006273297
0.7963015061
0.6295393673
0.6496648033
0.4277112214
0.2961907276
0.7728218462
0.9444724868
0.3916132231
0.7508079145
0.337495085
0.5238170858
0.2888144536
0.5058721154
0.9865981083
0.5923029073
0.4551508596
0.3373679099
0.6975912556
0.2938808736
0.2883534026
0.8651708207
0.5037037189
0.304100137
0.4584047415
0.3527560451
0.3310711764
0.3408509895
0.3412442903
0.2879121194
0.6399548395
0.3149732132
0.438775412
0.4647602335
0.775854857
0.312211645
0.9260862794
0.8453371825
0.2866365195
0.4139592844
0.5442460377
0.6819059866
0.467651848
0.4491001638
0.7512252127
0.2894194307
0.4596296365
0.9140420942
0.5879910621
0.57575391
0.357241991
0.5782440698
0.2981496496
0.3947314998
0.4212456498
0.771807838
0.3848101762
0.475145887
0.3161543153
0.2957850984
0.3573887769
1
0.7615870998
0.2938295113
0.5599503169
0.7011023629
0.4610618654
0.300557384
0.5888986091
0.7518507604
0.4197394992
0.6156975715
0.2861907723
0.6633819143
0.3796610651
0.3297622699
0.4079068717
0.5888986091
0.5631042178
0.8938088134
0.6471836798
0.4878114522
0.5148095726
0.3151685097
0.2935752439
0.9691908699
0.2870893395
0.8050158221
0.3506307138
0.7919916459
0.2874154865
0.7065696041
0.2959001518
0.9488842131
0.649890256
0.2875643875
0.3333733807
0.4102785231
0.7485089916
0.8201586333
0.5814154519
0.6852332239
0.337495085
0.2862714551
0.2970266665
0.3183775266
0.4237055645
0.5078276171
0.3679788401
0.4019620306
0.2957278241
0.9244155256
0.5326653453
0.3251524474
0.9036570521
0.5397823093
0.8377076018
0.2873949102
0.6920871555
0.654845585
0.5491688239
0.300141179
0.2864401287
0.774441142
0.3461971044
0.2877449834
0.2934747248
0.5945731957
0.2868585126
0.2956137804
0.4154423109
0.3376224013
0.4288628278
0.3112900117
0.4559626091
0.3234850269
0.319831018
0.5728130535
0.3155609688
0.3287044981
0.2862470067
0.2878877223
0.7679410865
0.3706424556
0.9373082124
0.3520442931
0.3188931869
0.2884364746
0.9851362759
0.6564203343
0.4248460413
0.3730217103
0.3283545482
0.8725602644
0.5655848846
0.8063589045
0.3949057541
0.4102785231
0.9444724868
0.7028544247
0.286499313
0.3429630129
0.6885535011
0.2973331748
0.4551508596
0.9396623019
0.547153418
0.5196346346
0.7398851532
0.2866747445
0.6787945252
0.7896274044
0.5807356853
0.5576999448
0.9553922122
0.3562181061
0.2862662162
0.5326653453
0.4916509803
0.8840158448
0.3584198819
0.4699328876
0.2863065548
0.6250040119
0.4079068717
0.2874154865
0.3011928327
0.7430501389
0.2883809201
0.8491836519
0.4931488273
0.3102944747
0.9411705342
0.3799899516
0.3888708537
0.7951292699
0.286459159
0.9070823684
0.2871432417
0.4311754005
0.3168536005
0.2862882194
0.4077251255
0.3107446154
0.7622044035
0.2874571608
0.9708883222
0.4547454191
0.3127721875
0.2869532594
0.3929948281
0.6336179074
0.8614952567
0.5384454634
0.2862515472
0.3861566165
0.8656688525
0.2862714551
0.6324853239
0.3461971044
0.8732086398
0.6575445505
0.401070916
0.2862269234
0.2863631301
0.6832376994
0.9956100498
0.2879366901
0.8523015962
0.4466988
0.2879863519
0.3352276273
0.2861939159
0.8998850358
0.5322216214
0.4413365694
0.683903149
0.7964966453
0.3146814361
0.3422991989
0.4785025892
0.8330240663
0.3880196132
0.6736707775
0.2861902484
0.3712742793
0.335103009
0.6698745241
0.3858193354
0.3441665551
0.4039314599
0.4974424425
0.5918489171
