-7.1535e+00,-3.9078e+00
-8.6632e+00,-1.8154e+00
 7.9593e+00, 1.6182e+00
 2.4443e+00,-8.2973e+00
-5.1643e+00, 3.4676e+00
 4.6670e+00, 2.8538e+00
-6.1087e+00,-1.3453e+01
 3.5664e+00,-1.5277e+01
-2.3228e+00,-1.3708e+01
 1.4268e+01,-1.0057e+01
-1.2970e+01,-9.4264e+00
 1.5531e+01,-7.0644e-01
-8.0608e+00, 6.9436e+00
 6.8537e+00, 5.2846e+00
-4.1992e+00,-1.5182e+01
-8.8108e+00, 1.0621e+00
 1.0257e+00,-1.6249e+01
 1.2282e+01, 1.5932e+00
 2.1033e+00, 5.8092e-02
-3.6517e+00, 1.5407e+01
 9.5548e+00, 6.7057e+00
 1.5710e+01,-3.8337e+00
 2.3454e+00, 8.6145e+00
-1.1687e+01,-4.7338e+00
 8.4479e+00,-1.1590e+01
-1.5233e+01,-9.8386e-02
-8.5671e+00, 2.8279e+00
-1.5484e+00, 1.6212e+01
 2.4329e+00, 1.0532e+01
 1.0066e+01,-3.2685e+00
-9.8456e+00, 4.6291e+00
-3.6255e+00, 6.1229e-01
 8.0941e-01,-1.1208e+01
 3.9564e+00,-3.9774e+00
 6.2768e+00, 3.5265e+00
 1.4244e+01,-6.6373e+00
-8.7345e+00,-1.0839e+01
-1.6493e+00, 9.9109e-01
-2.7186e+00,-1.7110e+01
 1.2196e+01, 9.9010e+00
-8.8864e+00,-8.9993e+00
-3.2926e+00,-4.1414e+00
 1.1080e+01,-9.8134e+00
-2.7901e+00, 6.3270e+00
 7.3011e+00,-3.1011e-01
-4.6568e-01, 1.3278e+01
-8.1720e+00,-7.0805e+00
 2.8677e+00, 1.9550e+00
-6.8456e+00,-8.8822e+00
-1.1320e+01,-1.8373e+00
-1.7756e+00, 1.1914e+01
-1.2822e+01,-3.6157e+00
-1.6280e+00, 7.9464e+00
-5.6202e+00, 6.4898e+00
 3.5073e+00, 7.1506e+00
-1.5514e+01, 4.2210e+00
-1.9025e+00, 1.3992e+01
 6.7623e+00, 8.8662e+00
-6.7366e+00, 2.8503e+00
-1.0516e+01, 2.3269e+00
 1.2966e+00,-1.2845e+01
 1.0783e+01, 7.8689e+00
-1.2055e+01, 4.6099e+00
 7.3957e+00, 1.5158e+01
 2.7478e+00, 1.7083e+01
 2.8793e+00,-1.2691e+01
-1.3693e+01,-7.2151e+00
 1.0131e+01,-1.0994e+01
 8.9839e-01, 1.4298e+01
-5.3158e+00, 1.2927e+01
 1.1272e+00, 9.7377e+00
 2.2655e+00,-4.1984e+00
-3.1951e+00,-1.0468e+01
 1.1513e+01, 1.2918e+01
 5.3324e+00,-1.3257e+01
-4.3340e+00,-6.7972e+00
 1.2593e+01,-1.1178e+00
 1.7297e+01,-2.5313e+00
-9.0846e-01,-8.5653e+00
 7.5850e+00, 1.0373e+01
 1.1539e+01, 5.6761e+00
-1.1817e+01,-1.1923e+01
-1.0648e+00,-1.1526e+01
 1.4548e+01, 3.6809e+00
-1.0142e+01,-2.9336e+00
 9.2044e+00,-1.7157e+00
 4.7522e+00,-3.9460e-01
 4.8881e+00, 8.9462e+00
-1.5987e+00, 1.0233e+01
-4.5774e+00,-3.0267e+00
-1.7295e+01, 1.8470e+00
-1.9805e+00,-1.4277e+00
 1.2061e+01,-7.2403e+00
 4.9016e+00,-9.0802e+00
 5.6737e-01, 1.5821e+01
 1.5361e+01, 6.6631e+00
-1.2516e+01, 8.2084e-01
 5.9192e+00, 1.4079e+01
-9.6557e+00, 1.1575e+01
-1.6924e+01, 2.5432e-02
 1.4192e+01, 1.4418e+00
 2.9662e+00, 1.2668e+01
 8.9746e+00,-1.4687e+01
 1.2413e+00, 2.5896e+00
-1.5777e+01,-3.6605e+00
-1.0586e+01, 1.3828e+01
-1.1999e+01, 2.8679e+00
 5.9883e+00,-1.5162e+01
-4.2937e+00, 5.2731e+00
-1.1357e+01, 1.0408e+01
-3.9254e-01,-1.7347e+01
 1.2598e+01,-1.0010e+01
-1.3784e+01, 4.7527e+00
 7.4485e+00,-7.3518e+00
-1.7309e+00,-6.2285e+00
 4.0229e+00,-6.7370e+00
 5.1048e-01, 4.6915e+00
-4.5991e+00,-1.6659e+01
 1.7029e+00,-9.8781e+00
 5.2943e+00, 1.1125e+01
 1.5679e+01, 1.0848e+00
-3.5751e+00, 8.6095e+00
-9.8842e+00,-1.4198e+01
 1.0691e+01,-1.3005e+01
-4.4008e+00,-8.7411e+00
-1.0992e+01,-9.0756e+00
-5.7795e+00,-1.0608e+01
-5.5697e+00, 1.5106e+01
-3.5603e+00, 1.1658e+01
 7.8721e+00, 6.9912e+00
-3.8137e+00,-1.1913e+01
 8.4400e+00,-3.2529e+00
 1.2632e+01,-1.1837e+01
 1.3523e+01,-4.0777e+00
-3.8495e+00, 1.6981e+01
 1.2466e+01, 8.1263e+00
 8.7291e+00,-9.4188e+00
-6.7613e+00, 8.4268e+00
-9.3810e+00, 9.1613e+00
-6.1682e+00, 1.0665e+00
-2.3009e+00, 3.8357e+00
 1.0015e+01, 3.1134e+00
-2.7241e-01, 6.5214e+00
-1.4011e+01,-5.4848e+00
-5.3041e+00,-3.1165e-01
 1.1988e+01,-5.6318e+00
-1.1900e+00,-1.5215e+01
-1.4619e+01,-9.1939e+00
-8.6966e+00,-3.4234e+00
-1.6087e+01,-6.4544e+00
 1.6734e+00,-1.4730e+01
-1.0088e+01,-5.2185e+00
 1.3802e+01,-2.5181e+00
-7.4969e+00, 3.0788e-01
 1.7160e+01, 2.1407e+00
 5.3957e+00, 1.1401e+00
 1.5819e+01, 4.8886e+00
 6.9527e+00,-1.1419e+01
 8.2616e+00, 8.4768e+00
 1.1061e+01, 1.0915e+01
 1.0674e+01,-8.3219e+00
 1.1993e+00,-2.7150e+00
 8.3203e+00, 1.3975e+01
-9.1573e+00,-1.2325e+01
 8.5050e+00, 3.6855e+00
-9.0954e+00, 1.4429e+01
-1.0649e+01, 7.2224e+00
 2.2416e+00, 1.5255e+01
 6.2993e+00,-3.2317e+00
 1.5004e+01,-8.2969e+00
-6.4071e+00, 1.0471e+01
-5.8333e+00,-6.0435e+00
-1.3569e+01, 7.9125e+00
 1.4873e+01, 8.2161e+00
 8.5123e+00,-1.3157e+01
 2.4111e+00,-5.9014e+00
-1.2729e+01, 1.1346e+01
-6.5406e-01,-2.8404e+00
-8.1296e-01,-1.3440e+01
 2.6038e-01, 1.1309e+00
 4.7852e-01,-7.5302e+00
-7.0575e-01, 3.5201e+00
 7.2068e+00,-9.5628e+00
 1.7378e+01,-4.4393e-01
-1.5616e+01, 1.5191e+00
-7.6997e+00,-1.4457e+01
-3.1239e-01,-2.9479e-01
 4.4386e+00, 1.5064e+01
-7.4175e+00, 4.6210e+00
-4.0859e+00,-1.4982e+00
 6.7729e+00, 1.2034e+01
-1.0492e+01,-1.1055e+01
-4.3550e-01,-4.5286e+00
-7.4232e+00, 1.3332e+01
 7.4966e+00,-5.0437e+00
 4.5016e+00,-1.1577e+01
 6.2395e+00, 6.6741e+00
-4.7724e+00, 1.0229e+01
-2.8992e+00,-7.3706e+00
-1.5104e+01, 5.8410e+00
 2.6384e+00,-1.6376e+00
-1.3890e+01, 2.9893e+00
 1.3468e+01, 4.8896e+00
-1.5152e+01,-7.6591e+00
-9.9192e+00,-7.0551e+00
 1.6871e+00, 5.8942e+00
 2.4326e+00, 4.4040e+00
-1.2648e+01, 6.6775e+00
-3.5504e+00, 2.9812e+00
 1.1566e+01,-3.4152e+00
 1.0243e+00,-5.2378e+00
 9.1494e-01, 1.2463e+01
 5.7930e+00,-6.2813e+00
 8.8470e+00, 1.1209e+01
 1.5741e+01,-2.3182e+00
 1.0418e+01,-5.5973e+00
-1.4053e+01,-1.6123e+00
-6.1059e+00,-1.8352e+00
 1.2222e+01, 3.5095e+00
-5.7839e+00,-1.5307e+01
 1.3791e+01, 7.1628e+00
 9.9774e+00, 4.7920e+00
-7.6138e+00,-5.4490e+00
-1.0627e+01,-3.5320e-01
 4.2652e+00, 4.6383e+00
 1.3362e+01, 1.0858e+01
 4.6167e+00,-1.9814e+00
 5.9776e+00, 1.6228e+01
-4.0454e+00, 1.3903e+01
 4.0702e+00,-1.6814e+01
 2.3317e+00,-1.1255e+01
 1.0891e+01, 4.5115e-01
-1.1557e+01, 1.2591e+01
 9.3211e+00, 2.6851e-01
 1.1901e+00, 1.7266e+01
-5.7376e+00,-7.6533e+00
-7.9812e+00, 1.5509e+01
-7.2019e+00,-1.2046e+01
 7.5530e+00,-1.8269e+00
 1.6178e+01,-6.3880e+00
-1.3887e+01, 9.4259e+00
 6.0741e+00,-8.1226e+00
 4.4179e+00, 1.6749e+01
 9.9279e+00, 1.3696e+01
 9.7548e+00, 9.0217e+00
 2.4959e+00,-1.7019e+01
-1.7043e+01,-2.5471e+00
 1.1120e+01,-1.6845e+00
 1.4585e+01,-5.1655e+00
-1.5231e+01, 8.0861e+00
 5.7220e+00,-1.0351e+01
 1.4207e+01, 9.5882e+00
-2.8281e+00,-2.6985e+00
-1.2112e+01,-7.4614e+00
-1.1413e+01, 8.5416e+00
 9.1854e+00,-6.5960e+00
