0.5943461431
0.5559011747
0.2873745076
0.933457085
0.6914252368
0.52514069
0.3856508624
0.5723608251
0.6302193555
0.4810302306
0.2882988872
0.6261381726
0.3146814361
0.5050041975
0.286412892
0.9156766304
0.5728130535
0.2972715385
0.4726387204
0.3068368007
0.3978842633
0.4311754005
0.4176781693
0.3549110184
0.5304480631
0.3117488562
0.8872701179
0.3811446771
0.295557011
0.7816797094
0.7495547476
0.3310711764
0.4637306947
0.4415341442
0.437990119
0.7996097465
0.9245446396
0.7286143573
0.4577932468
0.6177412491
0.5570252435
0.3102944747
0.3672021355
0.4837780493
0.4682731667
0.2861928681
0.5487207766
0.3281219836
0.3504900863
0.2864041621
0.7178630788
0.3757506465
0.3727029176
0.2890932503
0.2987314091
0.7130984441
0.3189967787
0.3159559128
0.3140060815
0.5304480631
0.2875863541
0.9845714754
0.3420346405
0.2864308753
0.75497125
0.3926487801
0.5723608251
0.3154626209
0.5060892104
0.2897981505
0.7951292699
0.8616632151
0.4662044109
0.5507377783
0.3077621355
0.3130545805
0.2868738683
0.3119334988
0.8266373948
0.3468807593
0.9684997258
0.6593422185
0.7716048573
0.3114730757
0.3026526482
0.7615870998
0.8223901652
0.3056872823
0.2876759575
0.6812397278
0.6867835692
0.9665633404
0.2869051022
1
0.7163492446
0.5207339339
0.4974424425
0.7148333606
0.7396737547
0.2940359773
0.2862515472
0.2869862348
0.9006153451
0.4427212665
0.8126443215
0.889111816
0.6009323037
0.391096905
0.4445072883
0.3762357685
0.2955004101
0.3289385325
0.2862714551
0.2899410355
0.364890501
0.3063402778
0.9000312846
0.2938295113
0.8078896773
0.2892868874
0.3839722975
0.3475677991
0.4759835966
0.3285877012
0.4409416596
0.4453031142
0.4447061277
0.9576041626
0.3980604161
0.564682569
0.4044707055
0.4880242956
0.5520835531
0.7139662305
0.3723846031
0.4229470408
0.4385789664
0.3364816471
0.8553930134
0.811696935
0.4931488273
0.5898062737
0.2888447398
0.3059309441
0.6636061292
0.7286143573
0.3991195232
0.2862824567
0.780679136
0.2991267345
0.7514337819
0.3010504679
0.2887843404
0.490369188
0.4655850764
0.2863554473
0.6756774599
0.2877918688
0.8894174951
0.2862201125
0.5766592458
0.6916459096
0.8407414156
0.2869862348
0.3073391187
0.748299683
0.7497637409
0.4631137847
0.286459159
0.2919589594
0.3738207791
0.3686024078
0.653269875
0.2863406052
0.3615507772
0.5805091182
0.3426970732
0.2899410355
0.3315515082
0.5442460377
0.9512396552
0.9137683173
0.8190388967
0.9108703869
0.948015165
0.3103841857
0.5982066375
0.3025037133
0.980715044
0.3241479533
0.4057324672
0.8854153956
0.290348166
0.3031790753
0.4631137847
0.561301519
0.649213845
0.9822891099
0.7182952229
0.6503411084
0.4720133418
0.5453637229
0.309848302
0.4173045894
0.5404511336
0.5628788135
0.4497022157
0.7599384767
0.3661199128
0.8733705161
0.3765597704
0.4321426206
0.9868354734
0.8486614335
0.2897277413
0.2903862096
0.3259420742
0.3394196193
0.5766592458
0.5126229614
0.8479640093
0.3728622543
0.3883597789
0.3497889475
0.9533369743
0.678349568
0.3014076149
0.5667131763
0.6218273591
0.3747835835
0.3419025689
0.5839087277
0.2890932503
0.3223921724
0.2862038707
0.2869209805
0.8190388967
0.4608570526
0.2884086107
0.2949436715
0.2872751031
0.8375284369
0.2861951385
0.3085336645
0.8656688525
0.6181953488
0.2873745076
0.9531291331
0.2866241265
0.7818796368
0.6570949253
0.3369872332
0.2861902484
0.7275442507
0.3982366733
0.2864041621
