0.3584482225
0.3562432068
0.4157042406
0.2873428905
0.6888601903
0.2951582841
0.424734593
0.5179359642
0.2982552481
0.8304281196
0.6941473645
0.9041856897
0.3004194916
0.3114800536
0.7146548985
0.3182144796
0.3046914614
0.3960197783
0.8227333216
0.2862445044
0.7133562041
0.289605346
0.858309262
0.3227814455
0.5732793716
0.6437285434
0.6043208575
0.3311676427
0.8742928089
0.3891028051
0.572827524
0.2930849971
0.5135578678
0.6401173002
0.4887360028
0.7035700002
0.2871034473
0.2894273766
0.3050111177
0.4957924304
0.9943403607
0.8298829155
0.6450817515
0.2930849971
0.8411861744
0.8134022795
0.2872755055
0.5775745873
0.5653808005
0.4050823726
0.2864523127
0.465252168
0.3424330505
0.3565355362
0.3342185623
0.5349326763
0.3653882851
0.7254177676
0.5298339181
0.3029038289
0.2867219278
0.4821611502
0.976557447
0.7247750862
0.5192525365
0.7757621508
0.3190428645
0.4004288528
0.3298538521
0.912847148
0.8434798608
0.2893922988
0.3053333621
0.5807422977
0.9674650831
0.3012024938
0.9365783124
0.9813525759
0.6011441348
0.733097733
0.5349326763
0.333847711
0.6349198859
0.3368504237
0.6592518376
0.4203812876
0.3649276032
0.966943427
0.4056237029
0.3292624968
0.4234046403
0.4302903495
0.5626774261
0.3020793431
0.9113372879
0.2962611837
0.3770974825
0.5898034384
0.3591896342
0.4203812876
0.6563341504
0.2921682697
0.2914439448
0.3250005934
0.3066481524
0.5083263765
0.4615519686
0.6837757414
0.4840643999
0.8216232801
0.3119430936
0.288158709
0.4904413589
0.4268332975
0.703133236
0.6265458799
0.3462055942
0.4254965223
0.4511909509
0.3059856015
0.9351516193
0.2874823432
0.5115931471
0.2858589015
0.2889519553
0.8725209424
0.4253059071
0.4270246168
0.6728908113
0.291487936
0.9530594118
0.404902129
0.2967436698
0.5449556684
0.7678668506
0.2861573201
0.2923561652
0.928676319
0.3780753642
0.8149074683
0.551892623
0.2863825846
0.4781586515
0.5480854758
0.2861084926
0.4802625826
0.3077467183
0.3214787645
0.325904951
0.2912265501
0.4087081103
0.3934058196
0.3455240862
0.6959054096
0.5750873106
0.3363442908
0.3498037636
0.6355981955
1
0.6601488632
0.87748723
0.3076612519
0.3874006491
0.3314084
0.8408321094
0.3949713325
0.3683316617
0.3255647032
0.4660773903
0.295673155
0.8547440985
0.9461525724
0.4437941132
0.747224194
0.4457829267
0.343902342
0.73160914
0.3777489389
0.6297160774
0.3057398019
0.8566161358
0.5798370132
0.3260186635
0.5554820702
0.526297497
0.8090493726
0.7343718128
0.9058906941
0.351070335
0.2861780708
0.7723317998
0.5318270116
0.4599145357
0.581195004
0.4007843737
0.3681756453
0.7971313721
0.2863428367
0.44898103
0.2995880478
0.2928378071
0.8036998697
0.2887903467
0.8184637316
0.2859750733
0.3650810401
0.4341640584
0.3363442908
0.9440505463
0.2905596089
0.390987804
0.4056237029
0.542946412
0.3120361736
0.9443849294
0.8232873399
0.3208355741
0.3014194919
0.28654173
0.7863423527
0.3953203918
0.6511637424
0.2862800729
0.4300975568
0.6281312082
0.5825533699
0.2868290856
0.4883102058
0.7553404942
0.925396804
0.721770595
0.4322229726
0.2862680425
0.286147206
0.3252257914
0.8459349045
0.7288384987
0.7292652637
0.2862105037
0.5647047142
0.3357148112
0.2865887876
0.4691813545
0.3367236783
0.3424330505
0.4020319206
0.2882442787
0.4912953256
0.9877459907
0.7037883258
0.8991352277
0.286885011
0.5199113526
0.877646027
0.2867747245
0.4312555965
