-1.1315e+01,-8.6077e+00
-1.4323e+01, 2.5669e-01
 9.1884e+00, 9.4512e+00
 1.5189e+01,-7.8608e+00
 7.7965e+00,-3.7432e+00
 1.6174e+01,-2.9452e+00
-1.0749e+01, 7.2418e+00
 1.0910e+01,-3.0919e+00
 9.2386e+00, 1.3482e+01
 5.4188e+00, 3.1973e+00
 8.5382e+00, 1.1934e+00
 2.3321e+00,-3.9181e+00
-1.5721e+01,-3.4494e+00
-1.4500e+01, 5.9429e+00
-8.0840e+00, 1.6116e+00
 1.3260e+01, 8.0043e+00
-1.1068e+01, 1.1537e+01
 1.0010e+01,-8.9627e+00
 4.6311e+00,-4.3060e+00
 1.7366e+01,-4.3927e-01
 2.2350e+00, 8.0672e+00
-5.3862e+00,-1.5865e+01
-5.6352e+00,-4.3798e-02
-1.1129e+00,-1.5131e+01
 6.8414e+00, 8.0433e+00
 3.7885e+00, 8.6830e+00
-9.0694e+00,-4.0367e+00
-6.5298e+00, 1.3599e+01
 5.2354e+00, 1.1711e+00
-1.2728e+01,-4.6849e+00
 1.0058e+01, 3.1168e+00
-1.0453e+01,-1.2738e+01
 6.8581e-01, 1.1488e+01
 2.3214e+00,-9.0536e+00
-1.1669e+00,-1.1663e+01
-3.4740e+00,-7.5748e+00
 8.0698e-01,-1.7050e+01
-1.0595e+01, 1.3203e+01
-4.7513e+00, 1.5286e+01
 5.0993e+00,-1.0450e+01
-4.1572e-02, 1.2934e+00
 3.6738e+00, 5.1470e+00
 7.5819e+00,-5.4225e+00
 3.2829e+00, 1.6339e+01
 1.4199e+00,-5.7536e+00
-5.9727e-01, 6.6092e+00
-9.2994e+00, 1.4467e+01
-2.9065e+00, 1.0075e+01
 8.0783e+00, 6.9749e+00
 1.1953e+01,-5.7913e+00
 6.9241e-01, 1.7376e+01
-3.5187e+00, 1.1781e+01
 9.2830e+00,-1.1322e+01
 1.1513e+01,-8.4958e+00
 1.3386e+01,-6.5567e+00
-1.0181e+01, 4.3867e+00
 3.5665e+00,-1.3591e+01
-6.5871e+00,-4.5391e+00
 1.1079e+01,-1.3812e+00
 7.4831e+00, 1.4273e+01
 1.2500e+01,-1.1795e+01
 5.1367e-01,-1.1822e+01
-2.2011e+00, 6.7299e-01
 5.9354e+00, 5.6150e+00
-1.1160e+01,-1.6411e+00
 7.1490e+00,-1.0989e+00
-5.8172e+00,-1.4145e+01
-1.3126e+01, 2.6278e+00
 1.4594e+01, 3.8683e+00
-4.1588e+00,-1.2933e+00
-4.1334e+00, 4.3717e+00
-1.3438e+01, 1.0268e+01
 7.9188e+00,-1.3722e+01
-1.8956e+00,-1.0079e+01
 2.5905e+00,-7.3916e-01
 5.7988e+00,-1.4935e+01
 7.5824e-01, 3.7777e+00
 1.6806e+00, 1.3256e+00
-4.1342e+00,-9.0418e+00
 4.4798e+00, 6.6773e+00
-6.4697e+00, 9.0591e+00
-1.4321e+01, 4.2417e+00
-5.1775e+00,-7.8717e+00
-7.0187e+00,-1.2978e+01
 5.1807e+00,-7.4461e+00
 1.2803e+01,-2.3439e+00
 7.4628e+00,-1.1936e+01
 1.8727e-01,-2.6200e+00
-4.1199e+00,-1.2532e+01
-8.2916e+00, 1.2657e+01
-8.4459e+00, 9.8919e+00
 1.1108e+01, 6.5518e+00
 1.0660e+01, 1.3661e-01
-1.3963e+01,-7.7879e+00
-3.5011e-01,-4.3382e+00
 1.5081e+01,-6.3193e+00
 1.5340e+00,-1.3696e+01
-9.2230e-02,-1.0117e+01
-1.2384e+01, 7.1546e+00
 1.2778e+01, 2.6716e+00
-3.3835e+00, 8.6184e+00
-1.6306e+01, 3.2637e+00
 1.3512e+01, 9.9274e+00
 4.9571e+00, 1.4468e+01
-1.5756e+01,-1.4150e+00
-7.7972e+00,-8.3294e+00
-4.8695e+00,-1.1162e+01
-1.5982e-01, 8.8407e+00
 1.1039e+01, 4.5841e+00
-2.7652e+00, 5.8432e+00
 1.5643e+01,-8.2343e-01
 1.6230e+01,-5.0790e+00
-1.1002e+01,-4.0719e+00
 6.5667e+00, 1.1202e+01
 3.6668e+00,-7.5180e+00
 8.7841e+00, 4.1282e+00
 1.4111e+01,-3.7478e+00
-9.4695e+00,-8.6577e+00
 2.3123e+00, 1.2337e+01
-1.3823e+01, 7.8675e+00
-8.9107e-01, 3.7801e+00
 1.3900e+01,-9.9047e+00
 2.1359e+00,-1.1153e+01
 4.4763e+00,-1.6913e+01
-1.5546e+01,-6.5204e+00
-2.9574e+00,-4.3578e+00
 1.0271e+01, 7.9638e+00
 8.2147e+00,-9.8539e+00
 8.8775e+00,-9.8690e-01
-7.2294e+00, 1.5121e+01
-2.3242e+00,-2.1246e+00
 5.3777e+00, 1.2277e+01
-1.6283e+01, 1.0138e+00
 3.0265e+00, 1.0587e+01
-7.0534e+00,-1.9235e+00
-1.4667e+01,-9.1814e+00
 1.5028e+01, 7.2537e+00
-3.4484e+00, 2.0478e+00
-2.5544e+00, 1.3705e+01
 5.9515e+00,-2.6214e+00
 7.5381e+00,-7.6702e+00
-8.1829e+00,-1.5146e+01
-6.5729e+00,-9.9185e+00
-9.9269e-01, 1.0910e+01
-1.7314e+01,-1.3029e+00
 9.0749e+00,-7.7224e+00
 1.0159e+01, 1.2230e+01
 7.0297e-01,-1.5201e+01
-1.3886e+01,-5.9519e+00
-1.2060e+01,-1.1443e+01
-2.2019e+00,-1.2948e+01
 4.9222e+00,-1.2521e+01
-9.5696e+00,-1.0931e+01
-1.2000e+00,-8.3701e+00
-8.2678e+00,-6.2514e+00
 1.1921e+01, 9.0081e+00
 1.4496e+01, 1.1576e+00
-6.7260e+00, 6.7811e+00
 3.9357e-01,-2.0062e-01
-9.0837e+00,-3.0665e-01
-4.1839e+00,-3.0456e+00
-9.1534e-01, 1.5877e+01
-1.1873e+01,-6.6033e+00
 1.3851e+01, 5.9193e+00
-5.2247e+00, 3.0350e+00
 1.1878e+00, 1.3547e+01
-1.3948e+01,-1.5212e+00
 2.1708e+00, 1.5122e+01
-9.3040e+00, 7.9518e+00
 1.6331e+01, 1.8627e+00
 5.6247e+00,-1.1544e+00
 2.5467e+00,-2.2790e+00
-1.1655e+01, 4.7745e+00
-6.1576e+00, 4.7039e+00
-6.0322e+00, 1.1084e+01
-1.4533e+01, 1.7948e+00
 2.6817e-01,-7.8759e+00
-1.0460e+01, 9.1606e+00
-9.3545e+00,-1.9160e+00
-3.2829e+00,-1.5452e+01
 9.5411e-01, 5.7146e+00
 3.7479e+00,-9.5827e+00
-1.1982e+01, 9.3592e+00
-1.0458e+01, 2.4606e+00
 9.4332e+00,-6.0019e+00
-6.4451e+00, 1.5265e+00
 5.5432e+00,-5.5967e+00
 4.1086e+00,-1.9951e+00
 8.5805e+00, 1.1772e+01
 1.6389e+01, 5.9226e+00
-4.2736e+00,-5.7856e+00
-1.1091e+01, 3.8026e-01
 6.6966e+00,-1.0244e+01
 9.4375e+00,-4.2004e+00
 1.2642e+01,-4.3836e+00
-4.1037e+00, 1.3546e+01
-2.7576e+00,-6.1562e+00
 1.6906e+01, 3.9707e+00
 1.2516e+01,-1.3138e-01
-3.0978e+00, 1.5972e+01
 1.0999e+01,-1.2341e+01
-5.0606e+00,-4.3026e+00
 1.2160e+01, 1.1912e+01
-4.8767e-01,-6.3334e+00
 1.0597e+01,-1.3797e+01
 1.4115e+01,-1.1157e+00
-1.0448e+01,-7.1872e+00
-1.4209e+01,-4.1793e+00
-2.1760e+00, 2.8520e+00
 5.2363e+00, 1.6028e+01
-1.0009e+00, 1.3637e+01
-6.4084e+00,-1.1534e+01
 5.8231e+00, 9.3779e+00
-8.8637e+00,-1.2772e+01
 2.3325e+00, 2.7473e+00
 2.9255e+00,-5.5638e+00
 1.1374e+01,-1.0213e+01
 2.6042e+00,-1.5788e+01
-1.3551e+01,-1.0581e+01
 6.8181e+00, 1.9377e+00
 3.7555e+00, 1.3062e+01
 7.6201e+00, 5.3911e+00
-1.3900e+00,-1.7187e+01
-1.2790e+01, 6.8916e-01
 1.8769e+00, 9.5351e+00
-8.3503e+00, 6.1307e+00
-1.5716e+01, 7.0557e+00
-2.7808e+00,-1.1390e+01
-7.5323e+00,-4.3832e-01
 3.7590e+00, 1.7317e+00
-4.3769e+00, 6.9358e+00
-1.2526e+01,-2.3742e+00
-1.7545e+00, 1.7344e+01
 1.1073e+01, 1.3513e+01
 1.1154e+01, 1.0433e+01
-5.4395e+00,-2.1724e+00
-1.5322e+00, 7.9585e+00
 7.1431e+00, 3.7710e+00
-1.4906e+01, 8.9483e+00
-4.5392e+00, 9.6649e+00
-4.2782e+00,-1.4149e+01
-1.6574e+01, 4.8231e+00
 7.3059e+00, 9.8154e+00
-9.5349e+00, 1.1460e+01
 6.3945e+00,-1.3153e+01
 1.2739e+01, 4.2004e+00
-1.6164e+01,-5.0922e+00
 4.7091e+00, 1.0899e+01
-9.7675e-01,-1.2700e+00
-7.6883e+00, 3.4872e+00
 2.2514e+00, 4.2916e+00
-6.1381e+00, 1.6153e+01
 9.8358e+00, 5.7249e+00
 3.9111e+00, 3.6195e+00
 7.3856e+00,-1.5475e+01
 1.0645e+01,-7.0675e+00
