-1.2562e+01,-3.8266e+00
 1.1824e+01,-1.0059e+01
-5.1334e+00,-2.8892e+00
 1.7701e+00,-3.3800e-01
-1.0787e+01, 7.1044e-01
 7.8755e-01, 6.4149e+00
 1.5616e+01,-2.0725e+00
-6.9479e+00,-1.4139e+01
-9.2479e+00, 5.9657e+00
-8.9425e+00,-6.1060e+00
-3.5045e+00, 4.8143e+00
-5.5709e+00,-5.8176e+00
 1.0571e+01, 8.6858e+00
-2.4829e+00,-1.0481e+01
 1.8697e+00,-5.3914e+00
 2.4358e+00,-1.1125e+01
-1.3908e+01, 5.4704e+00
-4.3186e+00, 7.1555e+00
 3.1950e+00, 7.6610e+00
-6.8827e+00,-1.9886e+00
 2.0910e+00, 3.9516e+00
-1.4860e+01, 3.6973e+00
 1.5662e+01,-6.8956e+00
-1.1751e+01, 1.0231e+01
-8.2326e+00,-1.0658e+01
-6.9184e+00,-8.2530e+00
-3.3328e+00,-1.3726e+01
 6.5457e+00, 9.0584e+00
-5.4882e+00,-1.4959e+01
-1.3767e+01, 8.6341e+00
-1.5040e+01,-7.6903e+00
 3.3007e+00,-5.3112e-01
-1.5894e+00,-8.5493e+00
-6.5969e+00, 6.4690e+00
 1.4177e+01,-2.7352e+00
-1.5442e+01,-6.0393e+00
 1.2212e+01, 7.9630e-01
 1.3373e+01,-6.5860e+00
-1.5573e+01,-8.0086e-01
 1.0349e+01,-6.6602e+00
-9.3213e+00,-3.8657e+00
-1.0172e+01, 1.0575e+01
 1.1862e+01,-1.3290e+00
 8.9630e+00, 1.3971e+00
-4.3704e+00, 1.2281e+01
 1.5929e+01, 3.9351e+00
 8.3942e+00,-3.8072e+00
-7.0927e+00, 3.0160e+00
 9.1261e+00, 1.1716e+01
-6.0927e+00, 1.0565e+01
-1.5435e+01, 1.7523e+00
 1.6551e+01,-5.1140e+00
 8.2930e+00, 1.0377e+01
 1.0630e+01,-1.2129e+01
-7.8126e-01,-5.6440e+00
-8.1862e+00,-1.2357e+00
-1.3701e+01,-1.8053e+00
 4.1302e+00, 1.0502e+01
 4.4829e-01, 9.3773e+00
-1.3237e+00, 1.2798e+01
 6.5641e+00, 2.4704e+00
-7.4926e+00, 1.3292e+00
 1.0619e+01, 1.4661e+00
-1.3211e+01, 5.1995e-03
-5.0923e+00,-1.1537e+01
-8.0932e+00,-1.3091e+01
-1.6908e+01,-3.1914e-02
 3.6001e+00,-8.9404e+00
 1.3651e+01, 3.7477e+00
-1.3536e+00, 5.6241e-01
 2.4787e+00, 9.7162e+00
-9.1887e+00,-1.4479e+01
-2.8313e+00, 1.5107e+01
 7.5377e+00,-1.3250e+01
 7.3472e+00, 4.5932e+00
-1.2237e+01,-9.9672e+00
-6.3528e+00, 1.2762e+01
 4.6215e+00, 8.4829e+00
-7.5812e-01,-1.7383e+00
 3.3531e+00, 5.5899e+00
 6.0371e+00, 3.1590e-02
 5.9359e+00, 1.4692e+01
-2.7531e+00,-8.8598e-01
-1.5727e+01,-2.8839e+00
 5.1205e+00,-4.8061e+00
 9.9207e+00,-2.6456e+00
 9.8109e+00, 6.6110e+00
-7.8616e+00,-4.8447e+00
 5.8926e+00,-1.2919e+01
-1.5004e+00, 1.7293e+01
 4.9535e-01,-4.6289e+00
 6.5677e+00,-5.9539e+00
-7.3902e+00, 8.4312e+00
-1.2308e+01,-1.2295e+01
 5.4743e+00,-8.8195e+00
 6.9108e+00,-1.5864e+01
-8.8962e+00, 2.2246e+00
 9.2726e+00,-9.6826e+00
-5.8288e+00, 9.8169e-01
 2.5833e+00,-1.6987e+01
-1.0622e+01, 1.2138e+01
-1.1437e+01, 5.5686e+00
 3.5431e+00, 1.4696e+01
-6.5708e+00,-1.0593e+01
 2.0772e+00, 1.6152e+01
 1.0241e+00,-7.4185e+00
-1.3116e+01,-7.7051e+00
 6.7158e+00,-2.1458e+00
 5.2950e+00,-1.1133e+01
 1.1708e+01, 1.0896e+01
 1.0476e+01,-8.7415e+00
 1.0848e+01, 4.9708e+00
-1.1537e+01,-5.1938e+00
-1.0977e+01,-8.8425e+00
-6.7537e-01,-1.0879e+01
-9.2320e+00,-7.6618e+00
-5.6267e+00, 2.4717e+00
-2.7137e+00,-4.1194e+00
 1.3628e+01, 6.1233e+00
 4.8955e+00,-7.0678e+00
-1.2786e+01, 2.8974e+00
 1.4344e+01,-2.8756e-01
-1.1493e+01,-8.3744e-01
-4.9365e+00, 1.6443e+01
-6.4922e+00, 1.5116e+01
 8.6885e+00, 8.1647e+00
 4.8491e+00,-1.6341e+01
-2.9127e+00, 1.0697e+01
-3.9139e+00,-1.5860e+01
 7.5140e+00, 6.9855e+00
 1.4770e+01,-9.0061e+00
-1.6551e+01, 5.6290e+00
-1.3319e+00, 1.4833e+01
-1.0341e+01, 1.3720e+01
 7.9734e+00,-6.5653e+00
-1.0285e+00, 4.3781e+00
 1.2239e+01, 2.9191e+00
-1.8895e+00,-1.2150e+01
-4.8599e-01,-1.2957e+01
 7.7956e+00, 1.4946e+01
 5.7500e+00, 4.4763e+00
-8.4562e+00, 1.1576e+01
-8.3685e+00, 1.5033e+01
 1.3252e+01,-8.7185e+00
-1.7960e+00,-1.5653e+01
 1.7282e+01, 6.3335e-01
-4.6947e+00,-1.3081e+01
 9.9125e+00,-7.6663e-01
 2.8314e+00,-1.3483e+01
 1.5295e+01,-3.8365e+00
-2.5363e+00, 1.6115e+00
-1.0435e+00,-3.5188e+00
 5.8812e+00, 6.0227e+00
-2.5431e+00,-6.7625e+00
-2.5381e+00, 7.8614e+00
 4.1023e+00,-2.2418e+00
 2.8954e+00, 1.2842e+01
-8.8083e+00, 8.9527e+00
 1.1548e+01, 7.2375e+00
 1.4906e+01, 1.4917e+00
 1.4769e+01, 9.0712e+00
 1.3149e+00, 1.4401e+01
-3.8487e+00,-5.5019e+00
-9.8211e+00,-2.4291e+00
-5.7099e+00, 4.1508e+00
 1.1904e+00,-1.2538e+01
-3.5612e+00,-2.7899e+00
 6.0952e+00,-3.6362e+00
 3.4789e+00,-1.5210e+01
 3.6939e+00,-6.1632e+00
 1.3051e+00,-9.4422e+00
 8.1947e+00, 3.0568e+00
-1.6487e+01, 3.6636e+00
-1.1468e+00, 1.0958e+01
-9.2043e+00, 4.0224e+00
-4.0510e+00,-9.7619e+00
-4.0816e+00, 9.5140e-01
-1.4917e+01,-4.2797e+00
 1.0113e+01, 1.3776e+01
-4.5606e+00,-5.3770e-01
-5.3723e+00, 8.4436e+00
-1.0771e+01,-1.2431e+01
 1.4131e+00,-1.5204e+01
-1.2563e+01, 4.3862e+00
-1.0159e+00, 6.4065e+00
-1.1170e+01, 8.2888e+00
 7.7488e+00,-1.0427e+00
-5.5441e+00,-9.3581e+00
 1.9116e+00,-2.1920e+00
 1.5397e+00, 1.2074e+01
-1.3584e+01,-5.1220e+00
-1.2629e+01, 1.1991e+01
 9.6436e+00,-4.8605e+00
-3.7608e+00, 2.7141e+00
 1.5396e+01, 6.6295e+00
 8.1147e+00,-1.1276e+01
 9.1245e+00,-1.3736e+01
 1.1897e+01,-7.9779e+00
 1.7189e+01, 2.5890e+00
 7.4142e-01, 1.0709e+00
 4.3618e-01, 1.5825e+01
-7.1412e+00,-6.6327e+00
-1.1756e+01,-2.3379e+00
 4.6939e+00, 1.1113e+00
 7.5380e+00,-9.3518e+00
-3.0542e+00, 1.3095e+01
-1.2359e+00,-1.7366e+01
 1.1427e+01, 1.2509e+01
 5.1199e+00,-1.4738e+01
-1.5220e+01, 8.2174e+00
-3.1138e+00,-8.4336e+00
 9.7685e-01, 2.8730e+00
-4.7297e+00,-7.7521e+00
-7.2042e+00,-1.5878e+01
-9.5049e+00,-9.4195e+00
 3.0947e+00, 2.3896e+00
 7.6934e+00, 1.3290e+01
 1.2138e+01,-1.2520e+01
 1.3351e+01, 1.0862e+01
 1.1603e+01,-3.2799e+00
-1.1344e+00, 9.2795e+00
 1.3928e+01, 7.6411e+00
 4.2672e+00, 3.7447e+00
 1.2547e+01,-4.5929e+00
 7.3851e+00, 1.1664e+01
 3.1047e+00,-3.7372e+00
 6.7946e+00,-7.8734e+00
-1.7026e+01,-1.6698e+00
-8.9296e+00, 5.4238e-01
 1.3411e+01, 1.7799e+00
-7.6830e-01, 2.1584e+00
-1.0714e+01, 2.5367e+00
-1.3113e+01, 6.7519e+00
 8.2325e-02,-1.6361e+01
 4.4594e+00, 1.3447e+01
 1.2493e+01, 9.5989e+00
 5.3821e+00, 1.6510e+01
 2.6110e+00,-7.3455e+00
 9.3006e+00, 5.1330e+00
 3.8978e+00,-1.0485e+01
 1.7159e+01,-1.3630e+00
 9.2565e-01, 1.7345e+01
-4.0436e+00, 9.3830e+00
-4.8726e+00, 5.6158e+00
-1.1406e-01, 7.9503e+00
 5.6650e+00, 1.1293e+01
-1.7405e+01, 1.7668e+00
-1.0531e+01, 6.9176e+00
-1.6464e+01,-4.7363e+00
 4.3370e+00,-1.2512e+01
-1.3333e+01, 1.0645e+01
-1.1989e+01,-6.6676e+00
 1.6934e+01,-3.5143e+00
-3.0685e+00, 1.7029e+01
-4.9346e+00, 1.4522e+01
-7.0743e+00,-3.4956e+00
