0.2883720234
0.2879572872
0.3516149913
0.4610846728
0.334947063
0.8649438674
0.3293071009
0.3885695247
0.8358509651
0.89140059
0.6941440096
0.2911344153
0.2874654119
1
0.6072065701
0.3006775866
0.537487051
0.4014497157
0.6306755502
0.4612897357
0.4197498424
0.4718387073
0.8815177045
0.5484558777
0.3219398087
0.9559433555
0.3351941826
0.8529484164
0.3120487888
0.675432159
0.7042942916
0.3527467426
0.8044416868
0.775613139
0.56989284
0.3198375008
0.8111910022
0.906920898
0.7306017354
0.3949360099
0.505957876
0.4199377273
0.302785967
0.289478255
0.3087884856
0.3067913695
0.4191867474
0.9041607266
0.347858772
0.3041981355
0.462521585
0.3270056587
0.383019698
0.2935166415
0.3246533963
0.9385323313
0.6745360604
0.7195879514
0.7857059484
0.3095613547
0.2897674539
0.457201978
0.3065482885
0.4321513299
0.6734153476
0.8901654463
0.5403902311
0.3530310123
0.8605360107
0.7016536229
0.3798807244
0.2891025738
0.3179980185
0.3176963109
0.4250454612
0.339740229
0.3511927884
0.2888077065
0.5726132382
0.3229057783
0.3142800632
0.9474318349
0.6065225766
0.6340876108
0.3787348238
0.5710260565
0.9726050881
0.5007521267
0.3637647126
0.5226147308
0.3337201278
0.5516020891
0.6265783643
0.7457339017
0.29333127
0.3085337588
0.5177678013
0.474764548
0.3107006621
0.4379997494
0.4368239979
0.2950979821
0.2879896827
0.4874402852
0.2962304235
0.855553022
0.3481336299
0.6477089432
0.2877101619
0.8259187193
0.2892861539
0.2936574665
0.7436175468
0.439965961
0.2911713884
0.3114152023
0.2926171956
0.9874870977
0.7516324421
0.3293071009
0.2876844115
0.6126784495
0.9628408445
0.8136760452
0.5061753819
0.6101705564
0.3604574566
0.7431936719
0.29333127
0.2895063932
0.4511249742
0.4150832892
0.7816873408
0.754357094
0.8418104743
0.3850235657
0.3490999084
0.4639619087
0.6122224818
0.3645249176
0.7297420996
0.3748498116
0.4499176616
0.9286593227
0.537487051
0.4304118028
0.5719329224
0.2889766654
0.2883720234
0.9894360566
0.6614981973
0.3769457347
0.6740878534
0.5386030365
0.305042791
0.8784676735
0.287736612
0.5837428482
0.28761136
0.3662084195
0.3028588101
0.2872239158
0.3080286582
0.4113931064
0.3127824194
0.3504917978
0.9174806865
0.8637627301
0.4503197946
0.9261916463
0.3155265856
0.5599400117
0.985498554
0.8073446644
0.3484090314
0.6094865637
0.3085337588
0.8872087503
0.4491143135
0.7478451743
0.289394883
0.6919278229
0.4602651264
0.6315856488
0.3838526473
0.2883126888
0.3409054687
0.9819613831
0.4608796803
0.2931486378
0.7269432671
0.5003195872
0.442138247
0.2885811465
0.3061464037
0.5721596786
0.4059315806
0.7902961105
0.2890516882
0.5261516648
0.5127219398
0.8013281897
0.395633189
0.4834031516
0.4819210819
0.5473334781
0.765782596
0.6154140752
0.3198375008
0.3977349849
0.9486706105
0.6249843224
0.6693755154
0.4834031516
0.3375704608
0.5898870926
0.3816929434
0.3762986971
0.2886472843
0.5757898473
0.6769993063
0.5637810248
0.3556132659
0.4095626594
0.4584253012
0.2877916115
0.3533158134
0.738517967
0.2922766318
0.3474475058
0.2970850337
0.3224749369
0.3750103222
0.6740878534
0.9218208968
0.2872244416
0.5942143804
0.3200449714
0.9034287181
0.6395418188
0.2886696789
0.2892861539
0.2906349336
0.5946700222
0.8588256153
0.7340328903
0.89140059
0.3057485873
0.3238840483
0.2897973288
0.3683728709
0.5328087336
0.325989449
0.5357031306
0.9034287181
0.5199685431
