0.4341752184
0.8796744207
0.7306387855
0.2943260258
0.9026818843
0.2977465738
0.3518397679
0.810173411
0.6625977791
0.3614345963
0.2880483187
0.7340736193
0.3155346694
0.2975094131
0.3675224009
0.2879205532
0.3336896589
0.6438121428
0.3673677597
0.8970068614
0.7392032618
0.4306869519
0.6787751611
0.820830892
0.287783651
0.7825902904
0.2884391976
0.4471971653
0.3117946248
0.5269310957
0.8576548379
0.4864739492
0.4583100347
0.2918541931
0.2937980499
0.5472343138
0.3254153493
0.9765147097
0.4166501374
0.4335919043
0.4209591312
0.9274370095
0.3835976001
0.938038611
0.4777977331
0.3099328743
0.5984703616
0.6983499779
0.3906961797
0.3862784124
0.4583100347
0.300199785
0.7959523985
0.3084775567
0.3430919672
0.287739122
0.7027632494
0.3127978945
0.2904518258
0.8105578724
0.4967531875
0.4688099336
1
0.3686083603
0.6758639421
0.3197317128
0.2879205532
0.3617341763
0.2935187877
0.3884778683
0.3087309949
0.3635423567
0.2874738239
0.6881477931
0.7396294819
0.3021886468
0.641995462
0.2906169099
0.6848064038
0.450406437
0.6349480222
0.2971008769
0.3327202495
0.3164109049
0.2916213376
0.5923149542
0.3584670514
0.4879650798
0.7073815591
0.3259735231
0.4700568656
0.3408633058
0.3328409161
0.6283458175
0.4879650798
0.3157282921
0.3915543502
0.4875387585
0.5722985415
0.860231422
0.2918541931
0.9295108201
0.6080510282
0.5709374701
0.4905277203
0.9982788993
0.6499364092
0.7608884325
0.3750894416
0.3505759718
0.4144218733
0.2960337563
0.6827983285
0.3888179252
0.8597176001
0.8869919266
0.3636938634
0.2879072322
0.3638454966
0.5304809781
0.4500041997
0.8989634014
0.980023822
0.8548859855
0.4613794301
0.5275959904
0.5634627493
0.6789989098
0.8134323612
0.9086533743
0.6388142043
0.9877937248
0.7805716124
0.2896914658
0.364605557
0.9428362863
0.3832645507
0.2932456927
0.3559854012
0.6937011093
0.3630885964
0.2991624895
0.4260800123
0.2936576483
0.3157282921
0.3814409994
0.9481507057
0.3103697484
0.8501660655
0.4550538991
0.5911755658
0.3046976496
0.2875585256
0.2878811152
0.6313064059
0.2920128789
0.5148033506
0.2875180173
0.5238327039
0.3034932195
0.9358265772
0.372694647
0.2940354746
0.313074848
0.33187967
0.3436222222
0.5763850868
0.7347163223
0.3757326108
0.5196398711
0.8266327503
0.4047490072
0.4022411244
0.7483232487
0.2987221517
0.6731726734
0.2877499915
0.2887223799
0.5722985415
0.5879863139
0.7319282372
0.9688611304
0.7619267084
0.4570867972
0.8193221929
0.2965316161
0.8432447139
0.4530283853
0.3809460926
0.6310787217
0.4918120307
0.2875890371
0.2888318077
0.2883829693
0.6905937183
0.2890878964
0.290890052
0.7117644273
0.9892638785
0.5788846907
0.4076396297
0.4717231233
0.8849430526
0.2950278745
0.3676771663
0.5971021518
0.7799648074
0.924411463
0.7409069704
0.624244317
0.8204541541
0.3357804589
0.5725254428
0.2874075292
0.3108106277
0.4769567081
0.3375335311
0.504976444
0.3827658369
0.2896914658
0.5463365271
0.4871126639
0.5481325378
0.3388028697
0.4667370435
0.3340555853
0.2958708553
0.5575885991
0.6892600497
0.3227886362
0.6979078766
0.3302200502
0.3171011753
0.3920705703
0.3141025319
0.866842455
0.5627842443
0.8063134616
0.3192177125
0.8944248017
0.2884969982
0.2878811152
0.4359297553
0.3644532926
0.4950313379
0.2878188868
0.3960607796
0.5673108998
0.2878188868
0.8757823435
0.5418543876
0.5264880175
0.9017947608
0.3944925773
0.8905796013
0.5807035717
