 1.0134e+00,-1.2866e+01
-5.1770e+00, 7.5325e-02
 5.9853e+00, 5.4819e+00
-1.4586e+01,-7.7845e+00
-4.4252e+00, 1.3842e+00
-1.1558e+01,-1.1570e+01
 3.7538e+00,-1.4146e+01
 5.6058e+00,-3.9425e+00
-6.6490e+00, 6.0614e+00
-1.1545e+01, 8.1580e+00
 1.5999e+01,-7.0091e+00
 7.7404e+00,-2.5929e+00
-3.4203e+00,-1.5261e+01
-1.0144e+01,-1.2869e+01
 9.7849e+00,-1.0434e+01
-1.1469e+01, 1.2808e+01
 1.5148e+01, 2.5559e-01
-9.2148e+00, 1.2346e+00
-4.7842e+00,-1.3350e+01
 4.3275e+00, 2.5110e+00
-7.4033e+00,-2.5107e+00
 1.0444e+01, 7.6507e+00
-3.9791e+00, 7.8112e+00
-2.5764e+00,-5.9808e+00
 1.1984e+00, 1.7272e+01
-2.9880e+00, 6.3971e+00
 1.2182e+01,-1.2394e+01
-1.1385e+01, 4.9887e+00
-1.5196e+01, 3.4705e+00
-1.9673e+00, 1.0987e+01
-5.4707e+00,-1.4771e+00
-9.8338e+00,-6.6042e+00
-1.1843e+01,-3.2397e+00
 1.6360e+01,-4.5072e+00
 1.3490e+01,-1.0036e+01
 1.0885e+01, 1.9792e+00
 1.4921e+01,-3.8734e+00
-4.2914e-01,-2.5559e+00
-1.2070e+01,-4.9423e+00
-6.2606e-01, 1.2728e+01
-6.6500e+00,-1.1237e+01
-1.2060e+00,-4.0187e+00
 8.2396e+00,-1.1249e+01
 3.8922e+00, 8.4974e-01
 1.6396e+00, 1.1891e+01
 5.6757e-01,-1.5884e+01
 9.9624e+00,-2.6060e+00
 4.4998e+00,-7.4746e+00
-1.0176e+01, 8.8708e+00
-9.2176e+00,-1.0145e+01
 1.1071e+01, 5.7528e+00
 1.4909e+01, 6.7217e+00
 7.0638e+00, 5.2816e-01
-1.3201e+01,-8.6781e+00
-1.3282e+01,-6.2009e+00
 9.2324e+00, 1.4751e+01
-7.1827e+00,-4.4339e+00
 1.1270e+01,-1.1145e+01
 1.6535e+01, 4.2233e+00
 4.0439e-01, 6.6089e+00
 1.1795e+01,-1.5354e+00
 7.6525e+00,-9.7022e+00
-6.3094e-01, 8.1290e-01
 1.2433e+01, 6.8802e+00
 8.5300e+00, 3.0138e+00
 9.8368e+00,-1.2100e+01
 1.7472e+01, 4.2041e-01
-8.1855e+00, 1.1536e+01
-6.2650e+00,-1.5478e+01
 1.3557e+01,-2.8293e+00
 1.5879e+01,-2.0161e+00
-1.4048e+01,-1.3858e+00
-1.6591e+01,-5.2580e+00
 3.9134e+00, 7.8176e+00
 5.1389e-01,-7.9849e+00
-1.2251e+01, 1.0297e+01
-9.1401e+00,-1.9796e+00
-7.2128e+00, 1.5180e+01
-7.9007e+00, 3.5113e+00
 5.0048e+00, 1.1469e+01
 7.9345e+00, 5.4904e+00
-1.3025e+00,-1.6450e+01
-8.5326e+00,-1.2365e+01
 8.0370e+00, 1.3334e+01
-1.4029e+01, 9.0237e+00
 5.4868e+00,-8.8086e+00
 4.2886e+00, 1.3675e+01
-7.7338e+00, 8.8363e+00
 6.0180e+00,-6.1378e+00
 1.5246e+01, 1.9608e+00
 9.9975e+00,-7.2460e+00
 2.1607e+00,-1.4751e+01
 1.1948e+01, 9.2327e+00
 6.0667e+00, 7.5808e+00
 1.0618e+01,-5.6935e+00
-1.5381e+01, 1.4148e+00
-5.1659e+00, 1.2486e+01
-3.3014e+00,-1.1468e+01
 8.6502e+00,-6.3072e+00
-3.1463e+00, 4.6160e+00
 1.3691e+01, 9.8761e+00
 2.1052e+00,-3.6813e+00
 3.1388e+00, 9.4575e+00
-7.5744e+00,-7.3044e+00
 4.2601e+00,-1.1184e+01
 1.0995e+00,-9.8492e-01
 1.5217e+00,-9.3216e+00
-7.3845e+00,-8.7714e-01
-1.3059e+01, 4.5514e+00
-9.5808e+00, 1.0765e+01
 3.0661e+00, 1.2779e+01
-1.2931e+01,-1.0154e+01
 3.3841e-02, 8.7586e+00
-1.3553e+01, 1.2098e-01
 3.3004e+00,-4.8624e+00
 2.7679e+00, 4.3533e+00
-1.0567e+00,-1.4268e+01
-1.7197e+01, 5.5249e-01
 2.0909e-01, 1.4160e+01
-8.2949e-01,-1.1239e+01
 3.1896e+00,-1.2236e+01
 3.9107e+00,-3.1710e+00
 2.3303e+00, 8.7181e-01
 4.2860e+00, 4.0284e+00
-1.1891e+01, 2.6773e+00
-4.7257e+00,-1.0222e+01
-4.3669e-01, 1.0594e+01
 7.5403e+00,-5.0066e+00
-6.3889e+00, 1.1283e+00
-1.3304e+00, 4.3319e+00
 9.6460e+00, 4.3003e-01
 4.8325e-01, 1.8989e+00
-4.6790e+00, 5.3102e+00
 5.3322e+00,-1.6307e+01
 1.0011e+01, 1.0156e+01
-2.4970e+00,-2.7122e+00
 1.3092e+01,-4.8589e+00
-8.4932e+00,-1.4372e+01
 6.9817e+00,-1.2773e+01
-5.7334e+00,-6.4454e+00
 6.0515e-01,-1.4325e+01
 8.8205e+00,-1.3889e+01
 1.3105e+01,-1.7980e-01
-4.0301e-01, 1.6583e+01
 1.3702e+01,-7.7585e+00
 1.2912e+01, 5.2630e+00
 7.3948e-01, 3.4373e+00
 2.5020e+00, 1.5541e+01
-4.6108e+00,-3.6338e+00
 6.1614e+00,-1.0972e+01
-8.4177e+00,-5.7361e+00
-9.0767e+00, 1.3051e+01
-5.6134e+00, 1.6412e+01
 3.9047e-01,-1.7425e+01
-2.2121e+00,-9.4219e+00
-3.7266e+00, 1.6277e+01
-9.5977e+00, 5.9603e+00
 5.5841e+00, 1.6540e+01
 7.5432e+00, 8.4717e+00
 3.9245e+00,-1.5717e+01
 3.7338e+00,-1.6677e+00
 1.2513e+01,-6.7038e+00
-1.5242e+01,-6.4324e+00
-1.4521e+01, 5.5152e+00
 9.0053e+00, 1.2102e+01
-3.1645e+00, 1.4286e+01
-3.7645e+00, 9.6584e+00
 2.9837e+00,-7.5508e+00
-1.3457e+01,-3.2871e+00
-1.1181e+01,-1.2492e+00
-4.9956e+00, 3.7298e+00
 1.3247e+01, 2.5557e+00
 6.9207e+00, 1.1504e+01
-1.7247e+00,-7.6232e+00
-1.6189e+01,-7.6143e-01
-8.8463e+00,-2.6562e-01
-1.7030e+01, 2.7068e+00
 2.8249e+00,-1.7043e+01
 1.7645e+00, 1.0347e+01
-6.2615e+00, 8.0054e+00
-6.5324e+00, 4.4244e+00
-2.0907e+00, 1.7062e+00
 6.9889e+00, 3.0825e+00
 9.1613e+00, 8.4459e+00
 1.8010e+00,-6.3880e+00
 4.1929e+00, 1.5887e+01
-7.1881e-01,-6.0858e+00
-6.7966e+00, 1.0303e+01
-1.0598e+01,-8.8370e+00
-8.8465e+00,-3.5743e+00
 6.3688e+00, 9.9781e+00
 3.2559e+00, 1.7093e+01
 7.4939e+00,-1.5583e+01
 1.1311e+01, 1.3050e+01
 1.6332e+00, 8.5043e+00
 1.2418e+01, 1.1856e+01
-1.6591e+01,-2.5256e+00
-3.9988e+00,-7.3547e+00
-1.7410e+00,-4.8195e-01
 7.1549e+00,-7.8184e+00
-1.3069e+01, 1.6218e+00
-8.0347e+00,-9.0840e+00
-2.9511e+00,-4.2599e+00
-1.8920e+00, 1.6369e+01
 1.1803e+01,-8.0854e+00
 9.1480e+00,-4.7824e+00
-1.0554e+00, 7.0604e+00
-3.8547e+00,-1.5173e+00
 4.6859e+00, 6.3791e+00
 3.3564e+00,-9.2776e+00
 1.9662e+00, 6.1669e+00
-6.3190e+00,-1.3563e+01
 9.4255e+00, 4.9160e+00
-9.5556e+00, 1.4623e+01
-1.5240e+01,-3.6072e+00
 1.1818e+01,-3.1425e+00
 1.4357e+01, 4.3836e+00
-1.0696e+01,-4.2641e+00
-1.1704e+01,-7.2015e+00
 1.7056e+01, 1.9795e+00
-1.0777e+01, 8.6771e-01
 8.7813e+00,-8.2637e+00
 2.0339e+00,-1.0836e+01
-7.0984e+00, 1.2911e+01
-9.4789e+00, 7.5057e+00
 6.0254e+00, 1.3722e+01
 6.8480e+00, 1.5013e+01
-8.0108e+00, 6.9775e+00
-2.3381e+00, 8.2977e+00
-1.3427e+01, 7.1019e+00
 8.6734e+00,-1.0676e+00
 1.3942e+01,-6.2313e+00
 1.3364e+01, 8.0809e+00
-2.9121e+00,-1.3356e+01
-5.0033e+00, 1.4706e+01
 5.4122e+00,-1.9328e+00
-6.0834e+00,-8.7775e+00
 6.8138e+00,-1.1879e+00
 5.5614e+00,-1.4560e+01
 3.0641e-01, 4.9048e+00
-1.6066e+01, 5.7495e+00
-3.0685e+00,-1.7131e+01
-2.8731e+00, 1.2351e+01
-1.5943e+00, 1.4041e+01
-5.1597e+00, 1.0442e+01
-1.5581e+01, 7.3151e+00
 1.0368e+01,-8.9520e+00
-1.0037e+01, 2.9898e+00
-5.0968e+00,-1.6638e+01
 5.4353e+00, 9.7683e-01
 1.0515e+01, 3.6521e+00
 1.1399e+01, 2.8264e-01
-3.7150e+00, 2.8040e+00
 4.9930e+00,-1.2754e+01
 1.0180e+00,-5.0731e+00
 4.7194e+00, 9.2803e+00
