0.5703883528
0.2940331391
0.3435270564
0.9051112385
0.3021031551
0.2869076253
0.7168725668
0.6202494954
0.2860316296
0.3116893651
0.8160976558
1
0.5105433742
0.5577723235
0.3499715473
0.2869846311
0.3297612814
0.3042408174
0.6637857274
0.6412967675
0.33083367
0.3631246705
0.3699276667
0.7229016052
0.3516644199
0.3008678308
0.7306020301
0.7278281464
0.4140674256
0.4826217334
0.2860106983
0.3268445575
0.4430356929
0.6342914629
0.869504202
0.4192865796
0.9318394014
0.293927649
0.3332587577
0.3407449732
0.6469361163
0.4964758599
0.3078566102
0.8332094801
0.2884727279
0.4264845379
0.4864351776
0.5712915377
0.3155161188
0.2977641931
0.2901110427
0.294901376
0.2865040049
0.5190739232
0.869504202
0.4811437315
0.4966907435
0.9718990165
0.9942214731
0.3394416468
0.3033090318
0.6043684944
0.5467866016
0.3724599175
0.2862906082
0.6842724602
0.3263864157
0.9235470102
0.2862670683
0.2921913005
0.4015282937
0.7742110689
0.3671158853
0.3632766268
0.7016586886
0.3007256196
0.5329774582
0.3447379325
0.3376404729
0.286211267
0.4094702603
0.9765600919
0.6322554186
0.8220583859
0.3640382801
0.3330136543
0.7883808327
0.5871299679
0.3663418586
0.2962845371
0.7196759771
0.6464853367
0.8018393521
0.3394416468
0.6336128846
0.7944666143
0.5278851898
0.5762631238
0.3946538037
0.4295535517
0.3042408174
0.7278281464
0.3505337162
0.3781051668
0.3460963011
0.4181620432
0.307685504
0.2866765625
0.83608732
0.5292118754
0.7445596153
0.3460963011
0.5443285752
0.4696333393
0.4717121874
0.9216020254
0.838767201
0.6295393177
0.4906934475
0.2932584617
0.7075497924
0.3929168713
0.8083522324
0.4677678769
0.4345875362
0.2917334464
0.4404658618
0.5394225289
0.3522329435
0.7274007028
0.3132851866
0.8766016908
0.4341982824
0.6039146295
0.4777762391
0.2873204406
0.2986716651
0.738030434
0.3263864157
0.7848185243
0.843018189
0.2887182083
0.5950657311
0.6336128846
0.9589227794
0.3223702184
0.9711658653
0.5135983501
0.290187906
0.7772308058
0.5857703994
0.9392298696
0.289700572
0.4083759484
0.5358633965
0.3995733449
0.3169142562
0.2970123376
0.408558089
0.3027008679
0.2931081001
0.9548679633
0.370242514
0.3240201163
0.2873204406
0.703188662
0.8727512483
0.7472830956
0.8522423899
0.2862555596
0.2932081716
0.6005107783
0.6365526086
0.3592179481
0.5092366891
0.8926943696
0.785611942
0.4312895912
0.2861697622
0.9472098616
0.4361478766
0.3043195223
0.3123409752
0.5593461028
0.2899218886
0.866552336
0.2860040699
0.628180722
0.2859473776
0.6753935194
0.4287842137
0.9756594921
0.4157370093
0.8938916343
0.4109348003
0.4326446177
0.285952262
0.6467107348
0.5289906746
0.6864846916
0.4811437315
0.3022516022
0.2914669185
0.294192642
0.5294331105
0.358328567
0.5434355556
0.4024209995
0.504459273
0.2858814349
0.52744324
0.285952262
0.2869266161
0.366187422
0.4414526696
0.2859255718
0.7905475052
0.3683606962
0.2858910301
0.4915476946
0.7624085437
0.4297461019
0.8279432345
0.3154174118
0.2977641931
0.8573619642
0.9287495239
0.3492718315
0.2858863198
0.2910363666
0.7468646691
0.5959730986
0.8403666572
0.4118532834
0.3047951569
0.3324034126
0.4324507884
0.9334212943
0.2859295841
0.4971206619
0.3613109703
0.5952925666
0.2861598217
0.4320633834
0.3447379325
0.446416267
0.7681309679
0.4324507884
0.4973356964
0.5667781162
0.3567100106
0.2905422809
0.3403525135
0.6440048786
0.9852346143
0.7369728567
