0.8045568563
0.891067349
0.3753573303
0.546357116
0.5488178095
0.2872853237
0.586695717
0.6829657208
0.464479641
0.3156251866
0.3461074926
0.496277074
0.3312044573
0.4538646894
0.2877606169
0.3116069831
0.6300124763
0.386258635
0.948430173
0.5544213696
0.3140619738
0.3177370326
0.2866047849
0.3075249817
0.4172409656
0.4565005734
0.4979972028
0.2951347223
0.4142659522
0.9058498203
0.6716280218
0.4198636666
0.3120708614
0.5586895679
0.8228247817
0.4168677767
0.7227102395
0.5352142409
0.5077306494
0.6626875206
0.6856223439
0.5374369386
0.7378428751
0.4240212163
0.8747110582
1
0.2890831219
0.6114229344
0.7895891606
0.66805655
0.3298905206
0.2916980307
0.3376513909
0.2980297818
0.4202398106
0.9821892575
0.885262158
0.3046458146
0.4359666414
0.620269552
0.8296112793
0.3631364126
0.4767424479
0.3090822344
0.7558385175
0.7974143182
0.9594360754
0.3481704923
0.2875143015
0.3165219347
0.7346656526
0.5459100542
0.594858135
0.3087317109
0.660670681
0.4632452856
0.3732695986
0.5188711958
0.2872633801
0.6248030037
0.4595569519
0.7601727449
0.4053077676
0.4274550311
0.7310517221
0.5070788173
0.4142659522
0.407116883
0.9836670385
0.3737496079
0.3705698266
0.3276625825
0.5221679553
0.2896736541
0.5292289882
0.5436763493
0.5681498427
0.2912589246
0.296837728
0.7653001656
0.9948748868
0.3324141613
0.3906875251
0.3834033126
0.3446139874
0.3166223458
0.7162477667
0.5787699888
0.579222548
0.5072960496
0.4091183275
0.6842945871
0.7378428751
0.3965895065
0.2881067196
0.4311102959
0.3420732459
0.8248531283
0.2974576196
0.4400859289
0.9499260638
0.3281272248
0.300452888
0.4524504477
0.7237835048
0.2941488168
0.3847429636
0.4653038883
0.3088191029
0.2858908538
0.3440749819
0.2915203396
0.3049648588
0.4686114752
0.2942556624
0.5123046162
0.3211921903
0.3220547091
0.5049089976
0.2858906793
0.5312213928
0.2868245527
0.2868426751
0.9065567619
0.3398421708
0.6073382656
0.4299526407
0.6740795413
0.9470228321
0.3976437472
0.2965340487
0.8294292196
0.9183409107
0.2859885478
0.7069194622
0.2869939111
0.3234768616
0.4105813594
0.8382597389
0.2863118975
0.616640986
0.3084704913
0.9879107523
0.6658211276
0.3729501866
0.9117140149
0.491349941
0.287420629
0.4270720875
0.2864280196
0.8433976476
0.6105152805
0.8977709615
0.2879433449
0.8255884668
0.6811922029
0.3252619455
0.9489667689
0.320022044
0.6325021432
0.9133584268
0.6501106742
0.6152799462
0.2938846603
0.2864557399
0.3044872645
0.2863746683
0.3127268913
0.7720128966
0.2977738218
0.4228830069
0.8001278802
0.8597533148
0.529671507
0.2871773413
0.421559188
0.2872416101
0.287997111
0.5959923702
0.2944171972
0.776250852
0.289320257
0.9605826894
0.4719356823
0.3215145021
0.2867538015
0.3016714989
0.3116069831
0.4181755651
0.5329946927
0.2872200136
0.2863746683
0.5261352519
0.3917200539
0.852785263
0.3278946097
0.5742470626
0.7576990415
0.8395060036
0.7426930541
0.5882821807
0.3001035262
0.9570968357
0.3427370543
0.7903764174
0.9685189803
0.3003826859
0.2880242536
0.3941443498
0.3407559916
0.6139187591
0.4470296139
0.4977820115
0.4274550311
0.5541969464
0.3470664491
0.2984841161
0.4367484904
0.5611640651
0.3319285459
0.7626383527
0.5418913601
0.2968989655
0.345155176
0.7794617157
0.2863364834
0.3587842845
0.6358949562
0.2860337271
0.331807503
0.4696485256
0.5182128954
0.8568810687
0.8350374561
0.8864951817
0.3781173934
