0.4680065427
0.7634240764
0.2980351307
0.6278939084
0.3852564933
0.3593705931
0.540762908
0.2916306206
0.4684206872
0.6294775399
0.8566616884
0.8101588118
0.3357182289
0.3155552194
0.4414870579
0.2984937277
0.3686846478
0.3106090115
0.2896478012
0.738694058
0.4399091376
0.348707829
0.7512577788
0.8551348831
0.6319650929
0.4305512527
0.8325289316
0.2890745985
0.8034903592
0.292283004
0.532985409
0.2876988555
0.2863614321
0.4466500462
0.2858204869
0.6585411537
0.6303822522
0.4765472006
0.9262347141
0.3962527669
0.3595195295
0.3443213796
0.6122640305
0.559113964
0.2856920336
0.2886735913
0.2955711211
0.4060469815
0.8956840478
0.7500098542
0.4210126519
0.3988931638
0.3671262482
0.3249857693
0.3212415078
0.6477585407
0.8726831147
0.2979055971
0.7078415406
0.3009802013
0.8907630747
0.9579460546
0.2859564118
0.3305634518
0.6828285239
0.909421629
0.3096171004
0.5710505675
0.3924229806
0.6050086005
0.345541079
0.2858283294
0.6358068112
0.3026045668
0.2902649438
0.287619572
0.3545274853
0.5142710315
0.2876722547
0.5991134071
1
0.4369644033
0.5782785618
0.9242037123
0.8075017375
0.4478489128
0.4240409803
0.6416751767
0.2890060427
0.4024498122
0.9660551846
0.5068653104
0.5066482625
0.3903557968
0.9660551846
0.3721556998
0.3317677937
0.5470103728
0.7516733256
0.7733770719
0.2886091678
0.3337247087
0.3122732965
0.348429639
0.792645705
0.9303430478
0.8261703298
0.9676966219
0.4723678555
0.9592915855
0.924586461
0.2975846716
0.4096838393
0.6668195104
0.5895946776
0.4896530574
0.4898662044
0.4663525726
0.2885138252
0.4232817459
0.45896267
0.7037051339
0.7847721734
0.3085568881
0.8880368322
0.509690992
0.5755665067
0.5254679881
0.3939835042
0.3679039255
0.3352164347
0.8221261306
0.5798613703
0.2882072256
0.3607155821
0.3213491558
0.4704952776
0.6303822522
0.3519452468
0.2859774955
0.8561535008
0.3349663895
0.294996946
0.3232022012
0.8009918186
0.6643617003
0.2856688505
0.5336505649
0.2937401924
0.4949975669
0.6118106256
0.3021537088
0.2856484558
0.4593708945
0.9697140702
0.6571958363
0.5086033057
0.4528732906
0.4265182874
0.3590731014
0.5900477453
0.2870194681
0.2866358553
0.7533333584
0.3519452468
0.6903352768
0.8261703298
0.9074725402
0.7289402092
0.2881479763
0.2954549432
0.8702582736
0.3723148537
0.6596616622
0.9884081553
0.3343437666
0.2857516442
0.2915852982
0.3489865534
0.3338482346
0.6029678727
0.2857770906
0.3832446901
0.4740366338
0.3275002096
0.4422779239
0.3832446901
0.3076051592
0.2957466457
0.5018848244
0.2862997781
0.394854185
0.8709068084
0.323866564
0.2861186194
0.3118058856
0.8733264316
0.9224057717
0.7642418278
0.3125556245
0.7147757805
0.418569207
0.2892137743
0.3654261347
0.3279650447
0.3835788694
0.2856575202
0.2932216241
0.5456698562
0.2863933022
0.4937119133
0.2856479328
0.4117007252
0.5138340354
0.2862847992
0.853259678
0.3867758812
0.7679102427
0.5241455758
0.5803137001
0.6109037822
0.3320103953
0.6509080176
0.4213899325
0.3118990539
0.6059155943
0.6808354166
0.3286666955
0.6619010274
0.2885772146
0.3184958447
0.9300971619
0.2857187021
0.3721556998
0.2906313569
0.2866922603
0.9883560568
0.3131245061
0.8612015331
0.8057863396
0.2920932072
0.8152437595
0.2857138216
0.399070021
0.3153571929
0.5099086606
0.3289017495
0.2856662358
0.2861059018
0.286673285
0.9172954663
0.8799964196
0.5674420171
0.9802261265
0.701959368
0.4191317066
