0.2879635691
0.7081237901
0.8174628486
0.536388966
0.2874237055
0.9634674418
0.3825265918
0.2993604842
0.334481478
0.2998790354
0.3157648835
0.6083908389
0.3047928038
0.2924916399
0.6434619123
0.5638072411
0.4970890013
0.7407651466
0.8436199085
0.7367145436
0.5040109863
0.6325512063
0.5246167606
0.3993233735
0.3147062053
0.5122947288
0.2919170597
0.876266758
0.4885114566
0.9598830267
0.2923240323
0.2885415827
0.966819414
0.7313585812
0.6955621401
0.9687673515
0.291837732
0.2874140617
0.3575184228
0.4378034282
0.692459484
0.3613654108
0.3986173734
0.9070378823
0.6411912201
0.3093546946
0.4517301806
0.7057088318
0.6418725718
0.511638355
0.4664408215
0.9560556394
0.3591353436
0.4798127395
0.6234411542
0.3840245087
0.3054915617
0.3930307148
0.3669885881
0.8290708204
0.2874009108
0.7810283317
0.2914514391
0.385363755
1
0.6238969408
0.4627286687
0.9304879912
0.3081665712
0.8202971034
0.424284439
0.331220231
0.4582223054
0.3339916407
0.2996833248
0.4796018183
0.5940246049
0.3618148863
0.3140424067
0.8593816261
0.3055700188
0.539737935
0.2895520823
0.4541558506
0.4533460963
0.4026997308
0.2873661916
0.7936265387
0.2898379353
0.5590616439
0.3466477938
0.9981743195
0.3217645594
0.609531347
0.2873621585
0.3383557937
0.2987273608
0.7749422762
0.7019677727
0.6168298505
0.3607679006
0.287385831
0.3600238986
0.3668343495
0.2873535661
0.3387380164
0.6795398874
0.5498250034
0.5266087157
0.9061684052
0.5147048074
0.8557629328
0.2876840432
0.334604299
0.3890839353
0.3138541687
0.5522991253
0.294172171
0.2893623302
0.7496554963
0.2957602693
0.3349736293
0.8841403134
0.3365890417
0.4457140362
0.4521337083
0.8011009893
0.6891281121
0.332777204
0.9490953566
0.2874629808
0.4048513992
0.3398923401
0.5359429797
0.3112853621
0.552524197
0.3705702245
0.456999302
0.3097866703
0.348289499
0.7138133252
0.3096133981
0.4923606578
0.4019858002
0.8866651019
0.6962261413
0.3072552549
0.7362871519
0.4619067881
0.2873604049
0.3776012416
0.2884613868
0.2942696861
0.7192584565
0.365911536
0.5138278067
0.5608684096
0.3106626536
0.2937889451
0.3802150478
0.9068932057
0.4294482269
0.2903962278
0.5228487199
0.8872927126
0.2906964402
0.9739845434
0.6391464552
0.3148016635
0.4872323993
0.5292693172
0.740977849
0.7392748577
0.4541558506
0.2932346385
0.5003273025
0.6685511167
0.9073269517
0.2873640874
0.2911913034
0.5753663955
0.900880445
0.3225119396
0.5217449561
0.655018427
0.8385840593
0.5410794834
0.3307461424
0.3979130619
0.4018075762
0.3402796593
0.2876128753
0.7597033196
0.6368733083
0.4147128919
0.9985157947
0.2877758859
0.6197940343
0.4479118707
0.6357362938
0.4511254564
0.4329264745
0.3051017272
0.2873525139
0.6466384719
0.4397688688
0.9862783472
0.3426301394
0.4683051605
0.8586951651
0.8094412215
0.3203964431
0.6049693744
0.3657581709
0.2906623905
0.7212123377
0.3198771499
0.6339164955
0.3138541687
0.4968735245
0.3938963702
0.8216141561
0.3245780854
0.287533987
0.8109787718
0.3313391201
0.3808731722
0.5808197859
0.4664408215
0.8806314722
0.3103103377
0.3506487227
0.2912647643
0.2915655157
0.2875034814
0.7769770255
0.3085028101
0.2873684712
0.8857209923
0.9446448583
0.3352205711
0.2874692927
0.4827719541
0.9216963215
0.2881685499
0.5437658158
0.3065242248
0.2915655157
0.4576104779
0.6554707069
0.615917667
0.7248935303
0.2910464552
0.6243527021
0.8484171991
0.4453154509
