 2.4958e+00, 1.7033e+01
 2.3016e+00, 8.0758e+00
 9.6182e-02, 6.5371e+00
 4.0198e+00, 1.0303e+01
 1.3208e+01, 1.1349e+01
-2.7842e+00, 1.1546e+00
 5.7483e+00, 1.2492e+01
-1.3289e+01,-9.1703e+00
 1.4263e+01, 4.3271e+00
-4.3119e+00, 1.5584e+01
 1.0882e+01, 1.1044e+01
-6.6976e+00,-7.2625e+00
-1.5387e+01, 3.9843e+00
 9.0454e+00,-1.3943e+01
-3.0690e+00, 8.8771e+00
-9.5603e+00, 4.5598e+00
-1.0971e+01,-3.8408e+00
 3.9209e+00,-6.7739e+00
 5.9851e+00, 8.0110e-01
 5.9430e+00,-5.2139e+00
 1.0465e+01, 4.9401e+00
 8.0318e+00,-5.1644e+00
 2.6266e+00, 1.0932e+01
 1.4632e+00,-1.3273e+01
 4.3241e+00, 1.4926e+01
 8.9938e+00,-7.0207e+00
-1.3879e+01, 9.2452e+00
 3.9319e+00, 3.6708e+00
-9.5402e+00,-6.8742e+00
-1.1018e-01, 3.1749e+00
-1.4656e+01, 7.8715e+00
-4.1555e+00,-1.6527e+01
-1.6138e+00, 2.4216e+00
-5.9520e+00,-5.2810e+00
 1.7842e+00,-8.3577e+00
 2.5553e+00, 1.2898e+00
 1.1901e+01,-1.1696e+01
-8.6976e+00, 1.5067e+01
 9.7516e+00,-1.0427e+01
-2.7558e+00,-1.2322e+01
 2.0668e-01, 8.6381e+00
 6.0060e-01, 1.4202e+01
-6.0565e+00,-1.1905e+01
 4.5543e+00,-1.0074e+00
 9.2921e+00, 1.6514e+00
-4.6137e-01, 1.5735e+01
-7.4067e+00, 9.9691e+00
 5.1628e+00, 6.6758e+00
-9.3398e+00, 8.6486e-01
-1.1301e+01, 1.4957e+00
 8.0118e+00, 9.1924e+00
-9.9352e-01,-3.0931e+00
 7.8502e+00,-1.1870e+01
-4.2203e-01, 1.1953e+01
-8.7299e+00,-4.1163e+00
 1.3563e+01,-1.9751e+00
-1.5856e+01,-1.3058e-01
 1.1753e+01,-6.6577e+00
-9.9244e+00, 9.9614e+00
-1.0033e-01,-6.2672e+00
 1.7299e+01, 2.0724e+00
 6.5242e+00,-2.9746e+00
 1.6712e+01,-1.0241e+00
-4.1490e+00,-1.2982e+01
 1.0892e+00, 4.5451e-01
 8.8898e+00,-3.8546e+00
-5.3492e+00, 1.1006e+01
-2.6574e+00,-3.0031e+00
-1.1875e+01,-1.0317e+01
-5.3767e+00, 3.5649e+00
-3.7123e+00, 1.2373e+01
 1.3418e+01, 6.7104e+00
 3.3708e+00,-1.1809e+01
-9.5883e+00,-1.1348e+01
-1.5038e+01,-5.8365e+00
 1.1195e+01,-4.1833e+00
 7.0695e+00,-7.2582e+00
-1.7713e+00, 1.4090e+01
 1.2492e+01,-9.2372e+00
 2.4701e+00, 5.1737e+00
 1.4125e+01,-7.2688e+00
-1.6862e+00, 1.0865e+01
-1.2027e+01,-1.1856e+01
-1.2011e+01, 2.8835e+00
-1.1537e+01, 4.4697e+00
 1.2025e+01, 5.7754e+00
-6.9481e+00,-1.5955e+01
-6.9055e+00,-3.7800e-01
 1.6905e+01, 4.8393e-01
-1.0629e+01,-6.2954e-01
-1.3124e+01,-6.1978e+00
-1.6736e-02,-1.2825e+00
 1.4971e+01,-3.0604e+00
 7.2994e+00, 6.7358e+00
 3.0352e+00,-1.7155e+01
 1.4763e+01, 9.5169e-01
 1.2949e+01, 9.8150e+00
 5.8541e+00, 4.3609e+00
 8.1715e+00,-2.2617e+00
-4.3008e+00,-8.7521e+00
 8.0182e+00, 1.1764e+01
 9.2666e-02, 1.7437e+01
-7.8120e+00,-1.1840e+01
-1.3994e+01,-1.0898e+00
 1.5161e+01, 8.7390e+00
 1.3875e+01,-5.0670e+00
-5.6327e+00, 6.7919e+00
-3.0514e+00,-1.0345e+01
 6.1896e+00, 9.3542e+00
-4.5440e+00,-9.3581e-01
 1.1351e+01,-9.2567e-01
 2.3487e+00,-5.2574e+00
-1.6439e+01, 5.2271e+00
-1.4130e+01,-4.5426e+00
 1.3434e+01, 2.1782e+00
 7.4357e+00,-1.3634e+01
-5.9772e+00,-8.9278e+00
 7.5894e+00, 1.4691e+01
 1.5833e+01, 6.1363e+00
-5.7223e+00, 5.1410e+00
 9.3532e+00, 1.3505e+01
-3.3599e+00,-1.4447e+01
 4.7440e+00, 2.1446e+00
-6.1570e+00, 1.3492e+01
-2.0859e+00, 1.2364e+01
-1.1062e+01,-5.5390e+00
 6.7555e+00,-9.7760e-01
-8.3839e+00, 2.1316e+00
 5.3053e+00,-1.3931e+01
 1.8223e+00, 3.0317e+00
-5.5675e+00, 1.6457e+01
 4.9847e+00,-1.2280e+01
-1.2190e+01, 8.2545e+00
-7.0320e+00, 8.5106e+00
-7.3061e+00,-1.3788e+01
 6.4281e+00,-8.6374e+00
-7.7551e-01,-1.3928e+01
-7.3642e+00,-9.8330e+00
 9.7348e+00,-1.2307e+01
 1.1714e+01, 8.6120e+00
-3.3324e+00,-7.5371e+00
-1.5577e+01,-1.7858e+00
-1.1898e+00,-1.1639e+01
-1.1657e+01, 6.4345e+00
-1.8058e+00,-4.7545e+00
-8.5007e+00,-6.9157e-01
-2.3916e+00,-1.5592e+01
 7.2284e+00, 3.2903e+00
-1.1997e+01,-2.2655e+00
 4.5762e+00, 1.6866e+01
-1.1856e+01,-7.0431e+00
-2.8770e+00, 1.6862e+01
 6.3402e+00,-1.5212e+01
-7.1614e+00, 3.9513e+00
-1.3715e+01,-3.0726e+00
 9.1008e+00, 6.8936e+00
 1.0304e+01,-2.7330e+00
-1.4279e+01, 6.4108e+00
 1.5768e+01,-5.0011e+00
 2.9766e+00, 1.3473e+01
-2.1655e+00, 4.1302e+00
-9.0301e+00,-9.0326e+00
 1.6200e+01, 4.6608e+00
 1.0377e+00, 1.1219e+01
-4.7521e+00, 1.8261e+00
-1.2146e+01, 1.1604e+01
 2.0178e+00,-1.6781e+00
-7.2945e+00, 5.9925e+00
-8.9221e-01,-1.5452e+01
 1.8798e+00,-1.1639e+01
 1.0825e+01, 2.7495e+00
 7.7989e+00, 9.9039e-01
-6.9806e+00,-3.5492e+00
 6.5883e+00,-1.0458e+01
-8.8222e+00,-1.3986e+01
 4.9765e+00,-1.0464e+01
-1.2864e+00, 8.9202e+00
 2.7965e+00,-3.6920e+00
 1.5333e+01,-8.3198e+00
-1.0141e+01, 1.3336e+01
-1.0175e+01,-2.1262e+00
-5.5940e-02, 4.8200e+00
 1.9084e+00, 1.5147e+01
-9.2937e+00, 6.3428e+00
 5.5556e+00,-7.3243e+00
 4.4500e+00,-4.1845e+00
-8.0962e+00, 7.3788e+00
 2.6793e+00,-1.4721e+01
 9.6757e+00, 9.3261e+00
-1.3199e+01, 1.6857e+00
-8.6957e+00, 1.1882e+01
-1.6737e+01,-4.2097e+00
-3.2753e+00, 6.7897e+00
-7.4035e+00,-5.8616e+00
 1.3101e+01,-1.3341e-01
-2.2275e-01, 1.2813e+00
-1.7182e+01, 1.0439e+00
 9.0964e+00, 3.5639e+00
 3.8970e+00, 1.1888e+01
-1.9893e+00,-9.2551e+00
 7.9440e+00,-9.5427e+00
-1.2718e+01,-1.0820e-01
-5.2612e+00,-1.4968e+01
-1.7253e+01,-2.6103e+00
 5.7004e-01,-9.2854e+00
-9.8787e+00, 7.8531e+00
-1.8930e+00,-7.2428e-01
-4.6452e+00, 1.3916e+01
-4.2447e+00,-1.1326e+01
-3.5363e+00,-4.4414e+00
-2.3057e+00,-6.2106e+00
 1.5252e+01,-1.5250e+00
-5.3681e+00, 8.4112e+00
 1.1074e+01,-8.7104e+00
-1.6535e+01, 2.8661e+00
 3.6177e+00, 7.3470e+00
 9.6175e+00, 1.1978e+01
 4.4914e+00,-8.3860e+00
-7.8626e+00, 1.3416e+01
 1.1637e+01, 1.0285e+00
 1.2946e+01,-3.8241e+00
-6.2786e+00, 1.3234e+00
 1.0757e+00,-1.5111e+01
 1.0985e+00,-1.7259e+01
-4.0251e+00, 5.2740e+00
-1.1445e+01, 9.6423e+00
-7.2026e+00, 1.1727e+01
-1.0048e+01, 2.3576e+00
 1.1957e+01,-2.3038e+00
-4.5608e+00,-2.5338e+00
-1.5302e+01,-3.2820e+00
-1.3765e+01, 4.3304e+00
 1.6541e+01,-2.6844e+00
-6.8900e+00, 1.5240e+01
 1.3498e+01,-1.0875e+01
-4.4131e+00,-5.6809e+00
 1.5558e+01, 2.6261e+00
-8.3194e-01,-1.7385e+01
 4.4147e+00,-2.6426e+00
 1.1139e+00,-3.4448e+00
 7.1686e+00, 1.3048e+01
-1.5758e+01,-7.1904e+00
 1.0277e+01,-5.9831e+00
 4.2691e+00, 5.6718e-01
 1.1109e+01,-1.3047e+01
 3.7003e-01,-1.0881e+01
 4.0974e+00,-1.5274e+01
 1.0994e+01, 1.2634e+01
 5.6483e+00, 1.0977e+01
 9.1545e+00,-1.0070e+00
 3.2148e+00,-9.2375e+00
-1.1667e+00,-7.9838e+00
 6.0588e+00, 1.5661e+01
 4.4966e+00, 8.6012e+00
-1.6531e+00, 5.7013e+00
 1.2001e+01, 3.6824e+00
