0.5805027969
0.3448390523
0.8483713478
0.3270290011
0.3488214564
0.8026000751
0.2870696503
0.7111120097
0.3270290011
0.2942630661
0.5307218944
0.2881542625
0.8824724844
0.4465959791
0.7802530211
0.2970520675
0.9858131065
0.3018808225
0.3830357336
0.5007527675
0.5218945938
0.6859265215
0.7034980803
0.9194466057
0.4270398378
0.301586693
0.8916553415
0.5619952556
0.9548021725
0.4151613059
0.3397943192
0.7788535464
0.8729674808
0.3200657859
0.8943462018
0.482384673
0.5109462083
0.4796434338
0.7019696429
0.5276258962
0.425893185
0.5221145687
0.3429573549
0.380381344
0.3064383419
1
0.6380470553
0.4646482542
0.8485447424
0.2871129941
0.2969281537
0.9497464825
0.9452130625
0.7628539041
0.2871570318
0.3377301267
0.8056668144
0.6247023877
0.3988463327
0.3748385066
0.3236391342
0.6914411975
0.6203980637
0.3892839431
0.4172091711
0.405275953
0.8952365202
0.772215471
0.3324836835
0.4714804857
0.5083341277
0.6242494273
0.5451775415
0.9897488608
0.4310777447
0.3073639886
0.353059421
0.2878734693
0.31116756
0.5129093534
0.2860393075
0.5020483649
0.3455175646
0.9079081295
0.3585964565
0.9745713552
0.5168458064
0.5532340362
0.7675501788
0.6414330471
0.7124123783
0.2861991302
0.2862510612
0.2858508593
0.3456536745
0.2859136223
0.6721677832
0.8179397537
0.2867666983
0.5483067867
0.9210189508
0.4510048777
0.2890661851
0.2862644791
0.3327278043
0.3621887735
0.2974278117
0.2930641498
0.3837038596
0.6253817674
0.3049656152
0.6533682661
0.2859294866
0.7958304729
0.8337012244
0.2888656156
0.8100439471
0.9392316654
0.6874726701
0.310437717
0.3114438529
0.2858447571
0.3725954984
0.3298364783
0.2897421837
0.2862378174
0.3522023195
0.6063398551
0.3775931535
0.7221172181
0.2879837122
0.8257066885
0.4101832916
0.590240014
0.4205844153
0.7147925601
0.2930140539
0.5988550533
0.31645659
0.6126903102
0.3880902375
0.5260804495
0.3378580878
0.3306711668
0.3170619759
0.3348259816
0.5188189576
0.286883192
0.2869234123
0.2929641275
0.9330837224
0.3395343384
0.2877659935
0.4883216078
0.2934195651
0.445798309
0.6117832051
0.4100002652
0.3928970009
0.403118139
0.8915049766
0.8293588557
0.5922797869
0.3447037579
0.5997622161
0.440249508
0.9012308561
0.4698177128
0.4601336395
0.4798539475
0.430691549
0.6454918257
0.6826081797
0.3148693969
0.2857546129
0.2875094176
0.6040716328
0.2914561829
0.537377906
0.3138975584
0.5089865556
0.4243692484
0.3753221621
0.6067934966
0.7363993023
0.3132265385
0.5877476657
0.3376023061
0.2857458944
0.7921210774
0.3098074016
0.3930702356
0.2987900865
0.285741012
0.7427245233
0.4192682817
0.2861499843
0.4580925541
0.2888327902
0.3692748278
0.8572793198
0.6008962202
0.833881195
0.293471016
0.8768076227
0.3718000664
0.3249790399
0.6126903102
0.2857427557
0.2915006678
0.3187033622
0.3637069621
0.4213384964
0.4029389754
0.2869850445
0.9852864255
0.595453624
0.2861865826
0.6434630667
0.4648542417
0.2887353479
0.3583003968
0.9830890846
0.6194915779
0.6201714515
0.2908934116
0.4220940272
0.3222118724
0.3718000664
0.4648542417
0.850791473
0.2874847123
0.6914411975
0.2858839849
0.7458700927
0.7752410054
0.5094217281
0.2860291976
0.8799689834
0.6934214198
0.5356001841
0.6885761011
0.774234006
0.348404236
0.3077911441
0.8171932652
0.2858447571
0.3481267584
0.8690771075
0.2870912355
0.6147311033
0.4170225347
0.285898455
0.4151613059
0.3008628456
0.9649569932
