0.4816523867
0.8247340664
0.8921138324
0.7895595258
0.4608329257
0.3196897331
0.2928646825
0.4522913759
0.8432798288
0.3096390585
0.356845848
0.4803854607
0.90562006
0.3254098645
0.3316703802
0.3736722203
0.2889251569
0.3474969863
0.358607219
0.8083025593
0.5342672707
0.3620349243
0.4776478656
0.2899482517
0.8752677328
0.2945192689
0.4401225498
0.6731209784
0.6762517046
0.3516746524
0.5733775771
0.4122723333
0.5159278898
0.4837686457
0.2954202885
0.7999839173
0.6944745781
0.7349020256
0.9385089508
0.3080067493
0.723529838
0.3215846036
0.6422514117
0.5702070077
0.9702546607
0.3509699878
0.2918156688
0.9617523462
0.3397686597
0.3233103408
0.910184899
0.675357745
0.2942635993
0.5067534975
0.7166033382
0.8269570769
0.5360478575
0.5398383411
0.2964851976
0.3032353872
0.2978556969
0.3373390418
0.8228733758
0.615669451
0.3396395146
0.9928502944
0.4358067532
0.3307157946
0.311058431
0.487166678
0.4428895338
0.6111166837
0.4545160464
0.5278306774
0.4861032251
0.2917327094
0.5665874049
0.4498747726
0.4751300261
0.81894195
0.3866574481
0.3135457984
0.7968565237
0.2870439885
0.4873795378
0.2889797907
0.6404383846
0.2932362602
0.6083846776
0.7599334921
0.289091141
0.298479261
0.7736877926
0.2989257104
0.7769334114
0.3926366188
0.2925485282
0.4498747726
0.287284542
0.5076238558
0.2868119374
0.2901155873
0.3039898778
0.8640394632
0.3404164924
0.5690754167
0.343708029
0.2886119426
0.7685859731
0.5756440595
0.4759683153
0.2987973179
0.8775297393
0.9753056143
0.5137365287
0.6684153995
0.2915283167
0.6231781503
0.9150656678
0.2874664389
0.3374656419
0.302570377
0.346812526
0.400873898
0.4946494523
0.2953117435
0.4418995141
0.3590504679
0.3029381837
0.4526951937
0.4311448629
0.7553618216
0.9180730849
0.8104100162
0.3151708568
0.8539801446
0.8423895354
0.5449804466
0.3661442493
0.3876728294
0.5851771485
0.5747372956
0.3545264948
0.9530935263
0.3391243423
0.3664522704
0.4229176262
0.333974831
0.2868780947
0.2870439885
0.7111623339
0.6368097882
0.3313113154
0.5831326723
0.978682988
0.2982904336
0.6860554075
0.2884407916
1
0.2953117435
0.5595877913
0.3551031935
0.908342169
0.446270443
0.7074482355
0.2903571149
0.5699806567
0.287643398
0.2873238983
0.2871759084
0.2971891443
0.3992785047
0.9938546218
0.3099900725
0.6256796343
0.3656831501
0.344510894
0.6938116236
0.291899315
0.7021860276
0.287407327
0.2868145628
0.7074482355
0.3035352167
0.3466760422
0.6461010208
0.3533794105
0.3227668798
0.6361290721
0.4102536479
0.7843789271
0.3640020629
0.2869699706
0.6184004987
0.4159726412
0.9517020516
0.4240557132
0.3676893108
0.525618043
0.4670101833
0.3155598009
0.2896895082
0.9273273042
0.4407141432
0.2870623606
0.9584815859
0.7284806824
0.6445164126
0.917121272
0.3719223155
0.2872224425
0.2868987459
0.5492394196
0.2871759084
0.681828892
0.3003140879
0.4010516833
0.4360020554
0.2958055267
0.391946482
0.632723952
0.5207634333
0.5944995855
0.4480694906
0.4344419874
0.5690754167
0.2882332644
0.8982942529
0.4810186563
0.3070882684
0.8990373416
0.8881148391
0.3201065338
0.8975488448
0.3929823381
0.432693376
0.6290892514
0.4547187322
0.2870530871
0.383969525
0.3334853374
0.3697163155
0.7714475378
0.6900492411
0.5988232898
0.2880606325
0.287451399
0.8032878394
0.2870011185
0.4998178906
0.6010994954
0.862186054
0.5316003517
0.4048089174
0.3122416548
0.323638231
