0.8824921979
0.3065190088
0.7994518533
0.5521085325
0.286577743
0.682380884
0.4633403165
0.3184947618
0.4970346482
0.3014931788
0.4002004764
0.3993144717
0.4469187128
0.2994071525
0.7022294497
0.4701619161
0.6857073594
0.3403439355
0.2967979016
0.679492489
0.3885476064
0.3544937053
0.7142153884
0.6748164031
0.5941459769
0.5453883983
0.2923808628
0.2915773107
0.6790476835
0.3575518686
0.4350766686
0.9049888779
0.2867140715
0.9704275588
0.5269313831
0.2866620565
0.3113955534
0.9262560117
0.8767894043
0.9189453251
0.9503251761
0.7155156471
0.3712910779
0.3138287276
0.6386266635
0.2987449254
0.3679954896
0.7595601253
0.2894325257
0.630021207
0.5256059659
0.3542054444
0.4880463766
0.3669089135
0.3550717947
0.4886852661
0.4497225627
0.3066016859
0.7732620159
0.5386925684
0.9834592367
0.6925596017
0.8227982793
0.3653671313
0.2883391038
0.319218864
0.4976801759
0.8823353416
0.3795139655
0.6993796026
0.3568185513
0.6991601296
0.7809147068
0.4670522522
0.6059574732
0.6191314988
0.3505059444
0.8443195974
0.3639901279
0.2957984814
0.9687169907
0.8341472653
0.5148328655
0.3099512421
0.3111216563
0.7275771689
0.6739243409
0.7026673375
0.6433744053
0.5287006058
0.2913639309
0.2993401826
0.941213118
0.3765768081
0.4821077345
0.9099361654
0.2871023291
0.4590376409
0.2933384913
0.5028604267
0.4762147233
0.2907098952
0.8571376917
0.9363975331
0.4972497737
0.6107283217
0.9662493661
0.3106683259
0.8198227727
0.3322913896
0.4874079834
0.5111179957
0.6613928851
0.4407642667
0.5775909177
0.9927953636
0.3106683259
0.3020012674
0.7910434763
0.3060263337
0.8767894043
0.3038814194
0.2866747987
0.8190759546
0.8071613685
0.2944171345
0.2980993296
0.3238304664
0.3856683114
0.2909906355
0.414718802
0.3605172244
0.6018681681
0.504593347
0.3591764852
0.6177691992
0.3453968285
0.3351181709
0.2862031972
0.3008517683
0.6179962618
0.5006985691
0.4957449607
0.3824885355
0.7222094762
0.3533438052
0.8239092122
0.6772673211
0.2862954097
0.2873273429
0.3215432976
0.3202662909
0.2925669395
0.4598548369
0.3709749105
0.2931905084
0.3608165656
0.2867688755
0.3066016859
0.8962391
0.2864438351
0.4028739282
0.382156198
0.3746397699
0.3247192027
0.4814741154
0.286577743
0.3846597788
0.4059314857
0.4716180775
0.3926665457
0.9299197789
0.3421823321
0.5384698257
0.4672591046
0.796922779
0.286491849
0.2950670198
0.2864347558
0.2873472248
0.6505959431
0.7777032963
0.5995965486
0.4561863663
0.9217230223
0.7874876051
0.4876207258
0.2910314273
0.3024431751
0.8207546449
0.5333553094
0.3100403218
0.2890746606
0.4559832395
0.3556519693
0.3408664115
0.5957354832
0.4086533322
0.3185977453
0.8883862224
0.8509576033
0.5780437823
0.2873672805
0.5719345317
0.7618273921
0.5559263268
0.8321550521
0.4360523567
0.4976801759
0.4139780143
0.2864625172
0.6363637261
0.3683070431
0.2862954097
0.8905247954
0.8521676257
0.7464473313
0.5703523391
0.3146956741
1
0.2866009606
0.4208876055
0.8888459881
0.5617774947
0.585295672
0.3188041721
0.2907892489
0.399845764
0.2871562337
0.4814741154
0.5671902758
0.3107586753
0.2871023291
0.2865334005
0.3795139655
0.7466571178
0.4167637762
0.2866128311
0.3386613307
0.3358680541
0.5696744879
0.7708272151
0.5875639183
0.7354687433
0.2862473837
0.6426965462
0.9747497624
0.8134377491
0.454360826
0.6286610245
0.5602008127
0.2866877153
0.3250549461
0.9946477208
0.2869992197
0.6834904698
