0.3428374436
0.9311675118
0.4968742296
0.4144115539
0.6181695371
0.3634057075
0.7678787791
0.7486985546
0.5943476343
0.3296219928
0.9703624662
0.287733101
0.6615040189
0.7331091213
0.403649504
0.2942811963
0.8674844793
0.6385461402
0.5936672401
0.6410304228
0.367403101
0.2976183797
0.3314135483
0.2951628693
1
0.3147108881
0.6525236652
0.9536894544
0.5741921526
0.319152058
0.7007392515
0.3575683023
0.5685467367
0.2989180033
0.3805441913
0.6292730816
0.3694329202
0.7741620709
0.2865308431
0.3823667425
0.761744544
0.6565689124
0.6974526975
0.7428322916
0.3928920045
0.5258642476
0.2876573941
0.5723846246
0.3865597087
0.2912310742
0.382866188
0.4593087774
0.8581536555
0.4096270616
0.5624610014
0.9912413799
0.9365928617
0.5784884055
0.2986527629
0.5367184785
0.3127913251
0.6294994757
0.3901354149
0.4893827084
0.3678696929
0.2934427448
0.9476921897
0.2858633422
0.3185289252
0.4390599089
0.857984632
0.6274615834
0.4157106983
0.379884872
0.9129980125
0.4977344131
0.4359249538
0.6220237849
0.306569533
0.3724363454
0.4006127852
0.2896098449
0.5252023797
0.8645142902
0.4081680724
0.2885148014
0.3025313112
0.4270312504
0.5094221182
0.6054648423
0.4234112177
0.7753715338
0.293909047
0.5046440092
0.289327154
0.3228959964
0.9504699951
0.3396796984
0.9011832153
0.4636121322
0.3428374436
0.8234846562
0.8151079549
0.6590377648
0.3087895733
0.3171977151
0.6751282288
0.6199835197
0.3130752762
0.3337295644
0.2983249464
0.2906858389
0.7055445253
0.3429707433
0.8801884187
0.4870416954
0.6504987039
0.7940256365
0.6655338069
0.8111484942
0.616355215
0.538720507
0.836034406
0.3822004872
0.6043302454
0.4211414944
0.3353440361
0.5172862496
0.8184764461
0.765635594
0.5611104061
0.3101194104
0.3261375905
0.3318968066
0.5489891617
0.8326149848
0.332260767
0.4224639216
0.8227461024
0.3510757887
0.3029085344
0.8960638861
0.3004241585
0.3055814888
0.2866254816
0.2858870667
0.2867791794
0.9264274481
0.3112089539
0.537830414
0.682013981
0.9421527956
0.7509919448
0.9756733953
0.7129340517
0.735867483
0.9562120518
0.2873473543
0.5920798333
0.288923777
0.3145161256
0.4065342284
0.4796382319
0.8411992419
0.2877844383
0.4166414787
0.5016150082
0.805437826
0.3135516572
0.4406351751
0.3600891244
0.4351445008
0.556388971
0.2876824565
0.4634065271
0.8094419512
0.2861825165
0.4832254448
0.3035978097
0.3117622485
0.513128938
0.4473864873
0.5057280135
0.3332376665
0.3180138539
0.8218212388
0.5599854428
0.4345600322
0.2859554452
0.2944975683
0.6901945025
0.5166288502
0.3020840358
0.8795583567
0.3291497769
0.2886686487
0.8830060612
0.7284228643
0.4081680724
0.7522401684
0.5018310576
0.5816567877
0.6862201775
0.2874163013
0.2864712307
0.3894506017
0.2970552734
0.2864858727
0.5866396166
0.2871498811
0.2874163013
0.3199914432
0.3038304984
0.9346873271
0.2859114883
0.8396034355
0.4406351751
0.9813010156
0.6751282288
0.4942985339
0.3078371267
0.2873022568
0.929064816
0.4746031427
0.3498091977
0.2872141438
0.3212687534
0.4509966817
0.3572741655
0.2859074762
0.8141680972
0.3059903549
0.4735585919
0.307751499
0.6904149895
0.4455906183
0.3002140667
0.286515679
0.4157106983
0.4304899153
0.2871498811
0.4041884359
0.5402793133
0.3316548883
0.2910179476
0.421707706
0.7891196784
0.415896667
0.6371903796
0.9714313179
0.3486923925
0.301715807
0.4507954778
0.6464444221
0.9933411001
0.2928423562
