0.3540524507
0.3576862207
0.5586143833
0.2928441685
0.777106048
0.5013087513
0.4602167373
0.2964959062
0.9001943105
0.8900048089
0.7746808862
0.6724444315
0.2929861381
0.2865513054
0.5832602957
0.3819589071
0.6569666529
0.4717808566
0.4354190689
0.8022137481
0.4373740547
0.2973960757
0.3107324533
0.9678128356
0.3151378599
0.6212091008
0.6560661668
0.8797125766
0.2876754612
0.3018749104
0.9095308695
0.3767109751
0.5828066046
0.3249747529
0.2867697314
0.83335463
0.6314243326
0.7480840159
0.3002534506
0.5775923033
0.7539354543
0.3168164362
0.3194700855
0.4751225038
0.3471694576
0.8234458119
0.560191029
0.4120888825
0.469908333
0.4686628962
0.2865862576
0.3661162707
0.4931306831
0.2878037186
0.9767622465
0.9453709501
0.4405191289
0.9920799777
0.2936689284
0.872147521
0.7801251292
0.292336749
0.4250091664
0.5525430355
0.2868265122
1
0.3801415679
0.2872587846
0.3945374644
0.6502054995
0.2916355978
0.3068429778
0.3417914116
0.2933722196
0.3759017659
0.3198875528
0.9525600479
0.8638894364
0.3593107029
0.4680410604
0.4559357358
0.2940228213
0.8887781664
0.4128256542
0.7940267293
0.3570993633
0.6619133935
0.4665924186
0.4156022063
0.5471608417
0.3065952355
0.3021658044
0.3361323784
0.8081794672
0.7334931669
0.6838063373
0.4880044776
0.9607575665
0.287717518
0.7750856857
0.2867274489
0.3049808204
0.5583892318
0.6000684241
0.5359984556
0.7221313534
0.3139800859
0.299844846
0.2923820244
0.5139244669
0.2889353104
0.5420171549
0.9697389173
0.6704320403
0.3393143486
0.5080326257
0.2885933903
0.6571917241
0.6273402525
0.4100707548
0.8051086857
0.3171173081
0.3038126406
0.4606260772
0.8293443211
0.5041229362
0.8010514581
0.2908599515
0.3488253963
0.3606513495
0.3803062057
0.5787253247
0.7407124619
0.4124570755
0.3682850977
0.6436546176
0.9850729517
0.2867588989
0.3460763299
0.5818993463
0.335381905
0.8498904016
0.3770354814
0.4417038804
0.5588395559
0.4755413364
0.6146189202
0.3275850611
0.4789008323
0.785125868
0.2867697314
0.3964581915
0.3158236006
0.4585821857
0.3204128246
0.3208357869
0.5282310964
0.9169809151
0.4730320833
0.559965732
0.2910580623
0.8389422731
0.6784686964
0.956187356
0.6708794177
0.8655581525
0.308359861
0.3416597851
0.37095093
0.2864284358
0.3794841714
0.3591623809
0.2905141795
0.698611595
0.3878327057
0.2879612633
0.2923820244
0.5054244971
0.374773828
0.4526953605
0.3239748125
0.4197129034
0.4526953605
0.7679672325
0.5375567269
0.411904931
0.7165121783
0.9967462329
0.3072591064
0.3794841714
0.7447219073
0.940910657
0.2881030786
0.303129354
0.9249261485
0.9772220016
0.9227108989
0.2871438846
0.2989800341
0.462471547
0.6221177425
0.3094877034
0.2881763311
0.4541107193
0.8514539738
0.4010486917
0.3143635099
0.679582086
0.652461096
0.2865862576
0.8610332088
0.3298004389
0.608025929
0.2868032763
0.6427500045
0.3831226036
0.3104630966
0.7162954847
0.2881273224
0.2867073552
0.7809278726
0.2867377577
0.3934952351
0.6686415247
0.3060228229
0.4089749375
0.759537881
0.9176564718
0.8376870757
0.5458176126
0.4462719104
0.4835451739
0.7154282946
0.354196236
0.5462652486
0.3049018023
0.5449226655
0.3022389389
0.7636617254
0.9013648998
0.3324316284
0.2878257035
0.5095570568
0.3670428111
0.2868626751
0.430568371
0.6583167735
0.868210383
0.2874756168
0.3581277185
0.3994516982
0.3667334702
0.2872250847
0.346621807
0.2866014614
0.6917797992
