0.5545671963
0.9599366074
0.3311757622
0.8487600378
0.4914605879
0.3138123005
0.3012427344
0.3666715117
0.287865476
0.3087610887
0.3344226886
0.9047421203
0.2884406586
0.7479391033
0.7327854287
0.2903181301
0.7857522298
0.8886057251
0.4053419782
0.3182646679
0.2995372713
0.3834929683
0.64384579
0.3352818308
0.5290351357
0.3441256403
0.3059192675
0.9138356586
0.8863978989
0.5963785695
0.5352684106
0.3573797772
0.6757315582
0.2907163618
0.7108339231
0.2889001861
0.8645633286
0.3547754544
0.2878999005
0.7905635108
0.3190727787
0.2934964119
0.4295818113
0.9397788842
0.3834929683
0.5406321566
0.3037900381
0.3358998467
0.6059716696
0.4938207086
0.2926023669
0.3424079538
0.4042631276
0.4191306444
0.5173165192
0.2936303259
0.5453400651
0.2922424714
0.5372776392
0.3029170601
0.3952445909
0.29765219
0.2953066665
0.7103949917
0.3350356369
0.4494568357
0.5007230804
0.4228990157
0.2884116988
0.3418841936
0.4120753138
0.3928175117
0.5813265854
0.3764443983
0.4557205685
0.2884116988
0.5179768289
0.3808449768
0.2968540595
0.6187654352
0.8948161733
0.3049146732
0.7176171514
0.3601747806
0.4379397794
0.5175365805
0.6477098032
0.3694602273
0.3098672242
0.8002708916
0.702689225
0.9538800817
0.7037928214
0.9963696206
0.3184657633
0.2933202661
0.4340325796
0.6922728419
0.4334494406
0.5568241949
0.2882052638
0.6597257155
0.5404083022
1
0.5636087422
0.8437623268
0.6274410991
0.2947572234
0.5319257491
0.2880437293
0.4647322581
0.8451966
0.3833266018
0.2907482116
0.3090985315
0.8094310198
0.7314938117
0.7845437283
0.8115528899
0.3462719755
0.3321266855
0.3985723124
0.643618365
0.4393152524
0.457144912
0.3288397872
0.3310575589
0.2887507244
0.3453285931
0.7284736569
0.945627022
0.2932332249
0.951339602
0.9563651433
0.7334306144
0.695383413
0.3056072106
0.3182646679
0.9995227786
0.5372776392
0.7099559057
0.5770020229
0.5332618885
0.5856555526
0.695383413
0.2883695736
0.4540971866
0.4903900019
0.5922698549
0.3297670675
0.9941614993
0.3380280291
0.8203333364
0.6256153594
0.311980741
0.8441213693
0.617623377
0.396641022
0.4690810345
0.2884406586
0.2933640447
0.7996811168
0.7981054477
0.2898951706
0.4060632569
0.2880351249
0.4416826389
0.6002607053
0.3026313634
0.8088508635
0.5345992654
0.2888240554
0.4867605028
0.4073294086
0.4223313901
0.2883974818
0.7847453016
0.7897641761
0.288264953
0.8906400437
0.3547754544
0.9830614888
0.8096242661
0.3491425159
0.3610671303
0.3191744911
0.7764302602
0.78333298
0.3318880728
0.506369431
0.8871884284
0.397868532
0.3584040509
0.2910762593
0.7099559057
0.2878619632
0.4454549621
0.2879587347
0.6743836379
0.4005164439
0.2953066665
0.2879871843
0.4608238843
0.6626648675
0.5751826395
0.9535518515
0.4422763292
0.360769165
0.4208217969
0.932029596
0.3748365161
0.8148154141
0.8978666164
0.5421999959
0.301859386
0.6171665295
0.6080279292
0.2880351249
0.360769165
0.3169727431
0.3612163059
0.313072042
0.5035421164
0.3829942144
0.7167440689
0.5052810379
0.3098672242
0.6479369629
0.9470216402
0.2878470337
0.4369598072
0.8596012542
0.3213461596
0.9634850561
0.2879271228
0.2959296083
0.3769290931
0.4387252642
0.2878999005
0.4597996061
0.3379016943
0.2878770681
0.287828591
0.301859386
0.3870130846
0.8437623268
0.8034061376
0.3657509263
0.4690810345
0.2898951706
0.330468755
0.8764108613
0.2879587347
0.6283537944
0.9543162551
0.2903774839
