0.2960564697
0.6542601013
0.6924026628
0.3721177882
0.290541207
0.5566518723
0.5896601943
0.3207189934
0.2864794075
0.9673177691
0.2947120379
0.3023968948
0.8909106961
0.9785616492
0.5785498463
0.3419494532
0.9187629365
0.6636971278
0.4560251341
0.6416254302
0.2886759484
0.7751536636
0.4592840287
0.554853734
0.4304621844
0.4179223999
0.2894926897
0.8055103494
0.3110592504
0.6187342621
0.3058915022
0.2919544341
0.5654368051
0.6939459429
0.7042634716
0.5640833628
0.3564128545
0.3096249583
0.3686529533
0.5921570991
0.4179223999
0.4652363087
0.8344045696
0.3241924029
0.8759082797
0.9319907775
0.607603616
0.3180113627
0.723996683
0.5223461965
0.3848629442
0.6423035734
0.6556104868
0.2944974172
0.2871465031
0.3880728213
0.6012418945
0.2880258427
0.3245259346
0.5629559996
0.4275782174
0.4714531745
0.3727540254
0.4316212115
0.3762873607
0.4594883115
0.3003204295
0.7507021135
0.5096387879
0.3111502414
0.4186711516
0.3918392704
0.7885498922
0.9634141614
0.493859264
0.3144341736
0.3228717759
0.3487218893
0.2881016466
0.3614499748
0.3686529533
0.289459118
0.712979151
0.8671120732
0.2864610727
0.4542000782
0.945609243
0.2909362944
0.8102885192
0.7112410666
0.4112514792
0.316297116
0.4134614083
0.3933952439
0.8062777917
0.3508195748
0.6877630879
0.7051378305
0.4376579696
0.4752110425
0.3165963869
0.5799089938
0.8003012579
0.7930827052
0.4233841723
0.8060860353
0.767025164
0.2986419103
0.9310012098
0.3714834701
0.3006685539
0.4188585714
0.2869444448
0.286604073
0.3598041502
0.3857037457
0.3470654825
0.4471595716
0.480252581
0.9049289531
0.5629559996
0.2866272928
0.7779759441
0.4679230449
0.5577764207
0.3953087818
0.300389724
0.2886179626
0.5753802101
0.3431432374
0.2887642248
0.8215742958
0.65200792
0.5005286326
0.938383405
0.2970065891
0.616917577
0.3176040007
0.2880009217
0.604422682
0.3754793017
0.2889454475
0.4829977468
0.7066664942
0.8406788493
0.3116075687
0.2891328929
0.2876257901
0.4041665222
0.3116995082
0.2865282983
0.3092727443
0.3193522581
0.9108562192
0.5334043128
0.3014489462
0.4863897897
0.6813331445
0.7618973869
0.8805270077
0.3515254674
0.684883892
0.5197058908
0.939440597
0.4247139703
0.5146612867
0.6804442651
1
0.2863334154
0.8304121893
0.6529090192
0.3451576477
0.8298649061
0.3204013072
0.6601065007
0.3426112853
0.9100197682
0.2869132066
0.2877382439
0.9175574196
0.2862294929
0.4668883585
0.3345279272
0.4400161203
0.49343067
0.3767736061
0.5566518723
0.3890947801
0.6906369069
0.3312364569
0.6744323854
0.2972508252
0.8041646568
0.9010303531
0.8440445557
0.5148801671
0.2971895151
0.6060131472
0.2870423397
0.3344041498
0.2888843483
0.3369068169
0.2958831091
0.5126932561
0.2876479335
0.3353983744
0.2874548991
0.6080580318
0.3094485327
0.5309640501
0.3056482921
0.2870763645
0.3124407016
0.3830230822
0.9770742598
0.5420870695
0.3911505351
0.8682665316
0.4917183991
0.8429847961
0.9971414822
0.2868236734
0.2864023983
0.3272424876
0.7567342737
0.3235293856
0.3787291047
0.9821542431
0.8353067344
0.7242115905
0.2863004062
0.3240815251
0.755904963
0.542756854
0.837284672
0.2864610727
0.3136666083
0.288420465
0.3408977295
0.2863458153
0.9424481341
0.2865815509
0.7160145147
0.9357644181
0.9634141614
0.2880762052
0.3224363812
0.391666924
0.6828875449
0.3725947865
0.7123276723
0.6619025269
0.3163967182
0.426812475
0.4020171506
0.3195608469
