0.4477152442
0.5508950722
0.6345453172
0.3073093961
0.9656717981
0.2912720085
0.2895432753
0.7449000764
0.4886605293
0.7557221941
0.2972490916
0.7789152862
0.4208865052
0.4649776942
0.2978208526
0.2857514518
0.285771325
0.2919493852
0.3701524245
0.3667154401
0.398422242
0.4743157841
0.3062177306
0.3384398767
0.3063839139
0.2912282139
0.5822096947
0.3370325586
0.7421724006
0.2957317849
0.2879325621
0.7296875061
0.4497189505
0.3522822598
0.6053250329
0.3243605154
0.7641506912
0.5406202828
0.7590225994
0.8664664337
0.8651485125
0.2859038001
0.4686972979
0.291856854
0.3772003188
0.5992021836
0.3152064857
0.610767555
0.6295708158
0.4473154103
0.9667209806
0.3893857367
0.2991396058
0.2961460951
0.3607690329
0.3515710927
0.6682578954
0.4337135534
0.7534449872
0.5169730476
0.3102017295
0.2863573569
0.6082731578
0.5056386171
0.4567901259
0.2869133577
0.4901520249
0.9701055781
0.9127181311
0.2944832094
0.3041160176
0.287508273
0.3161998555
0.9657598242
0.5043384616
0.4952854021
0.3184394758
0.390242051
0.3504400871
0.4503215263
0.473689247
0.8119798953
0.2859125148
0.7009709049
0.5330643867
0.6426723619
0.326855793
0.8292115492
0.5982952026
0.6994398862
0.8207681788
0.3301346828
0.9712490874
0.552463318
0.3846410891
0.3975409345
0.6055518151
0.7286218029
0.2857139703
0.3126963755
0.7411210056
0.4686972979
0.8911962022
0.9198088906
0.2944283906
0.5041219307
0.9142122435
0.2859885026
0.3445073991
0.4139755375
0.5495517937
0.9611332333
0.4263903699
0.5937611082
0.9248508696
0.6483047308
0.3814712927
0.8925467697
0.2859587009
0.3994832319
0.4435322985
0.3092183793
0.3355167575
0.7661919089
0.3266259897
0.2898409137
0.5093312473
0.3738079709
0.9807736306
0.2922786033
0.8908950678
0.8233546665
0.3327909612
0.3768750152
0.440565533
0.3728482703
0.3073093961
0.3477880338
0.9579910808
0.287610193
0.8499506467
0.2862002188
0.2896536021
0.7371142968
0.312980624
0.8967008209
0.3366517
0.6930784079
0.42581754
0.6716028444
0.2919959061
0.6016965672
0.3793260907
0.4415524774
0.6381595187
0.784095319
0.2859214036
0.4910054878
0.7702568261
0.853727854
0.7797149686
0.5078091871
0.3647123156
0.2936263497
0.3300156079
0.2918108436
0.3284808933
0.7029366972
0.8636593252
0.7446905627
0.5139101753
0.3192722577
0.8297566603
0.3057230405
0.3281302354
0.3312128869
0.3589777316
0.4193815247
0.2858706834
0.6974688191
0.6561713786
0.6406422971
0.7245616535
0.5529115987
0.3482035731
0.2965686069
0.3484812692
0.5846994654
0.2938894763
0.2856902601
0.915425984
0.4804005
0.2897654742
1
0.8049501563
0.2858551704
0.2903479892
0.635449172
0.6114478001
0.3238034373
0.5919479647
0.4050236329
0.6053250329
0.4555716177
0.4186312306
0.5295213446
0.2857514518
0.6568445454
0.5751998912
0.2861869773
0.2882499322
0.3160998232
0.2866234788
0.5648220095
0.3365250295
0.7191947149
0.2858332076
0.8682696216
0.4961438561
0.4455199387
0.2856951417
0.4284974768
0.4799792535
0.4567901259
0.2888804646
0.8958167702
0.3765501774
0.2858787013
0.5901351785
0.2868322373
0.4053844068
0.3618223611
0.6882332174
0.4093790441
0.303259771
0.8374938631
0.6123547558
0.2877682644
0.7027184252
0.2892215729
0.3909290558
0.3334043857
0.2856928752
0.2867538941
0.5112913347
0.3114809319
0.9897713413
0.5457507135
0.7586108272
0.5191656422
0.9337614402
0.4437307125
0.3185430394
0.2935222822
0.3278971963
0.3595728031
