0.3125646454
0.4682927363
0.5511107593
0.4827294198
0.3945720286
0.6347297629
0.8118263992
0.3050246795
0.3876878556
0.4374323712
0.5002372754
0.3158668236
0.4401828685
0.2856509377
0.479777052
0.6293055956
0.6855157809
0.8770757622
0.3975494412
0.3778563631
0.3343766451
0.294747436
0.3073502159
0.3831400053
0.8724447378
0.5242226545
0.3301147764
0.5873957157
0.3450390149
0.8408657284
0.8564276879
0.8711542745
0.8038456574
0.5715714331
0.6433030997
0.5994030716
0.6191206193
0.351139561
0.9261077677
0.285569907
0.6905869985
0.3848149318
0.6039365937
0.9117876478
0.2857664574
0.3337570426
0.2976312216
0.4974384447
0.8679038444
0.2876202694
0.5224616753
0.9437633008
0.7281016655
0.9065242151
0.297376214
0.3607670855
0.2879242056
0.7879158207
0.3703117171
0.3755818371
0.355883056
0.5826430565
0.380483575
0.7242564164
0.5738285223
0.303909283
0.3858252488
0.5953236605
0.2993534832
0.7771859128
0.2931415294
0.287121272
0.2910619221
0.6833056487
0.515442176
0.3507154137
0.9134209586
0.7391246556
0.7349004492
0.6424016225
0.7695270795
0.3518491116
0.616175678
0.524442942
0.2953164171
0.4907986412
0.5946438701
0.3242238716
0.4600624751
0.3930080984
0.9879291554
0.7000199512
0.5410606052
0.297123869
0.4207091978
0.6250072816
0.3132298002
0.9856259129
0.2858100124
0.4590413242
0.4043128241
0.7626017957
0.3033634911
0.4495294967
0.428125054
0.3174826711
0.5377228674
0.6451052978
0.7759824493
0.619573603
0.2902256739
0.2890648617
0.7332053129
0.351139561
0.3940497627
0.3063381406
0.622290964
0.3818081631
0.5794768919
0.5292982724
0.3598687734
0.9166457434
0.3153699607
0.5412833523
0.4827294198
0.9865267023
0.7405984508
0.2864494682
0.7113361652
0.5520065699
0.7749778792
0.3215851387
0.3681152701
0.7293801096
0.2863476292
0.8292255566
0.3256890687
0.3759053708
0.4555825191
0.5237821889
0.4028767472
0.4037735414
0.2876202694
0.2858192457
0.5582873137
0.4716142363
0.8584523833
0.2918263953
0.3274107516
0.556266649
0.46313624
0.4296627414
0.9268620256
0.6699831963
0.6295317273
0.8784979253
0.9515808349
0.4674649334
0.3579380927
0.3343766451
0.4555825191
0.6771011989
0.8554108426
0.3172785388
0.3014793422
0.2979537213
0.2924928778
0.8405124961
0.5279724119
0.2862675413
0.3844790508
0.3035186201
0.5352794605
0.3479182961
0.4292778031
0.2868131946
0.9342062099
0.8122033202
0.3076068352
0.7753798904
0.7308695057
0.9825003996
0.3296389685
0.31997993
0.2976312216
0.336763536
0.8614668018
0.6556706169
0.8859609012
0.5052088899
0.3039879022
0.4543666713
0.4288932085
0.2866719009
0.7767850039
0.356467639
0.3259167077
0.4804087434
0.391625193
0.4125086297
0.2874633023
0.3009700829
0.2927886972
0.5346137249
0.2993534832
0.2896434043
0.7767850039
0.9638425003
0.3486125781
0.6704288742
0.7056911125
0.6810924458
0.4218412724
0.289421299
0.3624257629
0.2865391103
0.2871917074
0.3124702487
0.2886272003
0.28567359
0.2874633023
0.3170750201
0.2874123637
0.6793197265
0.2895686827
0.948115686
0.2878112643
0.6462311433
0.2866330929
0.3647119545
0.3986074989
0.2865949791
0.3465397919
0.706778768
0.8009655794
0.4021611286
0.7048202924
1
0.2857502543
0.5315107485
0.5337265184
0.3086476698
0.2869193219
0.4028767472
0.2861066443
0.2856990294
0.319242497
0.9406181287
0.3231139172
0.2855965696
0.3416894361
0.4346978303
0.2902658621
0.6392445629
0.9326457259
0.3325285631
