0.8944087477
0.2908203995
0.3644363774
0.5685991603
0.414450356
0.8481793507
0.3227735929
0.798511248
1
0.2880017165
0.2936266864
0.3681309108
0.9608198864
0.3275654139
0.4135256616
0.3722133544
0.4801346221
0.5530301314
0.8999506445
0.9377615458
0.3251905667
0.5516812448
0.6004028006
0.3383487213
0.2870506754
0.2953629143
0.2884495445
0.3044816993
0.5965323356
0.7120701787
0.3767010438
0.3326317573
0.427258603
0.3945100343
0.3867951997
0.2940175153
0.2966485808
0.4085742901
0.595394202
0.2882917327
0.4506383936
0.392086118
0.9317280757
0.8229799925
0.3866263006
0.3362006052
0.3395025558
0.2892794984
0.956060037
0.6399861966
0.3126298476
0.3556637586
0.8322156431
0.2902871131
0.429562374
0.3144168594
0.6802883933
0.2869141179
0.9254538208
0.3336041458
0.8222330849
0.4280251181
0.2927872684
0.4454323299
0.3682863986
0.3883203194
0.542712545
0.53891449
0.8566983677
0.2883359512
0.3491390729
0.287763015
0.5498841203
0.3355766535
0.6288587044
0.874767257
0.3101005104
0.6578551646
0.4587469519
0.2869624409
0.5429362257
0.9530066668
0.4595641982
0.406939808
0.2869277747
0.740271993
0.5289051062
0.2927422585
0.4311052181
0.3013175928
0.7719264048
0.3539346275
0.5067164833
0.9050756806
0.4418591127
0.3013175928
0.5505578529
0.5963046991
0.6067793938
0.7259438136
0.2944192465
0.3978332598
0.8055089744
0.2875242408
0.6641604693
0.4803455832
0.2876307798
0.8804073446
0.5147959024
0.6213521737
0.3054979608
0.5550550838
0.3350800727
0.3395025558
0.3905391348
0.4418591127
0.6811803291
0.3953808361
0.8670258353
0.743873152
0.3393737873
0.7735565004
0.8062810271
0.3259748651
0.3917415794
0.7698834628
0.5564061009
0.2908573327
0.4803455832
0.3377126557
0.2987759986
0.2869624409
0.9733440189
0.2942170192
0.4567088428
0.9762970399
0.2886403441
0.9929457585
0.3049473177
0.3854471504
0.7711099347
0.568372862
0.558434144
0.64112005
0.9869983068
0.3096619865
0.70945011
0.2879440151
0.3196997729
0.558434144
0.300900335
0.3718964017
0.9976524365
0.3656599239
0.469042258
0.9487614329
0.3941624649
0.298585598
0.5304576397
0.4982692682
0.539137664
0.385783488
0.402799846
0.9510670693
0.34530671
0.6942799001
0.2986488976
0.3224496722
0.4146355829
0.3113496024
0.7198954311
0.6920674271
0.4532607317
0.2975955887
0.3274508357
0.8186692444
0.7975324148
0.7608257906
0.6544706955
0.3377126557
0.3087113279
0.4450340377
0.8289124625
0.29585535
0.744295866
0.910509164
0.3599199677
0.5196277678
0.7013368237
0.5600127271
0.4208011588
0.6546964622
0.5699573043
0.6995759622
0.3809510715
0.57584914
0.297839066
0.2882698847
0.4051332378
0.3241929866
0.489472107
0.6551479385
0.7684499152
0.4247772556
0.6056406346
0.4719550189
0.3321490468
0.620441803
0.2920454034
0.504760622
0.8780033422
0.8051225339
0.6379444356
0.2929690193
0.7293844499
0.4542726782
0.3395025558
0.2933407294
0.2924757955
0.4890452882
0.287763015
0.8290966163
0.2869710197
0.3273364061
0.2882482109
0.2955255357
0.3022420793
0.4830934869
0.8606289727
0.4918235312
0.351799941
0.3203251963
0.8296486245
0.9745092702
0.9152538082
0.2876955009
0.5649804993
0.733241167
0.756047777
0.6381713488
0.4208011588
0.2874672041
0.3051823298
0.581750288
0.4616122591
0.2880017165
0.3414509477
0.6056406346
0.3258623734
0.8666922067
0.3080321463
0.6858552822
0.7345233775
0.2873615178
0.3481709951
0.5196277678
