0.4206128278
0.2884035848
0.9704251476
0.2876307798
0.9065188212
0.3019546487
0.3210618232
0.2936749432
0.9644015509
0.8568701765
0.7820511192
0.4452331445
0.985705323
0.2882917327
0.6776098632
0.3173536457
0.3184655222
0.5593360639
0.3540779984
0.8274365217
0.9767754005
0.5313455696
0.8165939594
0.3632208592
0.3700048683
0.6942799001
0.3257500313
0.2877978193
0.7959628149
0.6565019054
0.3203251963
0.4486299016
0.3132816017
0.3537913885
0.5271329171
0.758959604
0.7002365538
0.7059479813
0.4462298556
0.6051851361
0.7072624287
0.8851554839
0.3477581352
0.2935306846
0.2883583216
0.4824584697
0.4841530167
0.65424491
0.6145225846
0.8558380848
0.4118672936
0.2987759986
0.5604639408
0.5710895432
0.3145124859
0.6666328142
0.3755703644
0.3658134294
0.7457737689
0.5088940707
0.4247772556
0.2934829397
0.2895147712
0.4516454846
0.8899771322
0.3048693065
0.3522244898
0.5735818502
0.3693782548
0.3087113279
0.3846082817
0.2906383214
0.730671688
0.3173536457
0.9509583201
0.519187689
0.2870874369
0.595394202
0.5985812657
0.8614776153
0.3199076339
0.3510950253
0.6931740792
0.8813633775
0.9895676721
0.3006939438
0.3352040025
0.3319085646
0.8832658521
0.3827727569
0.8890506848
0.5679203168
0.2943684345
0.3076964204
0.3275654139
0.3305963474
0.7114156946
0.6240827152
0.3004210787
0.3997746818
0.4355715226
0.3641317433
0.2869277747
0.957706697
0.4192971028
0.325413903
0.8762278273
0.3084554283
0.9110731145
0.416679376
0.3547968285
0.3435638671
0.7131601874
0.2869141179
0.6789496339
0.4289852452
0.5546049292
0.498484928
0.6769396042
0.2926974199
0.897868608
0.5600127271
0.8266967491
0.4153774471
0.6479156052
0.5908430937
0.3888306956
0.6625857294
0.7547965832
0.3658134294
0.3298880603
0.8827914349
0.6127008183
0.4153774471
0.2870371958
0.2896058594
0.3620134169
0.6231726358
0.4091209076
0.4138952509
0.8250278885
0.7325994266
0.3072803934
0.2943177925
0.7886487008
0.5465189706
0.355953783
0.4261114907
0.4871273581
0.9020144294
0.2885197893
0.724434931
0.340797978
0.5143576429
0.2996184413
0.9621923201
0.2935786002
0.5119502876
0.293820737
0.6856329656
0.2869852008
0.5534799545
0.6158887911
0.3091410399
0.2994215284
0.9303404135
0.7304572632
0.379307114
0.743873152
0.6040464099
0.6860775682
0.5981259185
0.4536652883
0.2880017165
0.4488304071
0.2964185668
0.2933879621
0.3067047444
0.3276801405
0.4524525105
0.3726896887
0.5926632364
0.291713448
0.2944192465
0.4266846466
0.7037542244
0.4707051326
0.2879440151
0.3272221252
0.2989037683
0.4462298556
0.2872344654
0.2870506754
0.2895449606
0.3506736791
0.8066666385
0.8419757356
0.8162156958
1
0.287064855
0.2871646303
0.3612628876
0.4020853566
0.8012430471
0.5205084051
0.2876466982
0.5273543145
0.286932502
0.299816854
0.3148965601
0.5704101513
0.3421074096
0.7499824891
0.9552265701
0.8127984192
0.3264263263
0.459973247
0.6834081334
0.4510410037
0.3741251843
0.2932936675
0.5708630632
0.3847758293
0.479923721
0.287267018
0.6113344019
0.4954703418
0.7127243041
0.3268801748
0.9662764942
0.3175544121
0.4168657451
0.4877661647
0.7983156151
0.3023867842
0.4767674783
0.5023753485
0.9456159582
0.3087969492
0.6827401005
0.9394407216
0.2916321774
0.30778011
0.2876466982
0.287289594
0.8043488267
0.7951764226
0.2870065594
0.4881923162
0.8765514371
0.2897927138
0.2871373246
0.3612628876
0.305025492
0.388150416
0.5249209634
