0.3047510745
0.305617825
0.2940028646
0.9068850074
0.3483117808
0.3114097757
0.354659234
0.5803896422
0.2971201412
0.4405029055
0.3028546965
0.9646884082
0.6465331384
0.5060851776
0.3105115437
0.5695099569
0.6665988182
0.7295306824
0.3801446156
0.2935610525
0.8278539177
0.8136244278
0.3512403232
0.8883964796
0.4935608041
0.8040368907
1
0.7524150465
0.5438440691
0.3422381943
0.3866451959
0.2950339963
0.6231584035
0.3950531957
0.9592547373
0.50586785
0.4187595548
0.9986068906
0.2903128932
0.9596539496
0.6623287707
0.6404180909
0.287832347
0.8307949985
0.3257360001
0.5454110164
0.323300096
0.7461169262
0.5856130272
0.4557188184
0.4204497091
0.8333524956
0.5510180387
0.3141042168
0.6555706725
0.2928554024
0.6179257844
0.350397557
0.5039140181
0.4315178014
0.2885039565
0.3339642483
0.6683942192
0.5183267818
0.2896803288
0.3113192371
0.8436086592
0.7993735092
0.633839182
0.3992658527
0.5485489299
0.4903498801
0.8328057208
0.760737729
0.5833413107
0.2951945217
0.2987878499
0.8799063253
0.2958518621
0.7461169262
0.2873419039
0.5865219814
0.7948680437
0.7093934472
0.2914385274
0.3739800941
0.763217305
0.2939034918
0.2875839292
0.4288188796
0.2885778263
0.8513498454
0.5293648929
0.9001929228
0.4782635541
0.6784631903
0.3236279758
0.624522912
0.4195098063
0.8395007458
0.3487265108
0.3047510745
0.4044363298
0.4476549752
0.761565153
0.2884555794
0.7738665722
0.2871781796
0.9222015832
0.2982183758
0.2871125754
0.3325027588
0.7478010072
0.4416877545
0.6600781543
0.2896487656
0.3947049028
0.3172305721
0.3936625997
0.595618363
0.9909524256
0.9319932435
0.5708680678
0.5456349772
0.3948789957
0.3396287524
0.2946133904
0.2992401303
0.6953360102
0.2868124752
0.7144073444
0.3277828715
0.2894630226
0.898563293
0.3898741894
0.4946337782
0.3465287137
0.3204105892
0.591978495
0.6463068509
0.6757833644
0.2900725826
0.3832899241
0.3296426375
0.2917648577
0.2957961534
0.4342335978
0.3566886069
0.3073270884
0.6433637081
0.9181795737
0.7111397991
0.4587731701
0.5591191467
0.3695479464
0.2924504715
0.4498605173
0.9696972813
0.3571267975
0.3969764335
0.4137347374
0.509568688
0.3339642483
0.95422684
0.5438440691
0.340016597
0.3013410943
0.2875512321
0.3846266086
0.2885778263
0.98804654
0.7736632765
0.6641276859
0.3597803865
0.2961329397
0.8063538035
0.37850594
0.9492769057
0.6181533461
0.3374549485
0.9611358324
0.3502575644
0.7950646647
0.3659788279
0.4602040365
0.3453077717
0.2869393537
0.3739800941
0.3197835699
0.8585923183
0.619746147
0.2879096009
0.2902780449
0.4498605173
0.7722385367
0.4672023386
0.4692755227
0.8464416149
0.7461169262
0.2868690043
0.2876514171
0.5519166528
0.3003045718
0.2871230724
0.8459119917
0.3798159509
0.345172796
0.9717803588
0.5815246783
0.3644474907
0.6304325752
0.3140090983
0.376393137
0.9007827213
0.4492580879
0.4880029894
0.4249931359
0.3355709685
0.6795786027
0.3096292469
0.2868952549
0.28803071
0.5801626696
0.7026030984
0.9076003833
0.3229735759
0.4761629543
0.2899390641
0.4967836437
0.5445154501
0.305379485
0.8482018134
0.2984066952
0.2869761009
0.4812145916
0.2945099364
0.2868842297
0.2881364248
0.8613129354
0.9081709756
0.9888291193
0.2868238514
0.4051562556
0.3272094612
0.2868028491
0.4833296105
0.4848135941
0.2870172207
0.3174312607
0.4148453795
0.2869069798
0.4612281981
0.5121888882
0.8868439548
0.3070785376
0.3611227855
