0.2909205333
0.3919372752
0.4261441903
0.6378753757
0.4454657827
0.5124050591
0.7493682234
0.3002429333
0.7066831524
0.8659823511
0.3123737912
0.3022843625
0.5100030313
0.2989810382
0.2869582872
0.333087144
0.8441318371
0.2896189802
0.3104666591
0.4078760338
0.9996001636
0.6017312858
0.4522837119
0.4411021103
0.3128381599
0.8367993809
0.6426333437
0.3042323166
0.3431494848
0.2883794973
0.3690757193
0.2870429262
0.3315167939
0.3326013473
0.3390958265
0.3070287184
0.2906934316
0.9314661399
0.2998379545
0.711051039
0.6647397132
0.3719084968
0.7998082701
0.2967554054
0.3237076105
0.7836156072
0.2977793431
0.3046975536
0.4093328806
0.625162635
0.2870542923
0.8853697158
0.8743757034
0.8759950475
0.4440731784
0.4882184927
0.4512755688
0.579458676
0.8029158617
0.5726591512
0.5262588513
0.953499266
0.4297879865
0.5395883587
0.372861468
0.2871644475
0.922068635
0.4854533382
0.5588779452
0.2874764699
0.4154084367
0.6464804009
0.9297049753
0.546743351
0.3016359493
0.5030464903
0.4643167918
0.8278653182
0.3767163599
0.4324930091
0.7173561257
0.7710903044
0.4518802303
0.5633888115
0.3216491811
0.2921924711
0.7935414716
0.9696303305
0.2899812438
0.6835156132
0.4418926362
0.5699429625
0.966588471
0.5964986661
0.5803661512
0.9275400937
0.3767163599
0.5679073419
0.4391314554
0.4614392038
0.7653584176
0.2870542923
0.7694572886
0.2875621013
0.870289306
0.689508193
0.6703469726
0.2909589861
0.7369044916
0.5384730974
0.7266397698
0.5839978359
0.8884770245
0.3117303121
0.4185789039
0.6941529885
0.748738754
0.3214356877
0.4354098164
0.3214356877
0.3018506036
0.3861409893
0.2868446048
0.3284501154
0.2870542923
0.2873485295
0.8494125167
0.6287979397
0.322185573
0.3515118028
0.8803234432
0.7665905094
0.5767374233
0.3033946589
0.9774628615
0.5962712066
0.379980623
0.4843923684
0.3110044126
0.3046196063
0.5805930491
0.6777243355
0.4424863732
0.3751018375
0.4967845113
0.8859940602
0.3038491095
0.3762307627
0.9512613479
0.3847958423
0.2932425654
0.2976563627
0.7173561257
0.4873666647
0.3000396966
0.3123737912
0.3418272099
0.9369934815
0.4841803466
0.3321178704
0.716705476
0.444470672
0.3553724558
0.9396210633
0.319437926
0.4604147842
0.7413607484
0.4067875694
0.2872043094
0.3262721158
0.7097423121
0.3909051602
1
0.3964546947
0.9960913583
0.8626301349
0.3928003601
0.4167106262
0.2866791237
0.5846790728
0.7866101875
0.2885542183
0.3117303121
0.4514770477
0.2881446707
0.3948827715
0.293826283
0.6584425936
0.5951339806
0.4516786016
0.6478371065
0.55505035
0.3267261883
0.2872599028
0.5460713497
0.3714336382
0.450671583
0.2927290659
0.3207988608
0.3037729586
0.5200820879
0.8263893844
0.6645151152
0.2869992088
0.3153162497
0.6078753869
0.3811340948
0.7612366173
0.9733806359
0.4131869675
0.3629233667
0.2885542183
0.3973317004
0.2938760331
0.8666487211
0.8558249468
0.6732566338
0.5004502758
0.6185690408
0.2868370837
0.4757479092
0.4791093678
0.6948153321
0.8009756543
0.3642902697
0.2868682171
0.4091504288
0.6710188159
0.5564005339
0.3446199609
0.3615666765
0.2945382549
0.8017525544
0.3689194998
0.5862689585
0.2873182892
0.2868523008
0.2870658331
0.3738187608
0.2887643206
0.9817573206
0.2874598668
0.2887374502
0.3329654776
0.2878250536
0.4963542071
0.8170572674
0.3187158441
0.2867772621
0.643086164
0.7294303532
0.5828626416
0.4208331357
0.3267261883
0.5460713497
0.3510887997
