0.7965214527
0.8307849223
0.3461420262
0.8461133582
0.3573439828
0.3252943992
0.7847236721
0.4565461218
0.3128524498
0.3662358015
0.3558807407
0.6089875655
0.3410523601
0.2931468246
0.4612394763
0.7735056782
0.3086752739
0.5198013395
0.3460055602
0.7080785931
0.3100902285
0.4154202072
0.3164532496
0.5341573579
0.7851206882
0.9177669479
0.4216012499
0.6452178343
0.7427671579
0.6049022684
0.2888512683
0.7052462273
0.2916379397
0.3601594919
0.2916379397
0.9861947701
0.2866652819
0.286304889
0.3247324019
0.4835314496
0.5075639653
0.3931420179
0.3789733836
0.6600638534
0.5233209916
0.4150488558
0.4204699689
0.6896675905
0.296204709
0.567755287
0.938655747
0.3472386263
0.6743695257
0.402116731
0.6499503724
0.4686582319
0.3744286353
0.2990431545
0.5994554374
0.8861218806
0.4432924846
0.6887847492
0.3062148574
0.3454610529
0.2971133229
0.4139370701
0.286964524
0.2948294319
0.5222200557
0.3504392674
0.3048354254
0.6958325335
0.4541123215
0.295220549
0.5578460146
0.3062974524
0.3447834782
0.7030630805
0.7336773574
0.7419254688
0.3999807021
0.4888391038
0.5195816877
0.2923705999
0.5928759536
0.3042810127
0.5381580367
0.3039677752
0.7298457749
0.3302800736
0.971376081
0.3753947824
0.9204146448
0.333057651
0.8490739086
0.2864163199
0.8954982162
0.6978083896
0.4610346503
0.4551251436
0.2910326968
0.3957533423
0.3642391002
0.9553976026
0.8148914404
0.8223520767
0.4417086196
0.5652746428
0.2923705999
0.2859429338
0.3313578356
0.9296196134
1
0.3829410065
0.8490739086
0.2869836911
0.5008491457
0.8636868352
0.484590177
0.6445411588
0.2966240433
0.3203713167
0.484590177
0.4699030101
0.2955049677
0.2867144373
0.9152154845
0.4078839973
0.9911969367
0.4271146995
0.2902262447
0.9470083271
0.5008491457
0.3482052318
0.6485989907
0.6198779029
0.8029082111
0.2975502124
0.535934193
0.3475141264
0.4604205863
0.6160219445
0.3345370686
0.666558511
0.805403743
0.50669504
0.2981885097
0.3379407407
0.5435073525
0.3169561259
0.8316918768
0.5332697056
0.8344012168
0.7104700429
0.2860552887
0.3067128412
0.3132314383
0.5824497948
0.2950519169
0.54574101
0.6909908689
0.293809494
0.4920401348
0.2953906957
0.5036595685
0.6701331649
0.7583938831
0.2875429888
0.612164723
0.8232763786
0.29124501
0.7623040379
0.5027939673
0.3646980195
0.4504813077
0.2862598935
0.6781516557
0.3276952758
0.6413814936
0.4918263591
0.3518528325
0.2896664395
0.2861782673
0.402653036
0.3839431435
0.3768519347
0.7684360076
0.5437305958
0.2873361076
0.3849493302
0.2863165734
0.3144804204
0.8445365846
0.2979311926
0.5477535755
0.4563429099
0.4091591481
0.8298760573
0.6956128183
0.2956776363
0.2894533474
0.5788277368
0.924569198
0.8584903261
0.9777198986
0.5171681198
0.3464153648
0.9728317658
0.2859192047
0.973229838
0.5720446491
0.3116380743
0.8471609236
0.309377664
0.3219784888
0.4462757426
0.8501132185
0.3248445036
0.7519712273
0.9077734905
0.2862176862
0.622372046
0.5860743937
0.6388968802
0.5127923875
0.3050754611
0.953978012
0.9487397774
0.8943081674
0.4193419744
0.9001990437
0.4133824585
0.2892464515
0.3050754611
0.2916379397
0.9834489145
0.3816111604
0.4276893033
0.6207849539
0.2859673602
0.8935613889
0.3905547806
0.5569470522
0.8131967749
0.380618556
0.4336723163
0.2865418569
0.6361845179
0.7704683343
0.2859240901
0.5894744017
0.4124600136
0.2860484851
0.3788094997
0.8618521827
0.3576381771
