0.6135994492
0.306491635
0.6264199891
0.7714985647
0.9524824829
0.8957154059
0.4828128915
0.292554581
0.5565673561
0.3709674178
0.3079257795
0.7456810905
0.8742010566
0.7482351593
0.8983293155
0.3210669226
0.5311868762
0.371124391
0.3045880577
0.4125050672
0.513707428
0.3198332235
0.3477768397
0.5715433386
0.3113893316
0.893387056
0.8977166657
0.5211992222
0.7677724071
0.943113808
0.4066693225
0.6472034892
0.3289326547
0.5649519886
0.2939756246
0.3056413751
0.3388336499
0.5536289545
0.3569209078
0.6567588882
0.5865943889
0.5446156809
0.2974499784
0.2890990692
0.7147255939
0.3229591925
0.7874231698
0.3066483636
0.385242488
0.4372168845
0.8491794719
0.56949608
0.3403644361
0.3378245823
0.5267383184
0.3312563598
0.5527256849
0.5318554253
0.9058623821
0.490487004
0.300700257
0.5679047801
0.2927831366
0.2924056775
0.8200070651
0.429449446
0.3834081008
0.2907790408
0.4570104265
0.5511459624
0.2949297075
0.6188663897
0.3531949918
0.7186711345
0.9589652452
0.4054065862
0.6044388849
0.2892674212
0.3669297089
0.4037904853
0.4346772355
0.7831722015
0.2902014114
0.3139103811
0.9513476175
0.290613119
0.938308607
0.8490009146
0.8504271317
0.8711909252
0.7010398972
0.3746088276
0.3112140698
0.3944466329
0.3925453306
0.3625265574
0.3438834354
0.295459717
0.7403371478
0.4737494955
0.3010917506
0.2895502139
0.7191087162
0.8072762591
0.6678652649
0.9998530745
0.2950721959
0.6526673224
0.2984785882
0.3271167484
0.3006355957
0.29363215
0.7760271694
0.5952827969
0.9185481903
0.3601433683
0.3947937499
0.8346462182
0.400406443
0.4190036816
0.4670822488
0.6083319395
0.2924426432
0.9849506337
0.6174925253
0.2886811123
0.6087899768
0.3245740767
0.3023712637
0.7243466935
0.4072120305
0.9981691861
0.3158831956
0.3572112329
0.7343162059
0.7827659218
0.832237884
0.5747307084
0.2894753048
0.611767277
0.426764209
0.6861005484
0.5165660794
0.4212588332
0.2887390235
0.4745876611
0.3728592128
0.36237664
0.4372168845
0.295657593
0.2960104697
0.4507294163
0.2917028224
0.3043665598
0.5847670012
0.3384541725
0.8580044325
0.444323875
0.4971539858
0.2890030027
0.2906952942
0.3657043773
0.408300195
0.6248181776
0.2897706795
0.295607867
0.4662537087
0.589793906
1
0.3672373023
0.3368247274
0.292668079
0.4625390529
0.2890990692
0.2908357447
0.4874936649
0.5278490582
0.3834081008
0.7512056561
0.7648615139
0.7490848964
0.5683593444
0.5121712625
0.3834081008
0.4563994257
0.3111266804
0.4037904853
0.3412668697
0.2896880561
0.3034239687
0.7692236806
0.6759908936
0.7349630685
0.3131772805
0.2890030027
0.532524296
0.6965956871
0.515025883
0.3312563598
0.2932183467
0.9459936913
0.347097244
0.3184222085
0.8943208578
0.4954284719
0.6628848656
0.9265010461
0.373176228
0.3086627002
0.6658291051
0.8530874211
0.3167500526
0.9542765786
0.2905325157
0.688563005
0.3450792168
0.5654060476
0.2891729585
0.2885330584
0.2887390235
0.7505699683
0.4383938822
0.3221120225
0.4582344235
0.2890990692
0.8377761468
0.532524296
0.9316626362
0.6651499873
0.2887048757
0.3162668879
0.8681530788
0.697485614
0.2887480003
0.2914732505
0.9160135993
0.2887390235
0.664017692
0.2885145717
0.3986406728
0.4475165102
0.2888807033
0.9434770202
0.3520667512
0.5570197846
0.4701989933
0.4695744273
0.8150285739
0.4235274977
0.2894753048
0.69904169
0.326780554
0.8292562782
0.6428718771
0.3275671181
0.4319585431
