0.8260094293
0.3761065267
1
0.3194460555
0.2860343211
0.4505666615
0.3143026719
0.8042387159
0.2934758453
0.4650246779
0.5739308959
0.3593218014
0.3963519058
0.468537875
0.2869099903
0.2862669294
0.3281921988
0.6916947106
0.305238544
0.5085205056
0.6587729486
0.8785566159
0.3408335538
0.5183508643
0.6423452825
0.2922955158
0.4171754337
0.6563040173
0.4704054319
0.8787147868
0.879976963
0.6188117977
0.4075975233
0.8457212355
0.3974053525
0.4697823336
0.4697823336
0.299506083
0.8409705696
0.2868908282
0.3767551548
0.2977270534
0.7714867081
0.7379383804
0.3083353023
0.2861241293
0.417735827
0.7455151435
0.9631388017
0.3328497971
0.5056969391
0.5196678485
0.6980677609
0.2926296754
0.3914861991
0.5369078122
0.7198015328
0.2932723374
0.5289246943
0.3991694438
0.3136281301
0.285955665
0.2942631142
0.9950182858
0.3097422605
0.6063352615
0.2945339844
0.3988157947
0.4154992917
0.6569776123
0.7700675547
0.3782213853
0.427387895
0.9738458031
0.4289229129
0.2859750245
0.5013681982
0.9627707833
0.7847206349
0.4063282164
0.3865359565
0.289628158
0.7670167592
0.5449306487
0.7807388457
0.3806859148
0.4531869581
0.433172576
0.8831074821
0.2965478668
0.3166731665
0.3167738702
0.3190282169
0.4668822361
0.4848895078
0.6281023698
0.8413244601
0.3756212846
0.5725753325
0.4842539239
0.3086832215
0.3506308513
0.2999870254
0.7965114669
0.8383063272
0.2879249128
0.4695747626
0.6491080198
0.6378291257
0.7604647873
0.3262315545
0.934869493
0.6457284918
0.9175312548
0.5100440125
0.9443415714
0.2860032781
0.2859378747
0.4697823336
0.2905462689
0.5000732803
0.7107217661
0.3594705867
0.8055796961
0.6479819378
0.2883771112
0.5351301802
0.5386874054
0.2914305642
0.2860107774
0.8512757289
0.5275983825
0.7389945953
0.2860861147
0.3332171907
0.5791315753
0.3303143936
0.3853549465
0.8641294634
0.6773108235
0.7195862129
0.740049571
0.4322031287
0.7951480718
0.2939964648
0.3740114555
0.3554983237
0.9833231642
0.3379819616
0.3553530067
0.4951258582
0.9138959375
0.6956538357
0.3095641649
0.745724668
0.286498074
0.5983940264
0.2861863787
0.9285087997
0.5868301493
0.3326055868
0.2903074771
0.5906831226
0.3594705867
0.3541951483
0.2956017029
0.4908456992
0.7517781124
0.3119287719
0.4249054335
0.2964874751
0.6779774985
0.4016565267
0.2970370208
0.4045233693
0.9792552049
0.6224388557
0.5696400644
0.6079235808
0.286164932
0.2895203494
0.3850185176
0.3349487437
0.619265266
0.2886821968
0.4808728348
0.3062187917
0.8782400086
0.6160905453
0.585923883
0.3404407264
0.653832612
0.9064143781
0.2870489891
0.3485319765
0.5940843257
0.9209647332
0.3326055868
0.3649108489
0.3105515373
0.3557893465
0.6578754488
0.3290118708
0.2890710729
0.2878981205
0.780339285
0.3719363848
0.7128902455
0.3783848802
0.8768109026
0.8937801404
0.3516205572
0.845546324
0.4441708601
0.3304336787
0.286779504
0.5793578364
0.8614635983
0.3355739336
0.2904261018
0.2973481705
0.5694143805
0.5369078122
0.2858475217
0.2879790165
0.9334258324
0.3147891591
0.2858457773
0.2948645934
0.3390110791
0.3160721841
0.3569586082
0.4029075825
0.2858475217
0.3596194991
0.326345706
0.464818615
0.4523793859
0.416243308
0.807489462
0.329838708
0.9671603364
0.7020084385
0.5613009661
0.3635355651
0.47897752
0.5203268677
0.3227666262
0.5825266241
0.285968397
0.2870695408
0.286164932
0.6002089954
0.3965272181
0.3256630185
0.7000395763
