0.338451492
0.5110641517
0.4763427131
0.863453213
0.5566055829
0.3867897619
0.4607892793
0.369524655
0.303808892
0.7492246377
0.9760167321
0.9224084429
0.7078187252
0.4027970566
0.6158387267
0.410214792
0.6108311643
0.4144486593
0.9049569128
0.7835038942
0.5958083473
0.3366762848
0.3621511812
0.4871205375
0.6049123101
0.4392932875
0.294235729
0.4973982578
0.2895368651
0.5848945432
0.3148509671
0.8063029817
0.3056783298
0.2892068386
0.386283293
0.9510720708
0.8779290603
0.2869821595
0.5238009817
0.3107597554
0.3416902982
0.8903451143
0.3078932811
0.3213411824
0.2884134728
0.6494324639
0.4488285597
0.5842130553
0.4293687212
0.4916018102
0.2871156472
0.2930213492
0.520934349
0.6946296996
0.440080865
0.7934398402
0.2872966853
0.8725789855
0.3095223865
0.2867847729
0.6037740972
0.3357991437
0.3821022208
0.6741758335
0.2872702756
0.9017544347
0.4324585488
0.7422690253
0.5962634104
0.2878718813
0.9196065606
0.3043444347
0.2913801436
0.3266191782
0.3090016748
0.5253472201
0.6819870096
0.2901562476
0.9803865776
0.7414221724
0.3081466531
0.7644058631
0.2990264467
0.3393495033
0.5106274779
0.7977601116
0.801270836
0.3481518636
0.6417374524
0.2922565323
0.4063943981
0.7202202631
0.6781972763
0.8220491638
0.905390085
0.3473269232
0.6094653009
0.9373387896
0.6110588037
0.5366652754
0.3013221018
0.5579570695
0.2868251992
0.2872833931
0.384267536
0.3188332997
0.4428475869
0.2999484531
0.2974010061
0.2868251992
0.799518202
0.5550298677
0.4686233364
0.6842123343
0.954271835
0.2873946208
0.3503754727
0.3482898279
0.3632085449
0.2947512666
0.4230670073
0.2870351724
0.6593609937
0.7143623177
0.4690383436
0.3559384567
0.8147117303
0.2991561622
0.4328463262
0.8725789855
0.3722041413
0.3118451933
0.7124029979
0.4971828984
0.3326027886
0.4454306968
0.3871279672
0.6808732433
0.6530470451
0.4432441166
0.8682972405
0.3080620348
0.5043160843
0.352065702
0.8776075258
0.5762696924
0.4950321333
0.6544013157
0.8855396308
0.3023957627
0.5930784094
0.5976287099
0.4349851801
0.2873516006
0.3611000251
0.785703511
0.4320711136
0.3373070918
0.2946468004
0.8467409261
0.9982868938
0.6730572258
0.6014977973
0.4056716919
0.4593570202
0.3250439661
0.3422166242
0.3133279209
0.6523696598
0.5062706413
0.772393565
0.4047705772
0.2871952391
0.3078091457
0.3659557615
0.287517023
0.5348840824
0.7681034871
0.9915454305
0.7021195222
0.7959966053
0.6126522306
0.4224989707
0.4065753258
0.2908379938
0.5435860694
0.2911826463
0.3480140347
0.2939843346
0.8093764684
0.5004185929
0.6822096753
0.5132501516
0.287517023
0.5056186997
0.4001258937
0.4757135896
0.2962849371
0.3912210295
0.2892068386
0.3627546309
0.7689226378
0.3039610864
0.8477969794
0.385441422
0.3536318943
1
0.302468659
0.3000155591
0.3201807891
0.7762525077
0.9564553716
0.587166782
0.2873946208
0.2868715731
0.3402544159
0.3038849073
0.5805800322
0.842309751
0.7467017775
0.960583988
0.9485551814
0.8263240625
0.2873237937
0.318936031
0.2870740113
0.95583625
0.3041139352
0.9179861324
0.7032174807
0.2880754588
0.6941878729
0.2879512216
0.2871487094
0.3232797195
0.2870542422
0.4045906577
0.4436409647
0.6990404144
0.8008818354
0.419483366
0.3202855155
0.6096929476
0.320917084
0.3770173514
0.5665337423
0.3824340908
0.2892652837
0.6732809997
0.5451527219
0.3207059501
0.3474640741
0.6498845323
0.3308032724
0.8668015791
0.5364425142
