 4.5823e+00, 1.4258e+01
-1.0170e+01, 5.3277e+00
-6.8935e+00,-9.7544e+00
-1.9988e+00, 5.3288e+00
-4.5850e+00, 9.8196e+00
 1.3126e+01,-4.1184e+00
-5.2263e+00, 1.1239e+01
-9.2039e+00, 1.0707e+01
 1.6120e+01, 1.2954e-02
 7.7135e+00, 1.2848e+00
-8.1646e-01,-2.2093e+00
 3.5401e+00,-2.3501e+00
 7.9569e+00,-2.8311e+00
-1.1364e+01, 7.0711e+00
 5.7689e+00, 8.1438e+00
-8.9010e+00,-9.6496e+00
 9.7211e+00, 2.4702e+00
 9.6132e-01,-1.3038e+01
 4.7501e+00,-2.2199e-01
-6.0727e+00,-3.5444e+00
-8.1671e+00, 6.0595e+00
-7.4815e+00, 1.2952e+01
 2.7393e+00, 1.4108e+01
-1.1527e+01,-2.5109e+00
 8.9293e+00,-4.5937e+00
 3.6478e+00,-1.2098e+01
-8.8242e+00,-1.3894e+01
 6.9736e+00,-9.3744e+00
 1.5954e+01, 6.1295e+00
-1.8019e+00,-1.0063e+01
-1.3119e+01, 8.4247e+00
 4.8873e+00,-4.6114e+00
 1.5386e+01, 4.6156e+00
-1.0895e+01, 1.3125e+01
 1.3784e+01, 7.9126e-01
-1.3284e+00, 3.2058e+00
-4.6125e+00, 2.6040e+00
 1.5122e+01,-8.7187e+00
 1.0464e+01,-4.3223e+00
 1.4375e+01,-6.5071e+00
 9.7820e+00, 1.1234e+01
-3.1406e+00,-3.7766e+00
-1.4758e+01, 5.7481e+00
 1.2835e+01, 8.6720e+00
-1.8273e+00,-1.6927e+01
 1.6561e+00, 9.3022e+00
-2.9328e+00,-1.2077e+01
 3.3459e+00,-9.7154e+00
-1.2818e+01,-1.0872e-01
 9.0208e+00,-7.6149e+00
-1.8190e+00, 1.7392e+01
 3.2142e+00, 1.6472e+01
 1.0696e+01, 4.0669e+00
-2.7119e+00,-8.0631e+00
 1.2443e+01, 2.9491e+00
 6.0577e+00,-3.4650e+00
-1.6791e+01, 4.1505e+00
 2.3237e+00,-4.8396e+00
 5.2364e-01, 1.5897e+01
-1.1098e+01,-1.3513e+01
-3.3884e-01, 1.0137e+01
-6.3169e+00,-1.3396e+01
 1.0977e+01, 8.5834e+00
-8.8713e+00, 4.0358e-01
 1.6341e+01,-5.9257e+00
-2.8715e+00, 3.8487e+00
 4.5884e+00, 1.2113e+01
-4.6102e+00, 6.4002e+00
-5.7939e+00,-8.1944e+00
 8.6473e+00, 1.5033e+01
 8.5928e-03, 4.4192e+00
-1.5921e+01,-9.4051e-01
 1.0142e+01, 1.3553e+01
-2.4707e+00,-1.4891e+01
 1.5725e+01, 2.4358e+00
-1.1197e+01, 2.8620e-01
 8.8150e+00,-1.0880e+00
-9.0100e+00, 1.4378e+01
 2.3074e+00,-3.1048e-01
-3.2628e+00, 7.2217e+00
-5.2157e+00, 1.5052e+01
 5.5376e+00, 5.2004e+00
 7.7543e+00,-1.4262e+01
 1.3872e+01, 5.5422e+00
 2.0256e+00,-1.1237e+01
 3.6655e+00, 5.9812e+00
 6.8554e+00,-6.8015e-01
 6.3799e+00,-1.3067e+01
 1.8674e+00,-9.1827e+00
 1.2014e+01, 1.1818e+01
 7.1255e+00,-1.1201e+01
-7.6237e+00, 2.9653e+00
 8.9505e+00, 4.1863e-01
 8.3261e-01,-6.2972e+00
-4.4274e+00,-1.1860e+00
-1.1850e+01,-8.3652e+00
-6.0366e+00, 7.9620e+00
 3.1259e+00, 2.4130e+00
-8.9028e+00,-4.1544e+00
 2.7828e+00, 1.0854e+01
 9.0767e+00,-1.3328e+01
-8.3532e+00,-6.5856e+00
-1.3662e+01,-1.0802e+01
-1.5675e+01,-7.1739e+00
-1.3632e+01, 1.4685e+00
 1.5293e+01,-2.5973e+00
-5.5879e+00,-1.1210e+01
-4.2054e+00,-1.5568e+01
 1.3092e+01,-9.8422e+00
 2.9977e+00,-1.7191e+01
 7.5383e-02, 6.9580e+00
 1.0558e+01,-2.4850e+00
-1.0915e+01,-5.2046e+00
-8.2634e+00,-2.6905e+00
 1.5179e+00,-2.8662e+00
-1.2148e+01,-1.2170e+01
-1.4355e+01,-1.7565e+00
-1.0918e+01, 9.7120e+00
-2.4086e+00, 1.4118e+01
-1.2873e+01, 1.0409e+01
 1.1416e+01,-6.2582e+00
-1.6589e+01,-4.9981e+00
-2.8358e+00, 8.8075e+00
 7.8178e+00, 3.1014e+00
-9.8192e+00,-7.0275e+00
 1.4417e+01,-1.2372e+00
-4.0007e+00,-5.0668e+00
-3.5267e+00, 1.5980e+01
 8.6417e+00,-9.4448e+00
 4.4400e+00, 3.3270e+00
-1.3300e+01, 4.3565e+00
-6.1526e-01,-1.5595e+01
 6.8489e+00,-4.7584e+00
 1.1753e+01,-9.0199e-01
 1.4485e+00,-1.4862e+01
-2.8647e+00, 1.2353e+01
-1.2366e+01,-5.6676e+00
-9.2305e-01,-8.6868e+00
 6.6393e+00, 6.6568e+00
 8.3429e+00, 9.6603e+00
 5.2706e+00,-1.7544e+00
 1.3544e+01,-8.2774e+00
 1.1656e+01, 8.2151e-01
 6.7792e+00, 1.2961e+01
 2.0182e+00, 5.0522e+00
-1.0013e+01,-2.7070e+00
 4.6932e+00,-1.0714e+01
 7.9595e+00, 4.9458e+00
-3.1892e-01,-5.0264e+00
 1.1315e+01,-1.1446e+01
 1.1810e-01,-1.0109e+01
-1.0013e+01,-9.4810e-01
 1.1866e+01, 5.0427e+00
 1.6880e+01,-4.1182e+00
-8.4534e+00,-1.1361e+01
 6.2414e+00, 3.6272e+00
-7.1547e+00, 1.0715e+01
 8.2890e+00, 1.2519e+01
 7.0480e+00, 1.5113e+01
 5.7165e+00, 2.0285e+00
 2.6871e-01, 1.2192e+00
-6.0041e+00,-6.4939e+00
 7.1487e+00,-7.0762e+00
-1.2976e+01, 2.8688e+00
-1.0170e+00,-1.2209e+01
-1.4109e+01,-5.5155e+00
 9.5016e+00,-1.1252e+01
-1.3954e+01, 7.0541e+00
 4.1228e+00,-8.2595e+00
-1.1210e+01, 2.7000e+00
-1.4332e+00,-7.0821e+00
 7.1956e+00, 1.1399e+01
-1.7299e+01,-2.0485e-02
-1.5544e+01,-2.7466e+00
-4.6410e+00, 1.3465e+01
 1.4459e+01, 9.6870e+00
 8.5677e+00, 7.2716e+00
-5.9910e+00, 4.3666e+00
-1.5743e+00,-6.2162e-02
-6.6850e+00,-5.0659e+00
 3.3003e+00,-6.0222e+00
-4.0967e+00,-8.8865e+00
-9.5726e+00, 8.8434e+00
-1.0088e+01,-8.5105e+00
-1.4182e+01,-8.8889e+00
-7.5818e+00, 7.9747e+00
-1.6572e+01, 2.5429e+00
-1.0513e+01,-9.9658e+00
 6.3834e-01,-1.6491e+01
-6.5702e+00,-5.8596e-01
 6.3209e+00, 9.9586e+00
 3.7822e+00, 8.1027e+00
-1.5049e+00, 1.1454e+01
 4.7261e+00, 1.6752e+01
 5.9004e-02, 1.1686e+01
 1.0826e+01,-7.9744e+00
 1.0254e+01, 6.6025e+00
-7.2062e+00,-1.4648e+01
 1.1806e+01, 7.0283e+00
 5.7925e+00,-1.5936e+01
 1.1608e+00, 1.4305e+01
-3.1532e+00,-6.5558e+00
 3.7829e+00,-1.5506e+01
-2.0099e+00,-5.4649e+00
-4.4198e+00,-1.2890e+01
-1.3890e+01,-3.6810e+00
 5.4973e-01,-7.3029e-01
-9.9029e+00,-1.2556e+01
-7.1982e+00, 1.4619e+01
 1.4898e+01,-4.1151e+00
 1.9704e+00, 7.1211e+00
-2.5738e+00, 1.9498e+00
 5.6555e+00,-8.5559e+00
 1.1207e+01,-1.3162e+01
-1.5360e+01, 8.3593e+00
 4.5889e+00,-1.4004e+01
-1.1542e+01, 1.1173e+01
 8.3607e+00,-6.1874e+00
-5.9391e+00, 8.0115e-01
 2.2028e+00,-7.3757e+00
-2.5261e+00,-1.5610e+00
 3.4757e+00, 8.5488e-01
-5.9227e+00,-2.0327e+00
-5.9214e+00,-1.6168e+01
-1.6900e+00, 1.5456e+01
 1.7443e+01,-1.0491e+00
 1.0914e+00, 3.1852e+00
 1.4236e+01, 7.6192e+00
-4.2690e+00, 5.0358e-01
-1.1698e+00, 8.4966e+00
 1.5066e+00, 1.7226e+01
-8.4799e+00,-1.0706e+00
-1.7003e+01,-2.0160e+00
 1.7368e+01, 1.8740e+00
-5.0758e+00,-1.4320e+01
-1.6130e+01, 6.4872e+00
-1.0758e+00, 1.3410e+01
 2.1915e+00, 1.2556e+01
 5.0558e+00,-6.8520e+00
-1.4990e+00, 6.7500e+00
 1.2934e+01,-2.2392e+00
-1.3518e+01,-7.1588e+00
-8.7690e+00, 4.6663e+00
-1.5298e+01, 8.1494e-01
-3.8400e-01,-1.3819e+01
 4.0427e+00, 9.9511e+00
 9.9818e+00, 9.7173e+00
 1.3276e+01, 1.0837e+01
-6.5511e+00, 6.1362e+00
-3.1501e+00, 1.0572e+01
-9.1288e+00, 1.2444e+01
 1.4373e+01, 3.1430e+00
-9.0003e+00, 2.2647e+00
-7.7309e+00,-1.2802e+01
-4.5941e+00,-2.9089e+00
-3.4846e+00,-1.0408e+01
