0.3933409995
0.3521102482
0.3174514155
0.8514039004
0.4075330237
0.9673405907
0.832493676
0.6186477333
0.3104423058
0.7722875686
0.3184642039
0.4561540877
0.2901248141
0.5470140448
0.2919506804
0.3418649208
0.4438956659
0.7157572528
0.3003236391
0.4839959849
0.3374763746
0.3159612907
0.5336170606
0.5391859305
0.3133675656
0.2889343458
0.7453209741
0.6562889734
0.6733661885
0.6650688273
0.4377774479
0.6218331395
0.2911416846
0.2873879586
0.3765788633
0.9569870766
0.2896357642
0.2914972242
0.5605077228
0.30025586
0.9932890526
0.9185087572
0.583378349
0.3556933012
0.3809924915
0.915645079
0.2878889032
0.436015922
0.3508406131
0.757675072
0.3775523049
0.3470969408
0.5781571635
0.6454425224
0.5797455672
0.7945250475
0.2868578151
0.2896987215
0.5924710101
0.4846321921
0.6625957806
0.2893313701
0.5983871198
0.7011093498
0.4234997305
0.6018015527
0.9190493587
0.9626548386
0.296668346
0.3131799909
0.3523938536
0.3384943156
0.458190097
0.5205597689
0.2997860594
0.4559508842
1
0.7220413808
0.475983453
0.3137446048
0.6598948713
0.7252776107
0.4159858708
0.750578212
0.5106920865
0.4873950383
0.3137446048
0.3107990752
0.2874164677
0.3265470047
0.7893861763
0.560282158
0.8232722887
0.339006683
0.3824824794
0.4069889708
0.5006980499
0.3308451282
0.7524628198
0.3445218508
0.5483594349
0.2889343458
0.6858550436
0.4715935353
0.2942223325
0.568188514
0.3370969888
0.7276445107
0.4747263537
0.8728529289
0.3698848597
0.7838033346
0.4174767154
0.3808275126
0.3408177143
0.5282904404
0.3367188837
0.6063549098
0.7933430724
0.3868387016
0.3733648487
0.3575888593
0.4438956659
0.2891286075
0.6782830872
0.3099119354
0.4163580148
0.5467899065
0.9026004508
0.4030269451
0.7532990423
0.4184115529
0.7562190538
0.8815541775
0.3158631934
0.9540768112
0.8703907793
0.4709686977
0.4482840278
0.6006633326
0.3378570392
0.9929843457
0.9370950897
0.8915309586
0.2899905956
0.2868971945
0.3062799923
0.2922067744
0.2884026285
0.5881503335
0.8411665582
0.6562889734
0.3270018976
0.2887227499
0.8826632842
0.3274591702
0.7645025818
0.300188247
0.4635169094
0.954392577
0.2944258548
0.3533906494
0.2869440972
0.2882873318
0.5280689346
0.5130962688
0.4413205009
0.815193817
0.2875061859
0.890918253
0.6479316633
0.4863312693
0.2898267132
0.2879675565
0.9985607998
0.9206617946
0.4666113032
0.2889615768
0.8522737428
0.296668346
0.3628005295
0.7791805483
0.3470969408
0.7933430724
0.846318886
0.2908000886
0.288646268
0.2919085985
0.929149593
0.7107485722
0.5369559996
0.310088087
0.3240878367
0.3863321686
0.7945250475
0.4064458184
0.6605703883
0.318873641
0.3555484015
0.2953753251
0.5958837337
0.4882470647
0.4240691999
0.7795838299
0.5037291442
0.5163830892
0.3975284202
0.3614454473
0.3700417676
0.3821505674
0.3127138138
0.2876021888
0.6551610819
0.6216056463
0.5087290143
0.3203260405
0.3172507141
0.3694148687
0.2918666883
0.4111828451
0.3011499281
0.6657428164
0.2876188001
0.2886970822
0.5037291442
0.2879476317
0.2891856725
0.2868210592
0.560282158
0.4996178453
0.542760128
0.6693338356
0.7570513921
0.3940346209
0.9740280953
0.8431287424
0.5499302483
0.2892434313
0.3660020651
0.7011093498
0.6331982475
0.4397425458
0.4537204687
0.3849863556
0.8515780317
0.2926024854
0.900250079
0.3558383317
0.6068102684
0.5358422123
0.9743578563
0.7364176663
0.2999864049
0.952590735
0.379511845
0.672918558
