0.6635548448
0.4633911458
0.4110742207
0.8037651092
0.3072711521
0.9266409169
0.3648027404
0.2864020157
0.3360540022
0.7420186822
0.3423717759
0.6459903822
0.8540181496
0.9218389363
0.5571338566
0.5245721199
0.7829476734
0.3319912567
0.4025601436
0.7072111
0.3138114326
0.2928703397
0.2879173153
0.5396595856
0.3133365719
0.3567235135
0.8435509212
0.2890482075
0.3494395964
0.6900717069
0.2867138696
0.7258350733
0.2868081875
0.2891718457
0.2939032102
0.9440220544
0.2865756909
0.4509770723
0.3813729465
0.3103907057
0.4501724996
0.536763522
0.2865756909
0.9793057798
0.9642306749
0.2957908249
0.2886092206
0.3273935801
0.7314023148
0.8905608034
0.352682045
0.7453898261
0.3159472395
0.7698289334
0.7245459692
0.868502681
0.4560325201
0.7180767455
0.8887245417
0.4955896969
0.7453898261
0.9431118555
0.3313893934
0.2881338958
0.3289013608
0.3508407082
0.9936678197
0.3318705938
0.6362630493
0.7187254134
0.2916956958
0.2892982499
0.5790435709
0.6022013828
0.5436778007
0.2867957871
0.7779325109
0.5697638352
0.5627649026
0.2906367719
0.2964855945
0.2942120769
0.3858818305
0.3370623716
0.2867138696
0.8405327179
0.6534358084
0.2867715097
0.3146760456
0.4190519643
0.7360884277
0.3509815531
0.5515163811
0.3858818305
0.6464421492
0.2885813401
0.2969020536
0.4691758979
0.2876293202
0.8085646726
0.8545338196
0.3053871152
0.8212090427
0.2989103208
0.28648449
0.4523879534
0.552638713
0.5924305063
0.5494977237
0.290260409
0.7130911243
0.3852086545
0.6117483201
0.2864429045
0.8810915718
0.2866813797
0.4322077024
0.4262448543
0.5027058318
0.2864376625
0.4007773631
0.9923920778
0.7180767455
0.4523879534
0.294316389
0.2873152131
0.3554133031
0.4859769546
1
0.6918393347
0.4081511691
0.315064379
0.2863731826
0.6993275782
0.294316389
0.3961906478
0.7371502213
0.3769475678
0.8569304596
0.5804034154
0.8919293893
0.4414032748
0.3904722634
0.4722960328
0.3680435451
0.6480228181
0.9295574575
0.4562356873
0.4230108267
0.6435045362
0.3055475488
0.5967469652
0.3598213505
0.3710223046
0.5810834907
0.3262507492
0.340402019
0.4314336335
0.3296056453
0.4283511292
0.3053071417
0.732042679
0.32400975
0.3493002208
0.5135859058
0.4499715445
0.3117514423
0.355558362
0.6131120146
0.5488252885
0.6385274944
0.5443484005
0.3601193306
0.308545772
0.3073550024
0.6051563786
0.3554133031
0.2871918043
0.3726076261
0.3852086545
0.8985131166
0.6807584358
0.4947308651
0.3596725518
0.9020285341
0.8550487483
0.2866504607
0.780143959
0.5652464472
0.9332820791
0.8306131665
0.2867835612
0.2871088808
0.4112577417
0.3506999964
0.2905983616
0.7829476734
0.8360528977
0.535651044
0.909599653
0.3284347758
0.4599049109
0.4737570074
0.3346823835
0.4029179279
0.3657231178
0.7851419646
0.5011918608
0.2881091368
0.9207829243
0.9750528356
0.638980229
0.3418434505
0.3358033322
0.3027593144
0.2863752796
0.5157750888
0.2867715097
0.2863616491
0.8307956023
0.3009478472
0.4768979691
0.9641379131
0.296962219
0.7434951552
0.5376540672
0.2870928188
0.3089786585
0.2875466176
0.5212659123
0.3199176891
0.6330907968
0.31795411
0.287848248
0.3745258187
0.5103101249
0.5894783445
0.7124392231
0.2934020135
0.3884221295
0.4847036635
0.3188773257
0.5976559058
0.4542072748
0.6554629337
0.4695910771
0.2941084429
0.6646764757
0.4233899552
0.5668267553
0.9488009533
0.8206498303
0.28648449
0.8845452862
0.9935761554
0.4679319269
