0.7665379242
0.6669763806
0.5498250034
0.3609170861
0.3278365662
0.6279977866
0.292966739
0.7272687398
0.5332698315
0.5266087157
0.2894426088
0.3716731763
0.5908345915
0.956895446
0.9763277861
0.4239045431
0.3820293535
0.9559501891
0.8038303287
0.3083343677
0.3082503887
0.5122947288
0.6252641452
0.5647121744
0.2992325192
0.6015482524
0.2980503057
0.4904338239
0.2970440061
0.3034351251
0.3530468091
0.2920777826
0.3195674211
0.9063135542
0.2954930634
0.2876128753
0.5719621506
0.8708457558
0.8626241069
0.8489466331
0.506619661
0.388913661
0.3141367623
0.5109823813
0.287510845
0.5386208241
0.8003187414
0.2877518746
0.6295918868
0.4417425229
0.6669763806
0.7157765238
0.6225295074
0.5944804266
0.2945164615
0.6070222329
0.8806314722
0.3391215164
0.3544754289
0.4360416442
0.3137602865
0.4521337083
0.4073802134
0.3033612603
0.2878005975
0.3674520501
0.4483124908
0.4691354941
0.7528086545
0.4608810152
0.3148972789
0.5947083466
0.7002036478
0.9207522781
0.3785779006
0.506619661
0.7109718673
0.3006094928
0.3826925682
0.707465619
0.9858717425
0.4281032299
0.4066556736
0.5826391848
0.3417106672
0.2882731221
0.289664338
0.4473115232
0.8314684725
0.2906285139
0.2986027482
0.5022757183
0.404132537
0.4423362046
0.3377216005
0.3157648835
0.3980889811
0.2944667651
0.6678763714
0.8604088231
0.7377821849
0.8414692195
0.5778649207
0.9704887128
0.3732591472
0.3144207751
0.3003415372
0.2874340505
0.2965310084
0.8003187414
0.9244996267
0.3557724838
0.6309579211
0.2887103523
0.2884223366
0.3343588015
0.7586624765
0.6790926146
0.44253426
0.9850464837
0.2886245715
0.3047159823
0.5887846368
0.5613203126
0.7492341864
0.3112853621
0.3669885881
1
0.334604299
0.3175381073
0.3242482169
0.8849317703
0.4758157291
0.4223886078
0.5674287917
0.2874237055
0.9986419642
0.3559172587
0.8933361207
0.6937899903
0.3657581709
0.7496554963
0.290765059
0.5896956473
0.2874962932
0.7377821849
0.3155709845
0.3738969181
0.7850549783
0.8161346355
0.7569942797
0.8418284551
0.9632719351
0.4614962679
0.2973936068
0.3379748506
0.8455813712
0.6846753187
0.4531438442
0.4834075887
0.8178416901
0.3704131482
0.5085806135
0.2930999169
0.3440888222
0.4789694193
0.9638571717
0.3269250958
0.2884613868
0.4003855253
0.3694732626
0.6781977359
0.5922015738
0.2878005975
0.5976718081
0.3890839353
0.5290474009
0.3303921192
0.2894697163
0.90162214
0.8644875018
0.6775262881
0.3919955205
0.3216584013
0.3563523703
0.7063679092
0.9017701992
0.2876840432
0.5158020233
0.6552445763
0.4189993318
0.701085996
0.2882027082
0.3466477938
0.3201882645
0.2876628337
0.2935549874
0.2875260978
0.3280659239
0.2874692927
0.5511741424
0.3041073128
0.9533878248
0.2968714854
0.3564976695
0.288913563
0.5151435657
0.6604406413
0.5377276989
0.3516314879
0.2916811451
0.9087666144
0.2876628337
0.3000103443
0.3488410916
0.622301581
0.7477579718
0.9162374853
0.3795587863
0.4783375701
0.4344813372
0.3410581016
0.4333146768
0.3075018526
0.3151850679
0.2873561964
0.3510691027
0.6425538011
0.287533987
0.2877518746
0.6298195814
0.8113624576
0.4191868336
0.7362871519
0.4656139812
0.2873525139
0.2887989244
0.452941667
0.3753389266
0.4007404131
0.2881023312
0.5992678562
0.2969863302
0.3206052363
0.2875760617
0.5967598804
0.7534378625
0.7632318237
0.5507243266
0.8721685913
0.9328999431
0.4374113353
0.4658205894
0.7751460214
0.4298333042
0.2876423249
