 1.5873e+00, 7.2556e+00
 5.6876e+00, 6.9885e+00
-4.1789e+00, 1.0055e+01
 1.3250e+01,-5.0863e+00
-1.4642e+01, 4.0587e+00
-5.9616e-01,-9.6339e+00
-5.3410e-01,-1.6644e+01
 4.0541e+00,-6.9577e+00
-2.2560e+00,-1.0896e+01
 9.5228e+00,-5.8299e+00
 1.6179e+01, 5.0381e+00
 1.1106e+01, 8.4592e+00
 3.4709e+00,-9.5897e+00
 7.4988e-01, 3.1673e+00
-2.1325e+00,-1.4602e+00
-6.6479e+00,-1.1155e+01
-1.3557e+01, 2.8154e+00
-1.9469e+00, 2.7075e+00
 5.4308e+00,-3.9734e+00
-7.7251e+00, 1.3842e+01
-6.8355e+00,-1.4293e+01
 7.2839e+00,-8.7800e+00
-5.1733e+00,-8.2328e+00
-1.0662e+01,-7.7453e-01
 2.4374e+00, 1.6061e+01
-5.2835e-01, 1.0053e+01
 1.2341e+01, 1.0603e+01
-8.0930e+00,-8.6496e+00
 1.6110e+01,-2.5518e+00
-1.3597e+01,-8.5992e+00
-1.1889e+01,-8.2832e+00
 1.4236e+01, 8.6916e+00
-9.6890e+00, 1.2021e+01
-4.6898e+00,-7.2220e-01
 7.0250e+00, 1.4876e+01
 1.1767e+01, 1.2704e+01
 8.3198e+00, 6.3491e+00
 3.0443e+00,-4.5132e+00
-4.5000e+00, 3.5117e+00
-3.2802e+00,-4.9801e+00
-3.8949e+00,-1.0883e+01
 3.2359e-01, 1.3639e+01
 1.5521e+01,-4.4707e-01
-1.1303e+01, 2.3115e+00
-1.0277e+00, 1.7376e+01
-1.7757e+00, 1.0904e+01
 6.3662e+00, 2.3554e+00
-1.1415e+01, 1.3071e+01
-6.4769e+00,-7.1748e+00
-1.1641e+01, 5.0650e+00
 8.1427e+00, 3.8113e+00
 6.3429e+00,-5.2321e+00
-2.3193e+00, 9.4757e+00
 1.5854e+00, 1.0038e+01
 1.2094e+01,-1.1210e+01
-8.9132e+00,-4.5971e+00
 2.7304e+00, 4.4765e+00
-7.4914e+00,-1.2801e+01
-7.9501e+00, 1.2060e+01
 6.1856e+00, 1.1101e+01
-1.4324e+01,-6.3281e+00
 7.8973e+00, 9.5793e+00
-1.3736e+00, 1.3209e+01
 1.3411e+01,-8.6938e+00
 1.7191e+01,-1.1788e+00
 1.3717e+01, 2.9915e+00
-1.0990e+01,-6.1055e+00
 5.1076e+00,-1.1004e+01
 2.5256e+00,-7.2124e+00
 1.2126e+01, 1.6630e+00
-1.5508e+01,-1.9010e+00
 4.9360e+00, 8.8523e+00
-5.1620e+00, 6.8362e+00
-3.4803e-01,-4.3073e+00
-1.1982e+01, 7.0728e+00
 1.0579e+01, 4.4743e+00
 6.2831e+00, 5.4375e+00
 2.7833e+00,-1.5918e+01
 2.1816e+00,-1.3580e+01
-6.2706e+00,-5.6706e+00
-6.9358e-01,-1.9852e+00
 1.2172e+01, 4.0344e+00
-5.4408e+00, 1.2152e+01
-1.0364e+01, 1.0243e+00
 1.0799e+00,-1.4683e+01
 4.9739e+00, 1.6438e+01
-6.9753e+00, 1.5509e+01
-1.2595e+01,-4.0019e-01
-6.0247e+00,-1.9438e+00
-1.5279e+01, 7.2824e+00
 1.6185e+01, 1.1012e+00
 1.3918e+00, 1.1526e+01
-1.7521e+00,-1.3220e+01
-1.2403e+01,-2.6679e+00
-3.8805e+00,-1.4339e+01
 8.4561e+00,-1.2979e+01
 1.3226e+01,-2.0799e+00
 6.6380e+00,-1.5121e+01
-9.0255e+00,-1.1253e+00
 1.7531e+00,-5.3981e+00
 7.8176e+00, 7.5467e-01
-7.3059e-01, 6.0460e+00
 9.6437e+00,-3.7963e+00
 9.3904e-01,-2.5824e+00
-3.0042e+00, 1.3665e+01
 1.4941e+01,-4.1851e+00
-1.1842e+01, 1.1111e+01
 1.4692e+00,-1.7367e+01
-1.5648e+01,-5.1316e+00
-6.1410e+00, 3.1603e+00
 4.1295e+00,-4.9556e-01
-9.1281e+00,-1.1152e+01
-7.1175e+00, 6.5235e+00
-9.0891e+00, 1.4540e+01
-3.3809e+00, 1.6841e+01
 9.6716e+00, 1.1335e+01
 6.0347e-01,-7.5374e+00
-8.7046e+00, 1.9585e+00
 3.0230e+00,-1.2232e+01
 1.4432e+00, 1.5119e+00
-1.2637e+01,-1.1618e+01
-4.2494e+00, 1.5422e+01
 1.0190e+01, 2.6046e-01
 1.0504e+01,-1.5519e+00
-3.9258e+00,-6.6904e+00
-1.3238e+01, 8.5399e+00
 1.2887e+01, 5.6117e+00
-7.7462e-01, 9.1224e-01
 4.2866e+00, 1.4287e+01
 1.3755e+01, 6.9489e+00
-5.3323e+00, 1.4307e+01
 4.6813e+00,-2.0675e+00
-3.5353e+00, 1.1543e+01
 1.7207e-01,-1.2978e+01
 6.9746e+00, 7.9118e+00
 9.0141e+00,-1.4894e+01
 1.0870e+00,-5.4554e-01
-5.3465e+00,-1.3363e+01
-4.0797e+00,-2.9545e+00
 8.4464e+00,-1.4025e+00
-1.1316e+01, 8.5676e+00
-6.6100e+00,-4.0905e+00
-8.5223e+00,-1.4571e+01
-9.5146e+00, 3.9517e+00
 1.0291e+01,-1.3986e+01
 6.9573e+00,-3.6548e+00
-2.6313e+00, 1.5328e+01
-1.3980e+01, 1.0974e+00
-2.2307e+00,-6.7751e+00
-6.5743e+00, 7.9964e-01
-4.7643e-01, 7.5904e+00
-2.4257e+00, 5.5985e+00
-2.9800e+00, 8.7161e-01
-7.2693e+00, 9.9603e+00
-2.8102e+00,-1.6117e+01
 1.1720e+01,-9.0072e+00
 3.4533e-01,-5.9788e+00
-7.3071e+00, 4.9472e+00
 1.1832e+01,-3.6175e+00
-1.1235e+01,-4.1604e+00
 6.4431e+00,-5.3814e-01
 1.3971e+01,-2.2012e-01
-6.3500e+00,-9.6388e+00
 1.5234e+01, 6.5695e+00
 6.8235e+00,-1.2950e+01
 8.7334e+00,-8.1536e+00
 2.8551e+00, 7.8785e-01
 1.3586e+01,-6.5852e+00
-1.5761e+01,-6.9049e+00
 9.2268e+00,-9.6594e+00
-1.0101e+01, 9.8429e+00
 5.5446e-01, 8.8545e+00
 9.8918e+00, 2.2327e+00
-1.5221e+01,-8.3243e+00
 5.1744e+00,-8.6513e+00
 2.5872e+00, 1.3380e+01
-4.8300e-03,-1.1179e+01
-1.3994e+01, 5.7089e+00
 4.5305e+00,-1.6362e+01
-2.8403e+00, 3.9143e+00
 4.8586e+00, 2.7055e+00
 8.3068e+00,-2.9678e+00
 5.0903e+00, 1.2563e+01
-1.4878e+00,-1.5256e+01
 1.4217e+01, 1.5116e+00
-3.7251e+00, 7.5952e+00
 1.9395e-01, 4.7876e+00
-1.7347e+01,-1.2956e+00
-9.3999e+00, 6.5391e+00
 3.3220e+00, 8.5898e+00
-9.7527e+00,-8.7360e+00
-8.1280e+00,-2.7140e+00
-1.7241e+01, 9.1915e-01
 3.6830e+00,-1.4112e+01
-1.5308e+01, 2.0191e+00
 1.6818e+01,-3.9457e+00
 8.6521e-01, 1.6590e+01
 1.5122e+01,-8.4683e+00
 2.7972e-02, 1.5128e+01
-1.3492e+01, 1.1100e+01
-8.2907e+00,-7.0513e+00
-1.2475e+01,-1.0097e+01
 2.8695e+00,-1.6775e+00
 9.3969e+00, 1.3385e+01
 1.2267e+01,-7.3492e+00
 1.5522e+01,-6.9761e+00
 3.1514e+00, 1.0949e+01
 1.9945e+00,-8.9113e+00
-7.2569e+00, 8.3918e+00
-1.3782e+01,-4.6229e+00
-5.0843e+00,-1.5992e+01
-4.4751e+00, 1.3820e+00
-1.7078e+01, 3.3378e+00
-1.0913e+01,-1.2034e+01
-1.4600e+01,-5.3483e-01
 7.1695e+00,-6.5162e+00
 3.6010e+00, 6.8351e+00
-2.1889e+00,-3.8903e+00
 9.6861e+00, 9.8225e+00
 1.1920e+01,-7.3120e-01
 6.9527e+00,-1.0658e+01
-1.0946e+01,-9.9540e+00
 1.0441e+01,-7.2865e+00
 1.0593e+01,-1.1731e+01
 5.0970e+00,-1.4664e+01
 1.3773e+01,-1.0748e+01
 7.0603e+00, 1.2624e+01
-2.7161e+00,-9.0429e+00
-1.6491e+01, 5.7033e+00
-9.9800e+00,-1.4184e+01
 8.1651e+00,-4.9841e+00
 4.9295e+00, 4.3910e+00
 1.1150e+01, 6.6679e+00
-9.7715e-01,-7.8844e+00
 9.7068e+00, 7.3466e+00
 1.7220e+01, 3.0146e+00
-5.6071e+00, 1.6178e+01
-9.0270e+00, 8.6280e+00
-1.2493e+01,-6.2724e+00
 4.7702e+00,-1.2492e+01
 1.3795e+01, 1.0231e+01
-5.5763e+00, 8.4605e+00
-1.6023e+01,-3.6742e+00
 1.4702e+01, 4.2459e+00
 1.6430e+01,-5.4382e+00
-9.6524e+00,-3.2669e+00
-5.7681e+00, 5.1147e+00
-7.5323e+00,-5.9720e-01
 1.9506e+00,-1.0651e+01
 5.3353e+00, 7.7745e-01
 2.9593e+00, 2.6134e+00
-2.9974e+00,-1.2365e+01
-5.9281e+00, 1.0722e+01
 6.9303e+00,-2.0459e+00
 1.1722e+01,-5.1175e+00
-6.6711e+00,-1.6033e+01
