0.2871055508
0.2913196795
0.2920899259
0.6295599691
0.3354801997
0.7957283486
0.3024355037
0.9563153943
0.4945926589
0.9828945581
0.5877529836
0.3088527154
0.8769295677
0.5832143531
0.3208105151
0.7132012528
0.7557478283
0.9782769756
0.3726651709
0.302288425
0.9919517442
0.2891543304
0.3343629404
0.6474454627
0.3932909244
0.5475656628
0.9914446348
0.2877592395
0.5092990266
0.6837524749
0.6879654794
0.460999381
0.5136652231
0.6764095358
0.8098351258
0.3079940144
0.3792902329
0.2870295863
0.3261876505
0.5473416896
0.5993392388
0.4219407671
0.9390796057
0.3085934233
0.3174956241
0.9693162658
0.6609626885
0.5092990266
0.3199670966
0.8454461593
0.4404844299
0.4458379226
0.533288753
0.3137645967
0.3966021972
0.8973195569
0.2876114437
0.2956102693
0.3255098705
0.2921789316
0.4305344558
0.5997938484
0.2907979372
0.2890019208
0.4993259362
0.7633959338
0.868636811
0.7455049428
0.6553389689
0.6257019312
0.4725775267
0.3585421307
0.4324682122
0.6998748737
0.2884355675
0.4548852764
0.4816038361
0.9438272433
0.2872361577
0.8783694162
0.2868039193
0.8634866549
0.3013484436
0.311433185
0.8083071241
0.5101708657
0.3485206031
0.9403702768
0.3601749468
0.330961624
0.3932909244
0.3896762924
0.7898270893
0.6777469332
0.2865491798
0.3990665154
0.8160901573
0.6688127408
0.5997938484
0.7022883932
0.3651654224
0.4422624988
0.3973041884
0.2874915463
0.2866375968
0.9222443646
0.2868778097
0.5370690429
0.4653166657
0.2876528014
0.7982670655
0.498032612
0.8445646759
0.8574039076
0.3699768895
0.3755493232
0.3251729932
0.286747143
0.5375143843
0.4732035663
0.3193409452
0.762572809
0.3051948076
0.3630315145
0.6329618608
0.2919139666
0.3257352012
0.7955325956
0.3187203064
0.8094535472
0.6564647371
0.3124468763
0.3229615951
0.2898416323
0.2872024604
0.3707639378
0.6309209989
0.4228866977
0.3927716228
0.3092006771
0.8465012983
0.7557478283
0.9067716328
0.2873414305
0.5859371003
0.2881783946
0.5997938484
0.3610720807
0.575734773
0.3706062858
1
0.581853511
0.6116154716
0.2864058743
0.6712738138
0.3610720807
0.9662125201
0.3999515914
0.5130091898
0.3809359004
0.3294211644
0.372029501
0.9181228401
0.4118724858
0.9271674917
0.3270996834
0.3351064917
0.3662415345
0.7029458565
0.4991102575
0.3682560885
0.6415683684
0.6456382469
0.5160739257
0.8248626477
0.4965260228
0.6016123939
0.2884355675
0.4326620577
0.9123896049
0.4219407671
0.4755038788
0.2872880103
0.345641424
0.6665728022
0.2872880103
0.2868778097
0.2921789316
0.5592459097
0.4583420787
0.818345317
0.5684956948
0.7274493126
0.6676930754
0.8138246
0.7446632467
0.288625908
0.4426585046
0.3236187067
0.4642860134
0.3295387834
0.2873234496
0.4026223142
0.2865947874
0.2880803852
0.692387826
0.4318871867
0.3239492935
0.8947824746
0.3691928778
0.4956662349
0.2882537245
0.7621609065
0.9064867315
0.6981168456
0.3161939652
0.2955541315
0.3042515467
0.2872024604
0.8556950662
0.5836680486
0.7402310511
0.3166915078
0.5696257657
0.5312912427
0.2918704044
0.2880087014
0.2903052363
0.2870295863
0.2911967028
0.2874339471
0.861471156
0.4344104798
0.4991102575
0.4238348905
0.3211293099
0.5442088731
0.3382598623
0.5448797428
0.7530427693
0.3180032143
0.2868907355
0.3881419156
0.2877161425
0.3358551931
0.2868524817
0.4558998225
0.7545004758
0.8604588615
0.3553232415
0.3149185283
0.5941123043
0.4847785202
0.4096728182
0.7557478283
0.9421103172
