 1.1975e+01, 1.2219e+01
-1.1533e+01,-1.2393e+01
 3.3601e+00,-1.6441e+01
-3.2222e-01, 9.5056e+00
 1.4356e+01,-3.6634e+00
-5.5479e+00,-4.3850e+00
 1.2106e+01, 1.0317e+01
 2.0157e+00,-2.4680e+00
-4.7029e+00,-1.0931e+01
 1.8222e+00, 6.0451e-01
 9.9605e+00, 1.8009e+00
-7.5352e+00,-1.4067e+01
 4.8918e+00, 1.5987e+00
-1.0383e+01, 1.2028e+00
 1.3778e+01, 6.4101e+00
 4.6110e+00, 6.7012e+00
-2.4923e+00, 7.1073e+00
-2.0055e+00,-1.4586e+00
 6.0717e+00,-1.2660e+01
-1.5777e+01,-3.8402e+00
-1.5951e+00, 3.5329e-01
-1.2919e+01, 1.1038e+01
 1.2680e+01,-7.8177e+00
-2.8806e+00,-9.0422e+00
-7.1519e+00,-1.1711e+01
-8.8155e+00,-6.6909e+00
 9.8493e-01,-1.2234e+00
-1.7116e+01, 2.2813e+00
-1.0693e+01, 4.4414e+00
-8.7317e+00, 1.6142e+00
 5.4348e+00,-6.8124e+00
-1.2043e+01, 2.9650e+00
 3.3513e+00, 1.0779e+01
-4.1915e+00, 7.7940e+00
 1.4768e+00, 6.3333e+00
 8.8399e-02, 1.5719e+01
-2.9204e+00,-1.3679e+01
 2.9884e-01,-1.7403e+01
-9.2558e+00, 1.2028e+01
-3.6375e+00, 1.0206e+01
-4.4549e+00,-9.2267e+00
 1.1834e+01,-5.2082e+00
-3.8276e+00,-6.4738e-01
 1.4769e+01, 5.1678e+00
-6.4319e+00, 1.4019e+01
-9.1475e-02, 2.5853e+00
 8.9108e+00,-1.4177e+00
 7.7546e+00,-8.4924e+00
-1.7814e+00,-1.5415e+01
-1.9579e+00,-5.7866e+00
 9.7767e+00,-8.0056e+00
-1.0079e+01, 7.5666e+00
 1.0587e+01,-3.0883e+00
 6.2965e+00,-1.4337e+01
-1.2542e+01, 5.1705e+00
-2.2592e+00, 4.2314e+00
 1.6718e+01,-3.4849e+00
-1.5468e+01, 5.8249e+00
 4.8034e+00,-1.4501e+01
-1.6318e+01, 3.9326e+00
-7.8524e+00, 1.0151e+01
 4.0790e+00,-9.2761e+00
-1.4125e+01, 9.1852e+00
-9.3536e+00, 1.4151e+01
 1.0669e+01, 4.3001e+00
-3.9675e+00,-6.5199e+00
 2.0848e+00, 4.9026e+00
 7.3385e+00,-2.2676e+00
 3.9259e+00, 8.1685e+00
 9.0752e+00,-3.1101e+00
 5.0259e-01, 1.1981e+01
 1.6235e+00,-1.4325e+01
-1.6465e+00, 1.2606e+01
 7.2009e+00,-4.4512e+00
-1.7118e+01,-1.6404e+00
-1.2541e+01,-1.6911e-01
-1.0611e+01,-5.8682e+00
 3.3506e+00,-1.0094e+00
 4.1139e+00, 1.6606e+01
-4.8939e+00,-2.3653e+00
-1.7480e+01, 3.4128e-01
-5.7164e+00,-3.5838e-01
-3.2311e+00, 1.5717e+01
 1.5317e+01, 2.6687e+00
-4.1792e+00, 5.1884e+00
 8.0763e+00, 7.9290e+00
 2.4956e+00, 1.4215e+01
 2.3825e+00, 2.6038e+00
-3.4769e+00, 1.3770e+01
-1.4879e+01, 2.8502e+00
 7.8390e+00, 1.0859e+01
 1.1814e+01, 6.4581e+00
 5.8374e+00, 3.5628e+00
-5.2712e+00,-7.3377e+00
 1.5466e+01,-7.9423e+00
 3.4249e+00,-1.3078e+01
 3.9522e+00,-5.2086e+00
-5.6139e+00, 7.0353e+00
 1.4417e+00, 9.8461e+00
 3.1711e+00,-7.9225e+00
 1.4002e+01,-1.0938e+00
-8.4408e+00,-9.6258e+00
 5.7921e+00, 1.1996e+01
 8.9183e+00,-1.4744e+01
 1.7222e+01, 1.3704e+00
-3.5380e+00, 2.3593e+00
-1.4109e+00, 1.7176e+01
 4.9277e+00, 9.7254e+00
 4.5433e+00,-1.1420e+01
 8.0684e+00, 1.4977e+01
-6.9012e+00, 9.6029e-01
-1.1370e+01,-3.3074e+00
 5.3351e+00,-2.5367e+00
-7.7226e-01, 5.5689e+00
-1.1695e+01, 7.8731e+00
-1.1244e+01,-8.5134e+00
-1.4011e+01,-6.3518e+00
 1.6766e+01, 3.9368e+00
 5.0954e-01,-1.1149e+01
 1.1853e+01, 1.5578e+00
 1.3858e+01,-6.5858e+00
-1.0000e+00,-7.5448e+00
-4.1120e-01,-1.6064e+01
 8.6416e+00,-1.1299e+01
 6.5602e+00, 6.7286e+00
-1.4875e+01, 7.7448e+00
-1.0487e+01, 1.1016e+01
-6.0285e+00, 3.4720e+00
 8.4514e+00, 1.2713e+01
 4.0944e+00, 5.0229e+00
-8.9131e+00,-2.8541e+00
 1.0457e+01,-1.1651e+01
 5.7110e+00, 1.4019e+01
 5.2823e+00,-1.6117e+01
 6.0380e+00, 1.6003e+01
 9.9744e+00,-9.8590e+00
-9.6814e+00,-1.0716e+00
 8.6032e+00, 9.5000e+00
-1.3586e+01, 1.6365e+00
 1.5654e+01,-3.5443e-01
 5.7580e+00,-8.9712e-01
 7.1867e+00, 1.9326e+00
 8.0147e-01,-4.6294e+00
-1.1599e+01, 1.2745e+01
-8.1278e-01,-1.0389e+01
 1.4143e+01, 9.2894e+00
 8.0741e+00, 5.7475e+00
-5.0689e-01,-1.4368e+01
 7.9026e+00,-6.8059e+00
-1.4032e+01,-2.0691e+00
 2.9783e-01, 5.5753e-01
-1.0106e+01, 2.6818e+00
 2.4005e+00,-9.6826e+00
 1.6179e+01, 6.4817e+00
-6.7309e+00,-6.1860e+00
-1.3659e+01,-4.6210e+00
-3.4378e-01,-2.9292e+00
 1.2970e+01, 2.8262e+00
 5.3638e+00,-1.0152e+01
 1.2708e+01, 4.9917e+00
-1.5217e+01, 1.2340e-01
-8.8386e+00,-1.1087e+01
 7.4577e-01, 4.1176e+00
 1.0082e+01, 8.2417e+00
-1.4496e+00,-3.9724e+00
 8.2021e+00,-1.2778e+01
 9.4155e+00, 1.1362e+01
-1.0674e+01, 9.3078e+00
 8.4389e-01, 8.2988e+00
 1.0243e+01,-5.4594e+00
 6.9637e-01, 1.3956e+01
 8.6987e+00, 3.2128e+00
-8.2552e+00,-4.7779e+00
-6.1355e+00,-9.7964e+00
 1.1762e+00,-6.3396e+00
-1.0123e+01, 5.9947e+00
 9.9250e+00,-2.3166e-01
-4.9198e+00,-1.6483e+01
-5.1347e+00, 1.1672e+01
-3.3071e+00,-3.2544e+00
 4.1136e+00, 1.2178e+01
 6.9090e+00,-9.9049e+00
-7.7000e+00, 1.5375e+01
-1.5631e+00, 1.4456e+01
 5.9921e-01,-9.1291e+00
 1.6314e+01,-5.2920e+00
 1.3885e+01,-1.0316e+01
-9.5031e+00,-1.3919e+01
-1.7945e+00, 1.0467e+01
 1.2145e+01,-1.4884e+00
 5.0456e+00,-4.0238e+00
-6.3281e+00, 8.4440e+00
-6.1909e+00, 5.2142e+00
-8.3047e+00, 3.7134e+00
 6.4078e+00, 5.5505e-01
-7.9092e+00,-3.7435e-01
 1.6732e+00, 1.6823e+01
-9.0644e+00, 8.8077e+00
 1.2864e+01, 7.9044e+00
-2.4268e+00,-1.2147e+01
-5.8026e+00,-1.4093e+01
-1.3862e+01,-1.0522e+01
-5.2923e+00,-1.2449e+01
 1.1565e+01,-1.3039e+01
-1.5413e+01,-7.7952e+00
 8.4340e+00, 1.0086e+00
 8.0447e-02,-1.2931e+01
-1.4712e+01, 4.3725e+00
 3.4067e+00,-3.5058e+00
 1.3901e+01, 9.8014e-01
-1.1760e+01,-1.5977e+00
-7.0584e+00,-1.5726e+01
 2.9346e+00, 6.7206e+00
-4.6001e+00, 1.0393e+00
-1.5135e+00, 8.3174e+00
-1.3053e+01,-8.7050e+00
 1.0005e+01, 1.2846e+01
 1.5760e+01,-1.9527e+00
-5.6613e+00, 1.6235e+01
-3.4697e+00,-4.7990e+00
-7.9130e+00, 6.6798e+00
 5.7646e+00, 5.0839e+00
 1.2169e+01,-9.5486e+00
 6.0720e+00,-8.6495e+00
 6.7102e+00, 8.6973e+00
 1.0008e+01,-1.3402e+01
 1.5028e+01, 7.8405e+00
 1.7733e+00,-1.6857e+01
 7.5501e+00,-1.5611e+01
 1.2511e+01,-1.1133e+01
-1.6579e+01,-5.1824e+00
 2.4112e+00,-5.1423e+00
 1.2643e+01, 5.9190e-02
 2.5191e+00,-1.1478e+01
 1.0901e+01,-6.9327e+00
-1.1015e+01,-1.0934e+01
-2.9452e+00,-1.0694e+01
-1.3317e+01, 6.6874e+00
-7.4328e+00,-8.2531e+00
-7.2926e+00, 2.5572e+00
-7.9730e+00, 1.3206e+01
 1.7201e+01,-3.6850e-01
-1.2483e+01,-5.9570e+00
-1.4694e+01,-9.1917e+00
 4.2158e+00, 1.4142e+01
-1.7066e+00,-1.7384e+01
-6.2718e+00, 1.0650e+01
-7.5074e+00,-2.0131e+00
 4.2942e+00, 3.4119e+00
 1.0369e+01, 9.7408e+00
-3.9867e+00,-1.5194e+01
 8.6752e+00,-5.2077e+00
 9.7526e+00, 6.5263e+00
 1.2599e+01,-3.7457e+00
-6.8703e+00,-3.6196e+00
 3.4299e+00, 6.7812e-01
