 9.6852e+00,-6.2899e+00
-1.4383e+01, 3.3054e+00
-2.1661e+00,-6.0904e+00
 1.3557e+01, 2.6738e+00
-9.2811e+00, 8.2669e+00
-8.6109e+00, 2.0200e+00
-3.2273e-01, 8.8194e-01
 6.5354e+00, 1.1101e+01
-1.5107e+01,-6.4362e+00
 1.1440e+01,-1.1014e+01
 1.9544e+00,-1.6902e+01
-1.4021e+01, 8.2833e+00
-1.2149e+01,-2.1673e+00
 9.2085e+00,-2.5709e+00
 1.5064e+01,-3.2699e+00
-6.5644e+00,-8.6720e+00
-1.0444e+01, 2.9111e-01
-9.9090e+00,-1.0801e+01
-4.9504e+00,-7.0243e+00
-2.6958e+00, 1.7205e+01
-1.3032e+01, 9.4781e+00
 1.4029e+01,-7.6121e+00
-1.1989e+01,-3.9935e+00
 1.0556e+01,-1.4400e+00
 1.4380e+01, 5.6670e+00
 1.0519e+01, 1.2655e+01
-2.0878e+00, 1.4995e+01
 3.8325e+00, 1.3186e+01
 3.5068e+00,-1.6640e+00
-1.6424e+00, 1.1965e+01
-1.2105e+01, 7.1284e+00
-9.5666e+00, 4.4306e+00
-3.7180e+00,-1.3319e+01
 2.3472e+00, 4.0325e+00
-7.5890e+00,-7.5141e+00
-1.0285e+01,-2.5020e+00
-1.1367e+01, 1.3125e+01
 1.5200e+00,-2.8802e+00
-2.7195e+00, 2.6340e+00
-5.2248e+00, 1.8947e+00
-1.5777e+01, 1.5876e+00
 1.3149e+01, 1.1534e+01
-6.8676e+00, 6.8894e+00
 2.3324e+00, 1.2221e+00
 5.4405e+00,-1.5855e+01
 1.0334e+00, 8.3012e+00
 7.9473e+00, 1.0270e+01
 3.8544e+00,-4.8259e+00
-1.5749e+01, 6.3927e+00
-7.4862e+00, 4.6953e+00
-5.5411e+00, 5.6082e+00
 1.4310e+00, 5.7619e+00
 5.2854e+00, 2.2618e+00
 4.8674e+00, 1.1471e+01
 1.0395e+01,-1.3752e+01
 1.1995e+01,-7.3128e+00
-4.5168e-02, 1.0856e+01
 9.2777e+00, 5.8378e+00
 1.0593e+01,-3.5607e+00
 5.4793e+00, 5.4660e+00
-7.8053e+00,-3.3485e+00
-1.1454e+01,-1.1639e+01
 5.7865e+00,-1.1165e+01
 8.5443e+00,-9.4718e-01
 5.7319e+00, 1.6260e+01
-1.0982e+00,-1.1797e+01
-5.0757e+00,-1.1956e+01
-4.7413e+00, 8.5022e+00
-8.2436e+00, 1.5435e+01
-8.5792e+00, 9.7688e+00
 1.4461e+01, 7.7706e-01
 5.0083e+00,-7.3228e-01
-1.3171e+00,-1.6328e+01
 3.6448e+00, 8.2895e+00
 1.7057e+01,-2.4458e+00
 1.6741e+01, 3.5364e-01
-2.6421e+00, 9.4278e+00
 7.6626e+00,-1.4428e+01
 6.6263e+00,-2.0770e+00
-6.9650e+00, 1.3410e+01
 1.0221e+01, 2.3777e+00
-7.3102e+00,-1.3135e+01
-1.3934e+01,-8.0562e+00
 1.5800e+01, 3.1913e+00
-4.8970e+00, 1.6674e+01
-3.8288e+00, 1.4812e+01
 3.9285e+00, 1.5627e+01
 5.7875e-02,-7.3001e+00
 8.4774e+00,-4.8436e+00
 2.5006e+00,-6.9330e+00
-8.4669e+00, 6.9159e+00
-1.4101e+01,-4.9369e+00
-8.6014e+00,-1.4274e+01
 2.5109e+00,-1.0073e+01
 3.2382e+00,-2.9279e-02
-1.6014e+01,-4.0401e-01
-4.4233e+00,-2.4514e+00
 1.2801e+01, 7.0136e+00
-1.2214e+01, 9.6190e-02
 6.6576e+00,-2.9829e-01
 3.4239e+00, 5.7234e+00
 6.4500e-01,-9.4582e+00
 5.4886e+00,-1.3605e+01
-4.4217e+00,-1.0487e+01
-4.3471e+00,-1.6346e+01
 2.8330e+00, 1.4464e+01
 3.5299e+00, 2.7473e+00
 8.9789e+00,-1.1608e+01
-2.8717e+00, 3.7779e-01
 3.1688e+00,-1.2014e+01
-2.3840e+00, 7.3926e+00
 4.6766e+00,-9.5715e+00
 1.1021e+01, 3.9605e+00
-9.5129e+00,-3.8751e+00
-1.6706e+01,-2.6956e+00
 1.4641e+01,-9.4755e+00
-5.4257e+00,-1.4333e+01
 1.4889e+01,-4.9325e+00
-8.6698e+00,-8.9181e+00
-6.0384e+00, 1.2223e+01
 1.6052e+01, 4.7840e+00
 8.3549e+00, 9.1148e-01
-3.4597e-01,-4.6363e+00
-1.3085e+01,-1.0320e+01
 4.5060e+00,-7.6892e+00
 6.3865e+00,-6.7503e+00
 6.1784e+00,-4.4540e+00
 5.1899e+00, 7.2905e+00
 8.7242e+00, 1.2272e+01
-1.2086e+01, 1.1424e+01
 1.2729e+01, 8.5338e+00
-1.7474e+00,-2.7535e+00
 1.1372e+01, 1.0272e+00
 8.3842e+00, 3.6260e+00
 7.5440e+00,-1.2859e+01
-3.0564e+00, 1.0903e+01
-6.4011e-01,-1.3339e+01
-1.1350e+01,-8.1242e+00
-5.8664e+00,-9.9000e-01
-1.3959e+01,-2.8013e+00
-2.8245e+00,-1.1266e+01
 5.0862e-02, 1.4830e+01
 1.3424e+01, 4.5063e+00
 1.1723e+01, 1.1069e+01
 9.2762e+00, 1.4726e+01
 1.6205e+01,-6.2675e+00
 2.5351e+00, 1.1618e+01
-1.1755e+01, 2.9540e+00
 1.2613e+01,-2.9065e+00
-6.6999e+00,-1.0229e+01
-1.2885e+00, 8.4259e+00
-1.0403e+01, 9.3765e+00
 1.3523e+01,-5.8730e+00
-7.3027e+00, 8.6763e+00
-2.9368e+00,-9.5195e+00
-2.6590e+00, 4.7295e+00
-6.5206e+00,-6.2597e+00
 1.1677e+01, 6.0094e+00
-9.5943e+00,-6.1022e+00
 1.0520e+01,-9.8220e+00
-8.4541e+00, 1.2119e+01
-6.5651e+00, 1.5624e+01
 1.0643e+00, 2.2043e+00
-8.0407e+00,-5.6623e+00
 3.7059e+00,-1.4300e+01
-1.1266e+01, 4.7724e+00
 4.2363e+00, 9.7668e+00
-1.3215e+01, 4.8784e+00
-1.6423e+01,-5.1850e+00
-7.0053e+00, 1.3382e+00
 6.9896e+00, 1.4376e+01
-1.4728e+00,-8.3418e+00
-8.7346e+00,-1.2334e+01
 9.0924e-01,-1.3392e+01
-4.6817e+00,-4.6477e+00
 5.0475e-01, 1.3348e+01
 3.4892e+00,-1.6773e+01
-3.1042e+00, 1.2708e+01
 6.9870e+00, 6.2896e+00
-5.7876e-01, 2.7634e+00
 7.5110e-01,-1.1229e+01
-6.8168e+00,-1.5063e+01
 1.6342e+00,-8.1889e+00
 7.3005e-01,-1.4966e+01
-1.3942e+01,-1.2583e+00
-5.4307e-02,-2.7346e+00
 9.5132e+00, 9.1372e+00
-4.3698e-01, 5.6132e+00
 6.3739e+00,-9.6054e+00
 5.3173e+00, 1.3678e+01
-2.8385e+00,-1.1503e+00
 1.1478e+01,-5.4625e+00
 2.4150e-01,-1.0656e+00
-1.5208e+01, 4.7166e+00
 8.3085e+00,-9.5820e+00
 2.5848e-01, 4.2758e+00
-5.3450e+00, 1.0826e+01
 1.3079e+01,-1.1413e+01
 6.0980e+00, 9.3020e+00
 1.2010e+01, 2.4898e+00
 2.0018e+00, 9.7583e+00
-4.6916e+00, 3.6834e+00
-4.4665e+00, 6.8720e+00
-7.0943e+00, 1.0990e+01
-5.2782e+00, 1.4197e+01
-2.6810e+00,-1.4609e+01
-7.4032e-01, 1.7395e+01
 1.2751e+01,-4.4460e+00
 1.4034e+01,-1.5166e+00
 1.8323e+00,-5.0681e+00
 1.0118e+01,-8.0288e+00
 8.6293e+00,-7.4684e+00
-9.6432e+00, 1.1013e+01
 6.7974e+00, 3.6332e+00
-1.0958e+01,-5.3636e+00
 1.8169e+00, 1.6087e+01
 1.3009e+01, 1.1926e-01
 4.9082e+00,-3.4983e+00
-3.0081e+00,-1.7184e+01
-1.0020e+01, 6.5915e+00
 2.3856e+00,-1.5150e+01
 1.4967e+01, 8.5614e+00
-1.3557e+01, 1.7202e+00
 1.6518e+01,-4.0929e+00
-3.1947e+00,-3.8482e+00
-1.6722e+01, 2.9171e+00
 7.5640e+00, 8.1009e+00
 1.0940e+01, 7.3538e+00
-6.2143e+00,-3.5002e+00
 1.2236e+01,-9.0652e+00
-1.2724e+01,-6.1796e+00
-1.0543e+00,-9.8895e+00
-8.9609e+00,-1.6102e+00
 9.3161e+00,-1.4813e+01
 1.5939e+01, 1.6789e+00
 9.9230e+00, 4.9373e-01
-1.0342e+01,-1.3804e+01
 2.3495e+00, 7.4381e+00
-1.4215e+01, 6.1943e+00
-7.4095e+00,-1.5970e+00
 4.9044e+00, 3.7613e+00
 3.2672e+00,-3.2581e+00
-1.1250e+01,-9.7681e+00
 1.5656e+01, 6.9697e+00
-2.8389e+00,-7.6656e+00
-8.0050e+00,-1.3172e-01
-2.1311e+00,-1.3120e+01
 1.5416e+01,-7.3622e-01
-2.0720e-01,-1.7481e+01
-4.4023e+00, 2.3481e-01
-9.3682e+00, 1.3348e+01
 4.6710e+00, 7.4124e-01
-1.7434e+01, 9.5796e-01
 7.3069e+00,-8.2053e+00
 1.0242e+01, 1.0554e+01
-5.9402e+00,-1.6418e+01
