0.4237013064
0.2899432424
0.6264887147
0.964006574
0.3058341487
0.3935435078
0.2975919298
0.3177126586
0.4825536029
0.5906613189
0.3966771546
0.3517945136
0.3986092603
0.3410926386
0.3853610738
0.8516171751
0.4772776044
0.3346478161
0.3437205494
0.898666541
0.341483252
0.6330979738
0.2938087317
0.7729557212
0.4720404986
0.5158084808
0.9873999396
0.4758072204
0.5670126499
0.6567161497
0.2892104119
0.5851922551
0.3526420357
0.3076029496
0.7603599954
0.5219751189
0.8314501661
0.4507094704
0.5088019653
0.3042947682
0.3445198032
0.4712062858
0.384690871
0.9544279457
0.3863697855
0.5072754607
0.6601078334
0.407369562
0.3378870013
0.3208823625
0.3241996999
0.4184245995
0.578591835
0.3843564536
0.5433391485
0.4908577473
0.7678193116
0.2898863702
0.6716033484
0.2939018818
0.7982618301
0.819495277
0.4635403585
0.2981266584
0.7929240804
0.2936244881
0.6834811024
0.2986750355
0.29233025
0.2927022689
0.2892823947
0.406102995
0.3254119224
0.4199247809
0.2876721501
0.8799436398
0.3258572572
0.3090235682
0.3163301013
0.3581205264
0.2934429883
0.4366141392
0.8290465142
0.8000303549
0.292289776
0.3646984968
0.562257886
0.766994125
0.5210922141
0.8502096162
0.314597645
0.5729106378
0.8998680431
0.5833704819
0.3902740271
0.3331857451
0.7456537424
0.9189594228
0.4707895715
0.956987475
0.3716784335
0.4315565395
0.4431150871
0.9648847056
0.8066620938
0.287852009
0.3495581018
0.5005433491
0.681469575
0.4113821697
0.2887107284
0.9972187312
0.2876105499
0.4885067715
0.5040121616
0.4795943539
0.6974922173
0.6385615185
1
0.424080984
0.6935020523
0.3240904054
0.3095361087
0.3821939151
0.2876624979
0.7776486324
0.3795591577
0.9062238946
0.8910236876
0.8645577472
0.6155370355
0.603437791
0.6317311487
0.3185164023
0.3291576292
0.2894058536
0.3324625722
0.9635149777
0.7758160456
0.3723109428
0.3996685424
0.4853119216
0.2927022689
0.4621005805
0.2960699171
0.5077113721
0.3000074925
0.2901180332
0.6412907619
0.4165578749
0.3256342887
0.7509356075
0.5638418469
0.7356391606
0.4043022477
0.2955900615
0.9501399165
0.3298560977
0.2923708964
0.3972028147
0.3086851004
0.4762270168
0.8014021214
0.2876058112
0.2934429883
0.6191888008
0.3935435078
0.8571953216
0.6684536734
0.3174138216
0.2937162671
0.9146604606
0.687274148
0.2905823778
0.7157406297
0.5155888478
0.4203007638
0.3183145341
0.6324146045
0.6908360015
0.2876058112
0.3273211943
0.6264887147
0.6751970039
0.5881540175
0.328349499
0.9152203814
0.6319589768
0.9750818226
0.7780552101
0.3130083449
0.289559756
0.8729224803
0.9724838165
0.294921279
0.7235711249
0.5118617157
0.2912622204
0.3167219938
0.5064042011
0.2896927985
0.7657546286
0.4025117521
0.6573948411
0.8954844652
0.8921074481
0.7810967809
0.418050496
0.3253009654
0.7881395981
0.9565650984
0.5658797917
0.3305598899
0.2968436971
0.3708905397
0.4156280857
0.2962876042
0.8151257454
0.4050213223
0.3498357641
0.3431904946
0.5239639613
0.2883192744
0.3330648514
0.311197332
0.9109835394
0.3043701784
0.6175912632
0.4977343922
0.2876935598
0.4417286339
0.7812990623
0.4050213223
0.5906613189
0.8737471612
0.2876193251
0.7248708458
0.6020682214
0.6939459379
0.3771162951
0.4561728851
0.2881142661
0.287600897
0.5471532425
0.8960937061
0.6255765663
0.6731763752
0.2881009361
0.2889166323
0.2878158651
0.2906472418
0.2903298645
0.4088231094
0.2878809581
0.3407032921
0.5140526199
