 6.0383e+00,-1.5013e+01
-4.2313e+00, 4.4776e+00
 5.8246e+00,-6.4850e-01
 2.6694e+00,-4.6394e+00
 5.8686e+00, 4.3713e+00
 2.7681e+00, 8.0838e+00
-5.4611e+00,-1.4319e+01
-5.2463e-01, 2.5327e+00
-1.2134e+01, 8.0623e+00
-1.5154e+01,-3.4056e+00
 1.2259e+01,-8.6263e+00
-1.2972e+01,-6.3025e+00
-1.6699e+01,-1.9573e+00
 3.9371e+00,-1.3729e+01
 8.7149e+00,-4.3953e+00
 1.3565e+01, 3.7638e+00
 5.7122e-01, 1.0497e+01
 2.2698e+00,-2.0696e+00
 6.1603e+00, 6.4102e+00
 1.7259e+00,-7.0290e+00
 5.6068e+00, 1.3054e+01
 1.1731e+01, 7.5814e+00
-1.5039e+01, 6.8834e+00
 1.5077e+01, 7.3635e+00
 3.8944e+00, 2.7762e+00
 4.5470e+00, 1.6478e+01
-6.7935e+00,-8.1766e+00
 1.1258e+01, 5.4889e+00
-2.6879e+00, 9.4162e+00
-1.2023e+01,-9.2535e+00
-2.9053e+00,-3.6446e+00
 1.2482e+00, 1.3655e+01
-6.3860e+00, 1.4661e+01
 3.4277e+00,-7.7554e-01
-1.4549e+01,-6.9776e+00
 4.0585e+00,-3.4348e+00
 1.5764e+01,-2.1793e+00
-1.7349e+01, 1.9022e+00
 1.5171e+01,-4.0669e+00
 1.9994e+00, 4.4054e+00
 1.3863e+01,-6.6946e+00
 3.2878e+00,-6.5698e+00
 7.1989e+00,-2.5269e+00
-1.4487e+01, 4.2591e+00
 7.1613e+00,-5.2943e+00
 9.8568e+00, 8.4672e+00
-1.8971e+00, 7.9553e-01
-3.3184e+00,-1.6712e+01
-1.1304e-02,-1.4987e+01
 7.2393e+00, 1.0398e+01
-4.7545e+00,-3.9177e+00
-1.0106e+01, 1.1021e+00
 7.9803e+00, 4.2543e+00
-3.5318e+00, 1.8371e+00
 7.3242e-01,-1.0287e+01
-6.8314e-01,-1.6033e+00
-1.1156e+01,-1.1666e+01
-1.0284e+01,-8.1293e+00
-5.4823e+00, 1.3150e+01
-1.0254e+01,-4.5043e+00
 1.4536e+00, 1.0593e-01
-4.6096e+00, 1.6387e+01
-1.1349e-01,-1.7405e+01
 1.0534e+01, 1.3784e+01
-5.1729e+00,-3.5757e-01
-1.9211e+00, 1.6445e+01
 1.0528e+01, 1.1374e+01
-1.2273e+01, 1.0418e+01
-7.5903e+00, 4.4467e+00
-3.7332e+00, 1.1374e+01
-5.2473e+00, 8.4674e+00
 2.4567e+00,-9.7368e+00
-1.1911e+01, 4.0356e+00
-8.0272e+00, 1.1939e+01
 3.0022e+00,-1.2258e+01
-5.6371e+00, 1.5494e+00
 4.9606e-01, 7.3294e+00
-8.2670e+00, 5.8730e+00
 7.7733e+00,-9.3091e+00
-2.5061e+00,-1.5055e+01
-5.1479e-01,-7.0954e+00
-1.6275e+01,-4.5983e+00
 2.5079e+00, 1.0418e+01
 4.8720e+00,-1.6349e+01
 1.7066e+00, 1.7168e+01
-3.2341e+00,-4.2772e-01
-1.3630e+01, 3.0211e+00
 8.1829e+00, 1.4356e+01
-1.4048e+01,-1.4628e+00
-3.8850e+00, 1.4416e+01
-8.7298e+00,-2.3599e+00
-1.1399e+01, 1.3111e+01
-1.8142e+00,-5.5742e+00
 9.3827e+00,-1.4276e+01
-7.0762e+00, 4.0565e-01
-7.3103e+00,-1.4074e+01
 5.5900e+00, 1.1016e+01
-9.0981e+00, 3.0361e+00
-2.5120e+00,-9.4553e+00
-6.7857e-01, 5.2841e+00
 8.9000e+00,-7.2827e+00
-5.4104e+00,-2.0287e+00
 8.0286e+00, 1.2481e+01
-6.6346e+00, 2.7075e+00
 4.6573e+00, 1.4832e+01
 8.5611e+00, 1.9158e+00
 7.4295e+00,-1.1558e+01
-8.5343e+00,-6.7843e+00
-1.3947e+01,-1.0042e+01
 1.4070e+00,-1.2212e+01
-6.6621e+00,-4.1688e+00
-7.4650e+00, 1.0352e+01
 4.6432e+00,-1.1997e+01
-1.1123e+01,-6.0686e+00
 1.1661e+01,-1.0829e+01
 1.0910e+01,-2.0357e+00
 1.6579e+01,-2.3512e-02
-1.8796e+00, 1.4036e+01
 1.0254e+01,-6.7487e-02
 9.1350e+00,-1.2369e+01
 1.5642e+01, 5.2210e+00
-1.2466e+01,-1.0328e+00
-1.6387e+01, 2.1676e-01
 3.0457e+00,-1.5322e+01
-1.0006e+01, 5.2372e+00
-3.1720e+00,-6.7091e+00
 1.0828e+01,-5.4710e+00
-1.6137e+01,-6.3799e+00
-4.3904e+00,-8.9991e+00
-1.3452e+01, 9.1371e+00
 5.0213e+00, 7.8412e+00
 1.2505e+01,-4.9889e+00
-1.1033e+01, 6.7699e+00
 5.3768e+00,-2.5327e+00
-7.7937e+00, 1.5598e+01
 1.0492e+01, 3.9703e+00
 1.0331e+01,-9.4056e+00
 1.3794e+01, 1.7465e+00
-1.4550e+00, 1.1367e+01
-4.7853e+00, 2.9962e+00
-1.2328e+01, 5.9936e+00
-9.0739e+00,-9.9473e+00
-1.1241e+00, 6.8710e+00
 1.1722e+00,-3.5902e+00
-3.9292e+00, 7.0477e+00
-9.7939e+00,-1.0910e+00
 8.9852e+00,-1.0297e+01
-9.2872e+00, 1.0328e+01
-1.5244e+01,-8.3575e+00
-2.9662e+00,-1.2114e+01
-1.0045e+01, 8.8761e+00
-1.5156e+01, 2.4066e+00
 1.5164e+01,-6.7036e-01
 3.2539e+00,-1.6956e+01
 4.6151e+00, 6.2078e+00
 1.7295e+00,-1.7050e+01
-1.2909e+01,-3.2678e+00
-6.2352e+00,-5.6541e+00
-3.8591e+00,-5.3699e+00
 1.2462e+01, 9.4281e+00
-1.0210e+00,-1.0232e+01
 9.9998e+00,-3.5850e+00
-6.0918e+00,-1.0076e+01
-1.6582e+01, 3.4126e+00
-9.0907e+00,-1.2742e+01
 5.8407e+00,-1.0728e+01
 1.2147e+01, 7.9636e-01
 5.0459e+00, 1.4470e+00
 8.9841e+00, 5.7251e+00
 7.4657e+00, 5.0828e-01
 1.2655e+01,-1.2770e+00
-5.1524e+00,-6.8566e+00
 1.5844e+01, 2.4759e+00
-4.5509e+00,-1.2173e+01
 1.2419e+01,-1.2124e+01
 1.0787e+01,-7.7664e+00
 1.3445e+01, 8.2930e+00
 3.5846e+00, 1.2081e+01
-9.2512e+00,-1.4613e+01
-7.4164e+00,-1.1722e+01
-2.3158e+00,-1.7717e+00
 2.7122e+00, 1.4017e+01
 8.9565e-01, 3.1939e+00
 2.2765e+00, 6.3542e+00
 1.0186e+01, 6.6542e+00
 1.6164e+01,-6.4477e+00
-1.4885e+00, 8.3572e+00
 1.4316e+01,-9.6006e+00
-8.2073e+00,-4.5396e+00
-4.5512e-01, 1.5793e+01
 8.4582e-02,-1.3423e+01
 7.9250e+00,-1.3762e+01
 8.4818e+00,-7.9267e-01
-1.1458e+01,-2.8858e+00
-1.0622e+01, 2.8141e+00
-1.2499e+01, 1.7115e+00
 9.9386e-01, 8.8603e+00
-6.0834e-01,-4.4338e+00
-3.9450e+00,-1.3550e+01
-6.5157e+00, 5.6320e+00
 5.7224e+00,-4.1667e+00
 5.2119e+00,-7.7859e+00
-1.0024e+00,-1.2023e+01
-6.8314e+00,-1.5754e+01
 1.2014e+01,-3.5235e+00
-7.2299e+00, 7.2158e+00
 1.4982e+00, 1.5370e+01
-1.2685e+01,-1.0867e+01
-1.3907e+01, 5.5095e-01
-1.5145e+01, 8.6553e+00
-3.1583e+00, 1.2895e+01
-2.6945e+00, 4.2584e+00
 7.1183e+00, 7.8982e+00
-1.0948e+01,-1.3339e+01
 6.9675e+00,-7.0916e+00
 6.4329e+00, 2.4654e+00
 1.3047e+01, 6.1990e+00
 1.2108e+01, 2.4126e+00
 1.0294e+01, 2.1269e+00
-6.7187e-01, 1.2935e+01
-9.0787e+00, 1.4401e+01
 1.7303e+01,-2.2619e+00
-1.3078e+01,-7.8322e+00
 2.8567e+00,-8.0580e+00
 1.6756e+01, 3.8510e+00
 2.2533e+00, 1.6421e+00
-8.5839e+00, 1.0949e+00
 6.2212e+00, 1.4798e+01
-9.4870e+00, 1.2491e+01
 1.2281e+01, 1.2423e+01
-2.9255e+00, 5.8884e+00
 4.3414e+00,-9.8490e+00
 8.9594e+00, 1.0798e+01
-8.7188e+00, 7.7901e+00
-6.9160e+00,-1.8386e+00
-6.4029e+00, 1.1886e+01
 6.4091e-01,-8.2219e+00
 1.4690e+01, 9.3310e+00
-6.9674e+00, 8.7442e+00
-4.8635e+00,-1.6403e+01
 1.6422e+00,-1.4689e+01
 1.1090e+01,-1.3122e+01
 1.3696e+01,-3.2524e+00
 4.0923e+00, 4.5638e+00
-1.4446e+01,-5.0821e+00
 9.2210e+00,-2.2847e+00
 6.3112e+00,-1.2736e+01
 4.6549e+00, 9.6156e+00
-1.6226e+01, 4.9723e+00
-1.0988e+01, 1.1641e+01
 1.9208e+00, 1.2252e+01
 4.1042e+00,-5.2928e+00
-3.1442e-01, 5.8126e-01
-1.1512e+01, 2.4962e-01
-1.0844e+00, 9.8307e+00
-1.2608e+00,-1.5971e+01
