-3.7177e+00,-7.8641e+00
-1.2526e+01,-1.6779e-01
 1.5004e+01,-4.4489e+00
-1.1907e+01, 1.4960e+00
 1.3090e+01,-9.3687e-01
 4.0303e+00, 1.3034e+01
 6.2579e+00, 2.2216e+00
-5.9793e+00,-9.7473e+00
 2.9911e+00, 1.0795e+01
-2.4750e+00,-1.6661e+01
 6.0141e+00,-1.5139e+00
 5.0653e-01, 8.2663e+00
 1.1285e+01, 3.6977e+00
-1.2528e+01,-5.8662e+00
 2.4595e+00, 1.9789e+00
 9.0225e+00,-1.3381e+01
 1.0288e+01, 9.5317e+00
 3.8843e+00, 8.0357e+00
-8.1751e+00, 1.0459e+01
-1.3409e+01,-1.7673e+00
 1.1191e+01,-1.9351e+00
-7.8048e+00, 4.4742e+00
-6.8879e+00, 1.5198e+01
 7.0620e+00, 6.3398e+00
 1.2276e+01,-9.9492e+00
-4.7295e-01,-3.8618e+00
 1.1966e+01, 5.2037e+00
-6.5301e+00, 8.6479e+00
-9.2540e+00, 7.8003e+00
 5.9460e+00, 9.6272e+00
-2.0451e-01,-7.1283e+00
-1.0735e-01, 1.5736e+01
 1.2456e+01, 7.7485e+00
-5.4241e+00, 1.2966e+01
 7.6405e+00,-9.0055e-01
-8.7816e+00, 3.1381e+00
-3.2711e+00, 7.1175e+00
-2.4799e-02, 3.1976e+00
 2.9196e+00, 4.5962e-01
-1.0119e+01,-3.8496e+00
-6.9240e+00, 2.6956e+00
 1.7711e+00, 1.6190e+01
-1.2507e+01, 5.3078e+00
-6.9704e+00,-6.7067e+00
 1.6252e+01, 2.3165e-01
 8.2647e+00,-9.5241e+00
-1.6348e+01,-5.4669e+00
-7.6177e+00,-2.7837e-01
 1.1356e+01, 1.0788e+01
 1.4026e+01, 1.9076e+00
 1.2110e+00,-1.6800e+01
-4.5014e+00, 1.4169e+01
-1.2181e+01,-7.4418e+00
 1.5446e+01, 3.3865e+00
 6.8802e+00,-5.1895e+00
 5.1497e-01, 1.0178e+01
-1.2078e+01, 1.2639e+01
-1.6062e+01,-2.7138e+00
-5.1368e+00, 1.1206e+01
-2.8402e+00, 5.3313e+00
-1.4737e+01, 3.0035e+00
 9.3836e+00,-6.3381e-01
-1.2504e+01,-1.1625e+01
-6.8798e-01,-1.2798e+01
-3.4164e+00, 1.6311e+01
 1.1317e+01,-1.3334e+01
-2.6272e+00, 1.4448e+01
 5.2927e+00,-1.5919e+01
-1.1415e+00,-5.7762e+00
 9.0508e+00, 7.5841e+00
-7.3007e+00, 6.8002e+00
 4.8948e+00, 1.6489e+01
-1.5079e+01,-1.1030e-01
 1.2278e+00,-1.3627e+01
 1.3379e+01,-7.1353e+00
-1.3361e+01, 6.7144e+00
-2.9279e+00, 1.3791e+00
 9.0835e+00,-3.5847e+00
-1.3111e+01, 1.1384e+01
-6.6890e+00,-1.4566e+00
-4.3318e+00,-4.5897e+00
-9.6422e+00,-6.7391e+00
-4.3363e+00,-1.0629e+01
 1.6246e+00, 4.0976e+00
-1.6427e+00, 6.6461e+00
 3.1522e+00,-1.0664e+01
-1.8617e+00, 2.5457e-01
 8.5757e+00, 1.4769e+00
 5.0997e+00,-4.0329e+00
 1.0552e+01, 1.4936e+00
 7.3352e+00, 1.3527e+01
 1.2463e+01,-5.1701e+00
-1.7147e+01, 2.8238e+00
-1.0009e+01,-1.0327e+01
-6.1983e+00,-1.4019e+01
 8.7882e+00, 4.0383e+00
 6.4885e+00,-7.8058e+00
 3.3730e-01,-1.0565e+00
-1.1188e+01,-9.0882e+00
 1.2323e+00,-9.2825e+00
 3.7938e+00,-7.8892e+00
-1.4431e+01, 5.3606e+00
-1.0372e+01, 4.6822e+00
-2.4199e+00,-1.4714e+00
-2.6767e+00,-1.2602e+01
 7.3703e+00, 8.1074e+00
 5.8651e+00, 1.5200e+01
 1.0410e+01,-1.1111e+01
 1.0165e+01, 1.2507e+01
-1.2346e+01, 8.2829e+00
-8.7094e+00,-9.2539e+00
 1.6462e+01,-3.2277e+00
 1.3929e+00,-4.3514e+00
 3.8018e+00,-1.2881e+01
 5.2389e+00,-9.5544e+00
 3.9607e+00,-1.9283e+00
 1.6580e+00, 5.7987e+00
-1.4530e+01,-6.4879e+00
-1.7489e+01,-4.8825e-01
-1.5983e+01, 5.6945e+00
-1.0584e+01, 1.2905e+01
 2.6251e+00,-1.5079e+01
 1.6096e+01, 6.1239e+00
-5.4078e+00, 5.4926e+00
-1.8194e+00, 1.2167e+01
-6.8943e+00, 1.2056e+01
-1.8253e+00, 1.6539e+01
-1.3049e+01, 3.6053e+00
 7.2682e-01, 7.4414e-01
 1.3624e+01, 5.3282e+00
 4.3668e-01,-1.0782e+01
-1.1529e+00, 1.3578e+01
-4.5281e+00,-1.4268e+01
-2.4724e+00,-8.8878e+00
 6.6125e+00, 1.2056e+01
-8.5589e+00, 1.1502e+00
-1.1549e+01,-2.3669e+00
 1.4878e+01, 9.0573e+00
 1.0518e+01,-4.4134e+00
-1.3001e+01,-9.6284e+00
 6.9661e+00, 4.2047e+00
-9.9979e+00,-1.9827e-02
-8.1225e+00,-1.4681e+01
-7.9792e+00, 1.3967e+01
-1.1501e+01, 3.2480e+00
-2.7450e+00,-5.7050e+00
-4.7586e-01, 1.7302e+01
 1.2662e+01, 9.6083e+00
-2.5318e+00, 8.8482e+00
-3.7644e+00, 1.2093e+01
-1.9756e+00, 1.0534e+01
 1.1827e+00,-2.7952e+00
 8.8479e+00,-7.6960e+00
 1.0347e+01,-6.1638e+00
 3.6633e+00, 4.1605e+00
-3.9764e+00,-1.7039e+01
 1.4007e+01, 1.0374e+01
 7.5457e+00, 1.5388e+01
-9.6639e+00, 1.4346e+01
 3.5309e+00,-1.6547e+01
-4.5964e+00,-6.0989e+00
 5.4948e+00,-1.3846e+01
-1.3054e+01, 9.6603e+00
-5.0912e+00, 7.0587e+00
 1.4155e+01, 1.6588e-01
 1.3635e+01,-9.3118e+00
 1.5793e+01,-1.5365e+00
 7.4086e+00,-1.4346e+01
-8.3284e+00,-1.0812e+01
-3.9444e+00,-3.0865e+00
 1.5210e+00, 1.2988e+01
 5.6209e+00, 5.5702e+00
-9.5183e+00, 1.1562e+01
-4.9249e+00, 1.9976e+00
 2.8393e+00, 1.4940e+01
 5.1246e+00,-5.5836e+00
-1.0928e+01, 7.7126e+00
-1.1481e+00,-1.1214e+01
-1.6752e+00,-1.4892e+01
 8.3617e+00, 1.0442e+01
 1.2376e+01, 2.3411e+00
 3.2004e+00,-6.4514e+00
 1.4510e+00,-7.3820e+00
-6.1308e+00, 1.2498e-01
-1.4873e+01, 6.9104e+00
-9.6968e+00,-1.4197e+01
-6.3789e+00,-4.8612e+00
 1.0321e+01, 6.3792e+00
 1.0035e+01,-8.7586e+00
-1.6035e+01, 4.0225e+00
 4.7903e+00, 1.1103e+01
 8.6921e+00,-2.0442e+00
-1.1088e+01,-1.2579e+01
-5.5672e+00,-1.2104e+01
-9.5280e+00,-1.2683e+01
 1.2653e+01,-3.0408e+00
-5.9272e+00,-8.1611e+00
 1.5129e+01,-7.8439e+00
 7.9189e+00,-1.1930e+01
-8.7978e-01,-1.6525e+01
 5.1184e-02,-1.4745e+01
 5.6568e+00, 1.3352e+01
-1.3426e+01,-4.2920e+00
 9.3011e+00, 1.3854e+01
-3.8213e+00, 1.7343e-01
-5.7278e+00,-1.6427e+01
 1.1796e+00, 1.4798e+01
-1.5659e+00, 2.4410e+00
 1.7443e+01,-9.1295e-01
-1.0924e+01, 9.4727e+00
 2.1996e+00, 8.1112e+00
 4.3761e+00, 1.4622e+01
-1.4027e+01, 1.5176e+00
 8.9355e+00,-5.5835e+00
 5.3732e+00, 7.7523e+00
-4.3146e+00, 4.2576e+00
 1.1684e+01,-8.5454e+00
-9.0401e+00,-1.7849e+00
-1.4185e+01, 8.5080e+00
-2.1599e+00,-7.2095e+00
 1.1760e+01, 1.2281e+01
-1.4728e+01,-9.1844e+00
-1.6503e+01, 1.2211e+00
-1.5758e-01, 1.1596e+01
-5.6749e+00,-3.4683e+00
 8.7704e+00,-1.5094e+01
 7.0569e+00,-1.0500e+01
-2.1660e+00,-3.6287e+00
 1.0652e-01, 5.2374e+00
-8.0719e+00,-4.7045e+00
 1.7145e+01, 3.1373e+00
 1.3553e+01, 3.4000e+00
 3.4274e+00,-4.9216e+00
-8.7189e+00, 6.0983e+00
-7.3560e+00,-1.2157e+01
 4.6793e+00,-1.3112e-01
 1.3799e+01, 6.8871e+00
 2.8790e+00, 1.7227e+01
 1.2162e+01, 8.2425e-01
-6.8777e-01,-9.2810e+00
 5.4096e+00,-1.1646e+01
-1.0227e+01, 6.2307e+00
 1.0935e+01, 7.9362e+00
 5.3147e+00, 3.6949e+00
 1.4271e+01,-5.8967e+00
 8.7051e+00, 6.0288e+00
 8.6242e+00, 1.2514e+01
-4.7210e+00,-1.0694e+00
 2.4358e+00,-1.2170e+01
 4.1049e+00, 6.2794e+00
-3.9936e+00, 9.3107e+00
 4.0943e+00, 2.4693e+00
-1.5470e+00, 4.4816e+00
 1.4013e+01,-2.2456e+00
 1.5702e+01, 1.8855e+00
-1.4469e+01,-3.0348e+00
