0.3462799824
0.4400847065
0.3136704513
0.585405384
0.4780081867
0.328536865
0.5874464361
0.4845505151
1
0.3112418516
0.4971503496
0.2864446897
0.2878675762
0.3177146381
0.904664896
0.8409667129
0.96938384
0.5079665219
0.5481880071
0.2903412836
0.2991469149
0.4769583114
0.7009938945
0.2883639907
0.905948771
0.309711621
0.286697577
0.423450276
0.4129715857
0.3685453808
0.2967988451
0.8434454328
0.8303520984
0.297912631
0.3038206589
0.3222338548
0.399411588
0.2900051327
0.9134899349
0.6167375612
0.2864345656
0.7064602898
0.6303484614
0.2913904948
0.3081414812
0.8272439969
0.2906123569
0.7368070788
0.2967385574
0.344382231
0.3891519043
0.2871171299
0.7973479603
0.3007916136
0.3370618286
0.4204267869
0.385086528
0.4575187628
0.3020141094
0.3473763695
0.9847966322
0.7975426676
0.4460311679
0.3184310795
0.7336212094
0.4332390528
0.3934538247
0.340798256
0.8162896504
0.4935008959
0.3715334248
0.7460882844
0.8903467369
0.3277235306
0.6330669495
0.4044081293
0.3867726685
0.7229255994
0.6868986343
0.9121145104
0.6326139749
0.3528441936
0.609697695
0.8279772833
0.8487042628
0.5684313751
0.952877611
0.3088329379
0.4717320154
0.4845505151
0.5872196195
0.5088368565
0.2996845558
0.6726741343
0.2874337824
0.9691268166
0.4208034499
0.3430431087
0.2880431862
0.2861595918
0.3200968463
0.9905449354
0.8608576715
0.6551942311
0.7003363674
0.6246804958
0.3906927817
0.6183267142
0.2918692422
0.301003892
0.6210503745
0.7955925815
0.3365557539
0.2926972068
0.5585134222
0.3027553912
0.2889540516
0.3913804483
0.4761195052
0.416121706
0.8224483844
0.8279772833
0.3847506417
0.2871731114
0.3864345485
0.2875418613
0.464894408
0.5060109127
0.8189121821
0.7517344406
0.3236553214
0.2879921449
0.2862168641
0.5213133141
0.6935231476
0.5468449972
0.7682302411
0.3613445042
0.9121145104
0.5219736036
0.8211486658
0.723355599
0.3391087158
0.3771508216
0.4129715857
0.2982316168
0.5197739889
0.2861522578
0.2953982691
0.5457265436
0.3343065711
0.5297015745
0.2870806788
0.4179874446
0.6196886466
0.4078437639
0.3248779107
0.3824120577
0.6937434504
0.7930475212
0.6382727812
0.3287705695
0.5068796171
0.2956820716
0.2871731114
0.2873300475
0.2887396622
0.4242097602
0.7458784365
0.3524164172
0.3839128926
0.5057938513
0.9375188587
0.2890168607
0.6384989715
0.2974730573
0.6360101685
0.8514792493
0.3592531
0.5250594448
0.4192989993
0.2863598521
0.3068726342
0.5042757181
0.4226922297
0.8863617447
0.9379916443
0.4365514601
0.9353711851
0.3951934312
0.3960672203
0.7365950255
0.7295704251
0.3328328707
0.7327698252
0.3165040045
0.9890118298
0.574533636
0.6203695374
0.5888074998
0.3166040417
0.3391087158
0.4140802574
0.3227775623
0.585405384
0.8155377431
0.5448322623
0.3000259655
0.3656013828
0.3812511036
0.4255422969
0.964333844
0.3254396086
0.5316957583
0.2867115366
0.4811667984
0.3685453808
0.492216434
0.897245709
0.3058836131
0.5965245743
0.313195165
0.2878431828
0.6201425796
0.3479278065
0.5815520756
0.286754461
0.3495950255
0.2876314508
0.3450569311
0.2861459715
0.6813564138
0.5682055822
0.5860856587
0.3144390426
0.7235705325
0.2866303927
0.2900786293
0.9641502865
0.2896132079
0.5001667513
0.2872113021
0.6506912044
0.5112339339
0.7965684606
0.2870449236
0.5099257771
0.7627031801
0.5815520756
0.8183514126
0.3548561097
0.3231055945
0.3121633423
0.2867399786
0.2874550507
0.2862963051
