0.2918062554
0.9754987968
0.2869017568
0.4411095183
0.2895353337
0.4831106983
0.6042993199
0.3681098838
0.4865029581
0.5757153347
0.3624313042
0.977474967
0.3147574493
0.3178444064
0.4755327559
0.8435194243
0.6165646043
0.5646447355
0.3962770557
0.6541265674
0.692261344
0.4301814961
0.725995544
0.5682554282
0.7913484428
0.2864026062
0.3804586526
0.4547149513
0.3269460989
0.3072344111
0.2974991532
0.9085731571
0.8787633424
0.2937076158
0.9451931829
0.2944907012
0.2875892248
0.3627338949
0.2890107211
0.4770001526
0.3592846155
0.2980658708
0.3799644924
0.7972231163
0.8715266987
0.3842813628
0.352447333
0.3485119692
0.3303329071
0.4187730827
0.9126082011
0.7143520133
0.4854413186
0.770943902
0.2862690381
0.4563383397
0.4669998301
0.8672653027
0.2864801177
0.462671851
0.2864209373
0.4848050114
0.3684216468
0.8089806111
0.5145562448
0.3446819356
0.3055051796
0.883800672
0.5286412643
0.7141352247
0.3233533984
0.5518222227
0.4106173465
0.3962770557
0.58749797
0.3249064107
0.9762676646
0.353018015
0.3758870503
0.3137935034
0.5211390073
0.7087023465
0.8051539505
0.3948792955
0.6646823216
0.9005550041
0.2861789323
0.6818602991
0.9461937
0.2950339014
0.5904475332
0.4426916043
0.3576587707
0.653000943
0.2868546479
0.3513123062
0.3811191405
0.7609183032
0.5357391656
0.4963338605
0.4746955961
0.5455507872
0.7229890182
0.3145634117
0.3242372404
0.6964454992
0.3117279691
0.6900542696
0.3016036693
0.8805052001
0.5770733242
0.6387811808
0.2991066931
0.7725673989
0.7123994426
0.3033868103
0.3846166045
0.3839465714
0.4246272866
0.2872753875
0.2866426223
0.2873350263
0.3199145495
0.4935441884
0.3910707016
0.8461581051
0.9002631804
0.2953679228
0.3321329314
0.4214060941
0.5006423705
0.389356829
0.2869178081
0.5752627755
0.3141772082
0.437764668
0.2892348031
0.2912470838
0.5763942717
0.3013874207
0.2950339014
0.4645230657
0.5979394537
0.2865120627
0.4736505427
0.5911283696
0.496118962
0.5054041996
0.3230244349
0.3601779602
0.5477882841
0.3110867359
0.4468685505
0.6292705214
0.5330734831
0.5997563753
0.9700648515
0.514993958
0.3266028104
0.8271330408
0.3945309167
0.9175044559
0.3817814601
0.6297238457
0.4746955961
0.9269168608
0.7788220037
0.760712267
0.3714076507
0.8422818987
0.5739054213
0.291544584
0.3368380546
0.9421414131
0.6390073642
0.346583668
0.3074028037
0.2932560749
0.7515919381
0.7935094013
1
0.2871608055
0.6385549839
0.8790808411
0.2971288589
0.6865161857
0.2868091065
0.2891699164
0.6610942255
0.3168323715
0.7549206672
0.2872950932
0.8729881826
0.4154144764
0.4130078137
0.2863937024
0.3260336274
0.886284996
0.2889794002
0.3612259794
0.2865012399
0.2862632759
0.9442967976
0.8116425516
0.2866298815
0.6946852569
0.3664039524
0.3499054633
0.2873756548
0.4193357824
0.2864209373
0.9481695206
0.7972231163
0.3695166591
0.8011061324
0.2872753875
0.9949880419
0.2887052883
0.9873548765
0.2861710737
0.3846166045
0.288764992
0.5666752067
0.2865570977
0.4361987789
0.5390776311
0.3391384642
0.5572127869
0.6851873135
0.8362160696
0.3059104468
0.8690753061
0.6442056911
0.3068995547
0.2895353337
0.3514537214
0.6002106344
0.4344434886
0.3187683895
0.9679993776
0.3251306623
0.7907577147
0.7923316817
0.3202303441
0.4231081867
0.7368717153
0.4565415874
0.2866049228
0.2863072776
0.3962770557
0.6015734681
0.4391391229
0.5224598163
0.6725099544
0.4784705297
0.5453271837
