0.4908749552
0.293723544
0.5553160495
0.8426505037
0.5050851939
0.4842793165
0.6780132246
0.7897540509
0.2915250068
0.4361025624
0.6737788259
0.7442219582
0.3012411403
0.6137519923
0.4414073543
0.9933689254
0.3473482791
0.3805451699
0.2870490154
0.5738096999
0.4515848472
0.9327504215
0.4275881616
0.8795979631
0.3328158507
0.3101652678
0.9585495022
0.6341725595
0.8491458307
0.7832034803
0.6578748302
0.300120518
0.9969200937
0.4915160349
0.3643372008
0.4481701292
0.2972577383
0.3674161506
1
0.3424866073
0.5325288641
0.3572992882
0.3177129992
0.4032785519
0.430858204
0.2956044147
0.3105238514
0.6039823152
0.4325994772
0.5179608664
0.2904710055
0.86976488
0.869272936
0.6784583669
0.9805223247
0.322661281
0.7270182251
0.6085265966
0.6398312997
0.2862660186
0.3002582834
0.3036086841
0.3774323507
0.2877911342
0.4036371961
0.9136406673
0.2864415409
0.9538009003
0.2890139595
0.8383790717
0.3613081231
0.2959476105
0.2961797723
0.4054364787
0.7623266516
0.9541109752
0.5571145835
0.934215471
0.3418254516
0.4043556993
0.6777906111
0.3374220195
0.2954913632
0.2992411903
0.5470173341
0.2867741393
0.7408490545
0.4228254402
0.7216465699
0.2883996509
0.5061703809
0.3559838189
0.6740019343
0.8717248861
0.4718806807
0.4864011017
0.4951578111
0.4038166702
0.2875887129
0.7816050592
0.9107382308
0.4491721939
0.3026266287
0.5007562179
0.2863865307
0.9438347516
0.6880003445
0.4685555424
0.2880325413
0.9805223247
0.3689740935
0.7791999394
0.2896011747
0.3495654835
0.4910885948
0.7036236707
0.525445681
0.3944465648
0.3519587796
0.3252045978
0.3457080631
0.5629690923
0.6071633184
0.621019086
0.3487299995
0.4414073543
0.4802637502
0.3428849597
0.6146606188
0.8278716106
0.3923660832
0.3428849597
0.2934219385
0.4160667287
0.2872826278
0.338059409
0.298454405
0.3194639057
0.7586146453
0.2948272191
0.9205116739
0.5247834962
0.5407608513
0.6623667167
0.9039458193
0.6970436853
0.3571526078
0.8001259795
0.2863793704
0.2960633551
0.6944027244
0.2868303441
0.4065208675
0.2862361497
0.299846973
0.682681454
0.7696952169
0.4953725024
0.850362264
0.2902442548
0.4710478528
0.6957238286
0.4781588298
0.7757774848
0.4459723177
0.8767302905
0.4861886693
0.3139605743
0.3262213339
0.6230619533
0.583775632
0.4505782619
0.3455722616
0.3920208419
0.3328158507
0.301455957
0.872050342
0.7594411033
0.5944414689
0.2873604249
0.2968923806
0.5208174532
0.8408762601
0.3381873102
0.5613915448
0.3304080256
0.6014830715
0.5135794575
0.9688285257
0.7023103022
0.4108940654
0.715814619
0.29571814
0.370701902
0.5867240646
0.28659939
0.2891079437
0.3030010723
0.8592728132
0.8954487638
0.2862693373
0.8051449366
0.3270204472
0.3608581089
0.5400918314
0.2864768153
0.4097954648
0.3195682789
0.5892200029
0.5329727254
0.2882646402
0.594214385
0.3008159554
0.291916833
0.2877220972
0.2868160315
0.6039823152
0.3333043617
0.6468360745
0.306143287
0.4107107219
0.986636972
0.2996435532
0.3944465648
0.6634883125
0.288082905
0.6623667167
0.3125413281
0.6893272395
0.5767517348
0.5598149598
0.3915037909
0.4018480439
0.2863589368
0.3355310985
0.8089738639
0.3923660832
0.4425941894
0.5710960769
0.366332892
0.851228705
0.4059782233
0.6078449606
0.3367881646
0.3306461933
0.7160311671
0.750301889
0.512486717
0.9115718249
0.430858204
0.3675713938
0.9639932163
0.5955769618
0.2870490154
0.838736755
0.333059818
