0.3038974279
0.9900143398
0.8983031593
0.9701091702
0.595538313
0.9589225215
0.3134179516
0.6926815061
0.3681391333
0.2878554869
0.6802677949
0.2866169171
0.2908676559
0.2876010531
0.6596836208
0.5959928415
0.8620669048
0.2974653076
0.7102302377
0.4026646964
0.2974653076
0.2865655369
0.4446900904
0.4637172428
0.2986628099
0.6314410581
0.4697130392
0.3151462074
0.8819517328
0.4174761521
0.422931213
0.8055148422
0.5108789815
0.3416688351
0.3739816196
0.3875036274
0.7453730491
0.331836238
0.573531304
0.3998164508
0.7121893419
0.7210720929
0.3021738083
1
0.4844054651
0.2873898346
0.9923055013
0.8705361431
0.3687627469
0.5043531048
0.3367706108
0.6414096348
0.3767209536
0.4695053631
0.2888551431
0.6468359608
0.672015214
0.9170052045
0.293877918
0.328287607
0.2970996947
0.2865865088
0.5903127876
0.8872602036
0.5458320704
0.3998164508
0.9396492734
0.5514351686
0.4724186974
0.3127595696
0.9352320595
0.2916433228
0.3063570608
0.601221024
0.3723862911
0.4093506601
0.3270195802
0.9214189137
0.5227230973
0.3471786536
0.2947099129
0.2890927938
0.2904097107
0.4075301592
0.4608430585
0.2867773275
0.7552038849
0.7958121111
0.8948766641
0.8258732125
0.8219810217
0.3695450135
0.7318058314
0.5953110557
0.2879920931
0.3006759811
0.2914748786
0.2873182517
0.8471169471
0.3264491279
0.3512137245
0.3171257081
0.2866169171
0.3024673396
0.32148331
0.5957655749
0.5076109253
0.4452871208
0.5703640351
0.462278463
0.4060809022
0.3056269055
0.7102302377
0.5857718086
0.4657784231
0.3432575427
0.3138929356
0.4143147844
0.6214527314
0.8806876616
0.6416359033
0.2868459899
0.6096336221
0.2945506086
0.286609053
0.4563541807
0.3356403823
0.5810076478
0.3238730366
0.2965037599
0.3749445384
0.9120695684
0.3357653933
0.3346454404
0.2935275836
0.2900825168
0.5994023284
0.3701730189
0.4506916589
0.4753444799
0.7749038416
0.6139532399
0.9523741069
0.758316447
0.5810076478
0.4225525287
0.4565574728
0.4095332522
0.3440593553
0.2890927938
0.5975838288
0.4841935082
0.963642165
0.3115573414
0.5485195502
0.2951421702
0.7981561906
0.4403336155
0.504569967
0.3843020452
0.4618680013
0.7001681617
0.2883609675
0.6773725416
0.3312356712
0.3924672696
0.5739840071
0.3190635186
0.9764019543
0.2926187139
0.3161281957
0.2903357953
0.6818247629
0.5056549813
0.479966565
0.8004905975
0.3693883163
0.9554975348
0.5898585512
0.8987464782
0.4033808584
0.678486668
0.4040986475
0.6726857192
0.7371293568
0.2872326929
0.9441537919
0.7392503286
0.3360158432
0.2915587579
0.7130590118
0.3243153673
0.3261086392
0.4618680013
0.3142757436
0.3502294204
0.3326831264
0.4042783482
0.4273118849
0.2864973743
0.5013220302
0.4931437454
0.781149094
0.3919495327
0.3103818501
0.3553606447
0.4820771132
0.3606609026
0.2864396936
0.733512596
0.2870306321
0.968544951
0.8120142255
0.2911059104
0.8051300118
0.43738564
0.4590025586
0.9921062564
0.3242045595
0.4871660757
0.8640795773
0.2869209351
0.2869473127
0.8131527069
0.3015946375
0.750407623
0.3712766977
0.365971974
0.8874147613
0.345813568
0.53690293
0.3055465868
0.7841496315
0.7082679285
0.3689189562
0.8108731858
0.3157335339
0.7722674962
0.5065238297
0.8016541438
0.6787094087
0.6223613721
0.6466100429
0.417849866
0.2864360228
0.4618680013
0.2864627664
0.3681391333
0.2864423155
0.3323193049
0.8538956743
0.3366444607
0.5572785552
0.8833669977
0.336141282
0.2873007915
