0.6986735017
0.9692280029
0.3192131391
0.7496400935
0.5324280109
0.9333565585
0.4145406206
0.521167419
0.3397635778
0.5013309893
0.7616412095
0.4082947085
0.4598592896
0.2858543893
0.2939218268
0.2865073098
0.8163099691
0.3977278189
0.3642713328
0.2978325752
0.4691249952
0.3241781458
0.3018952937
0.5637357895
0.3772148546
0.3550364112
0.3500422409
0.5662144698
0.8272302004
0.5802199279
0.643651217
0.9252856429
0.9923877976
0.2860382037
0.4505332229
0.6609661319
0.3648837672
0.3101672543
0.4755847128
0.7585552617
0.3224150085
0.4874007134
0.3441299254
0.5353125441
0.3179707137
0.8153727683
0.3600402765
0.3692259566
0.3071994152
0.6142304216
0.4160262857
0.6049289301
0.8532738226
0.3218719117
0.6654435238
0.5348684188
0.2858324124
0.5949473522
0.2863755493
0.4298532086
0.3183824087
0.3575197963
0.9465857965
0.586560036
0.3393741202
0.9087323611
0.8645627278
0.540874429
0.4469262325
0.2861332331
0.2908526626
0.3804925685
0.6649962042
0.9092895889
0.8286908943
0.2859895512
0.4678817943
0.8308728178
0.8524163955
0.7317340298
0.2858245634
0.402519755
0.4208958344
0.868677796
0.2911058154
0.9203725082
0.7439918099
0.2867402763
0.793722501
0.3190045403
0.3801627243
0.3044960236
0.3091869312
0.3359258205
0.9355164184
0.9772503829
0.6461313587
0.4629327123
0.2860741245
0.5958545392
0.2877453988
0.3087476844
0.3203713207
0.4612916299
0.3003132185
0.4899558346
0.2909784696
0.6531097041
0.9657724116
0.7128373386
0.286794631
0.6490598465
0.4760035229
0.547795939
0.7246880243
0.3600402765
0.6799255085
0.5178737484
0.5457838054
0.2889500807
0.2870689597
0.8263148105
0.3200536284
0.3073688866
0.2921331737
0.9351587216
0.687011051
0.3454825809
0.5985764618
0.3246249132
0.9256674372
0.439196948
0.3900824911
0.5406515977
0.2891847497
0.2900533298
0.3472613249
0.9303024778
0.3275868063
0.4833713972
0.3487842048
0.2865865994
0.4970217676
0.6056095968
0.5134961779
0.28733118
0.6598453676
0.3790118857
0.9486402222
0.3566390488
0.3011663126
0.2906464059
0.7858519041
0.6535593127
0.7612304824
0.2879305079
0.7310955706
0.3808228704
0.2864470095
0.8424980485
0.6504104604
0.5097884002
0.4126920555
0.3125604016
0.7860499317
0.5333149808
0.8089521874
0.3678197895
0.7450406425
0.3092752577
0.3286353125
0.3499019261
0.2988109037
0.4084768128
0.3106191941
0.2954645226
0.7395728387
0.2859004342
0.3135091223
0.6823646795
0.3493419981
0.4893163212
0.2875934861
0.3644242553
0.9776867088
0.2915859033
0.4382147584
0.6834721932
0.3252995329
0.6266970928
0.591092671
0.9052151252
0.7754676879
0.3151577549
0.2858341566
0.9840635162
0.4035947469
0.3341784151
0.2979608585
0.7899969616
0.7643053837
0.30537764
0.4345010819
0.7467160922
0.5516022112
0.2860050715
0.6506354995
0.8446078762
0.3098085523
1
0.7321594332
0.3777035627
0.6825862429
0.7216838941
0.7796816085
0.4846416198
0.8456584705
0.6714726991
0.5569873331
0.2862336553
0.2859606024
0.2876183719
0.4362564878
0.2860296592
0.4177048248
0.2869871066
0.4041336057
0.3375733047
0.4743297546
0.3418618196
0.5384248888
0.2864179033
0.6783714571
0.3556173763
0.5428811918
0.2872857417
0.2884454155
0.2866702369
0.8386003415
0.3237337671
0.5870131678
0.2860931304
0.2861986136
0.300665795
0.3650371856
0.4279311137
0.3662689807
0.4491276002
0.3956223451
0.8789656259
0.4551772081
0.5520504689
0.2858648543
0.2861028947
0.2865865994
0.5689208343
