0.8359563143
0.3674787611
0.288260087
0.4125577926
0.6340709556
0.841005857
0.6094894124
0.8832463538
0.7194870669
0.533747076
0.3936008327
0.6145012896
0.6415622868
0.3698155416
0.289152459
0.7371172591
0.5611037173
0.2937736245
0.8954658338
0.4366950713
0.4907049499
0.2945691772
0.3298813367
0.6513007572
0.3860815142
0.5953665798
0.5167242015
0.7101257192
0.3633429095
0.9161124129
0.9727402056
0.2880218794
0.4449844841
0.8654773899
0.352484675
0.3194964549
0.4006183624
0.2942657344
0.9620277201
0.3781273441
0.8658126612
0.3787800218
0.8317631265
0.2898900907
0.73091721
0.9812318507
0.3690335418
0.3339608715
0.3603385403
0.4327989764
0.4353275967
0.3387179181
0.5694694472
0.5255395915
0.8036501019
0.2976351176
0.2884552164
0.2978780049
0.3740908659
0.3298813367
0.4511925635
0.397615204
0.3120906752
0.4826205865
0.5758157694
0.4746211394
0.7540057165
0.9252419047
0.6479069483
0.3606366841
0.3025610171
0.4607421174
0.3552045973
0.8046191059
0.6115398239
0.529526384
0.9078283388
0.2969810512
0.902610956
0.3105585251
0.3363135761
0.7383950254
0.3095047578
0.9714495754
0.4773478617
0.3000507516
0.3444810762
0.3427502195
0.4479791289
0.3502314055
0.5471511049
0.3273320791
0.7752401127
0.6151846456
0.6751541497
0.2913728487
0.2922708964
0.5703753141
0.3014889883
0.374571323
0.5799014341
0.4392454872
0.3310636779
0.302926609
0.7508642255
0.6869750032
0.6555938682
0.4499852367
0.7140535677
0.5597496224
0.5253184513
0.3305889807
0.3106473777
0.8770077058
0.2897958522
0.4449844841
0.8117359163
0.4320238394
0.2874834592
0.6715703384
0.4960670123
0.6567225047
0.4623833618
0.3178625713
0.571508014
0.2995876336
0.9945427715
0.4534130374
0.7855224034
0.4667126346
0.9716230742
0.4343533533
0.4900637635
0.4904911663
0.2870404771
0.4306706666
0.586719274
0.6578506496
0.3288298068
0.3010705962
0.8629520657
0.3637979378
0.2962343545
0.8266040778
0.2876355562
0.2922708964
0.2989402167
0.3426180473
0.2940668449
0.3687216005
0.9291249053
0.7330596286
0.3984953369
0.4013293734
0.7774713639
0.5125597719
0.4410192958
0.2997851129
0.8370434929
0.9497439028
0.8496937262
0.3214878025
0.5344146193
0.3258594905
0.5110294395
0.6528831996
0.3086442439
0.6476805611
0.2880407707
0.2887128666
0.4855894763
0.2884106347
0.9127829014
0.3239719941
0.4841036095
0.7220858223
0.7035513564
0.3699723088
0.8178130671
0.3927356657
0.7238148779
0.4746211394
0.571508014
0.4020420412
0.500380101
0.3423541201
0.3119080378
0.2874456492
0.3086442439
0.2870201605
0.2914118628
0.7233828752
0.9105324718
0.6158679739
0.972910438
0.3118169572
0.5293045893
0.2870201605
0.3601896605
0.3405222613
0.4499852367
1
0.8317631265
0.7873200908
0.4798740743
0.2880031625
0.2898900907
0.2951413886
0.3383348745
0.39586288
0.4689922326
0.2877433539
0.2870973959
0.3250770268
0.3781273441
0.5484972241
0.3498127347
0.2889134744
0.3239719941
0.2875095401
0.2876355562
0.29651817
0.3809141072
0.2930217537
0.7360511283
0.2906643351
0.2877433539
0.2871917845
0.8297434159
0.3115446681
0.2958993533
0.2876654821
0.466299031
0.2870105274
0.2882392774
0.6217886171
0.4939181989
0.2897958522
0.7120912553
0.8166791938
0.6854184793
0.6172345376
0.287470681
0.4681623569
0.2967482613
0.2875499725
0.7598374019
0.2874964122
0.7388205595
0.9989232139
0.6724669114
0.5469268455
0.3794345697
0.8905843778
0.9636757364
0.5532159618
