0.6211903685
0.6515903244
0.3877099537
0.3754725628
0.3256652033
0.4173167178
0.3838392443
0.4071962628
0.5061496798
0.6639875165
0.3338842113
0.436630272
0.3519911552
0.5517622771
0.2942411498
0.3249944702
0.3286337485
0.3160797578
0.7421987428
0.3358631107
0.3116310425
0.781646524
0.2869318206
0.6359630382
0.3028932963
0.2869262198
0.3688135129
0.3378786471
0.8093390424
0.2869759251
0.5190524882
0.4095617344
0.3808518687
0.636189989
0.292621199
0.3039427949
0.2898452493
0.2910448819
0.4443214552
0.7203574592
0.4728751868
0.3398011965
0.9143248822
0.4441227158
0.7766029163
0.3838392443
0.4239063959
0.9966058255
0.5986530103
0.4321534196
0.5188325665
0.477693606
0.7904283835
0.9163893925
0.4435269731
0.6827849586
0.7606276653
0.405207894
0.3436076025
0.5761526925
0.8246272913
0.5394435917
0.4437254747
0.6302857104
0.3313430424
0.3868634422
0.2869008409
0.2878314463
0.2869829256
0.2874640592
0.7430451573
0.8900533845
0.313481637
0.2916783659
0.7121027747
0.5109431047
0.354129259
0.8580181733
0.9401463958
0.3203465272
0.5555857725
0.291006752
0.2876709433
0.4863623731
0.2928927278
0.7961482361
0.5024610716
0.5768330566
0.2870049767
0.4857247502
0.8947808951
0.8612532794
0.4248569264
0.6159560389
0.711666685
0.8891282666
0.5966045757
0.7300526312
0.3779018931
0.2946509399
0.3414930103
0.5549105429
0.8379887886
0.8396077428
0.6903369207
0.9353297212
0.4732928611
0.2871491688
0.6191424486
0.5852331862
0.3671049522
0.3836723076
0.4974930081
0.2959454541
0.2898776819
0.4964165184
0.8637859488
0.5303195041
0.2915158671
0.3201371878
0.8689597531
0.5439133838
0.4152692794
0.2898129897
0.6286949445
0.7110122522
0.460262691
1
0.3400599331
0.8897453748
0.968934362
0.5804636147
0.7002742749
0.5886426576
0.2874789259
0.3224734975
0.8210839218
0.2870049767
0.293264341
0.2870205521
0.7306957379
0.3171708795
0.3183825912
0.4737107893
0.9297176897
0.4190003741
0.3552817153
0.4021590719
0.2951784604
0.7289798681
0.3179762131
0.6093537082
0.2972773653
0.352842822
0.7684547185
0.4240963216
0.5205930617
0.2927561935
0.9763620674
0.9193778704
0.6375514432
0.7339049982
0.4772733089
0.3210840321
0.9299714266
0.3254410264
0.8465494966
0.5294323621
0.8205220131
0.2881948169
0.2896856822
0.286990101
0.3518496758
0.9933020747
0.5061496798
0.5587395228
0.2907446675
0.3906088399
0.2872620191
0.9862939456
0.5343184331
0.6043444792
0.6041167945
0.3048679069
0.6749752345
0.6903369207
0.338133149
0.344543885
0.2893203864
0.5261106536
0.5436896181
0.2962843101
0.6472943944
0.374508288
0.6284676564
0.290818687
0.2879267185
0.3312236346
0.6965283034
0.342018322
0.2928927278
0.4489140579
0.3496041658
0.9732582839
0.2925320586
0.2871596672
0.3756336912
0.2871286965
0.8343685824
0.3343754838
0.7485270753
0.2885651798
0.2890074639
0.4277219455
0.874376781
0.440559049
0.4545595717
0.4942674185
0.3265678893
0.3692820657
0.2945991213
0.4586274905
0.3244396513
0.5345409138
0.3568800202
0.3245503146
0.2927561935
0.2869375963
0.4415463472
0.3196165205
0.2868394031
0.305736559
0.722519653
0.8301673379
0.8573332696
0.8207093892
0.2961706827
0.4182511459
0.6821169225
0.4258097038
0.5168551
0.9618444454
0.4808535745
0.2868395781
0.2870126769
0.320241781
0.3036396583
0.4335111967
0.2979458285
0.8597246151
0.9735090628
0.3595293003
0.403948929
0.9211216108
0.3438744219
0.3906088399
