0.4329287924
0.3594787582
0.4639501892
0.4770479791
0.6196236517
0.4186244975
0.379512187
0.3876936103
0.576932192
0.5227421322
0.3738375895
0.491669823
0.9386988422
0.8763632696
0.732164137
0.3735176913
0.4465108898
0.303780389
0.5487564073
0.4222006593
0.2863353189
0.2958677989
0.8940816607
0.287411077
0.2900422747
0.530477489
0.58010393
0.6739896414
0.3806642369
0.4088282595
0.2865757075
0.2864123701
0.7822497184
0.9094854923
0.458213788
0.3307496476
0.4551634405
0.2867236425
0.5422692919
0.2973507459
0.6302908927
0.6619005235
0.6112170152
0.8255551471
0.2960402081
0.8423825487
0.965760772
0.732164137
0.2901872941
0.5364736241
0.2875932209
0.4284893501
0.6768888443
0.3636889842
0.2864179608
0.3124524964
0.8391779635
0.9358383662
0.303780389
0.5825975822
0.3662932058
0.2933160109
0.4716116533
0.6309711434
0.3902518309
0.7900011533
0.355804209
0.5194409363
0.5456218562
0.4307999057
0.2897605052
0.9769477361
1
0.7086493597
0.5126470665
0.7062489075
0.3831518352
0.3355111184
0.4799924247
0.3042440746
0.3454091071
0.7190673871
0.2982907707
0.3319495897
0.290150781
0.4753707845
0.7225186238
0.741292105
0.7582313839
0.3459522103
0.3026468953
0.6583055368
0.5552650125
0.2864986724
0.4014388542
0.9169224592
0.8328743304
0.7929563824
0.2874306194
0.9180002376
0.3346403787
0.3555137371
0.3057510357
0.4643619968
0.3956163203
0.6400314936
0.4545553189
0.8939313557
0.3196682671
0.299669811
0.7143041672
0.2969249483
0.5527938632
0.7742006309
0.3309884727
0.292231903
0.3968418742
0.5269358528
0.7123498073
0.3612709927
0.4987549871
0.2897605052
0.8645814932
0.2909137236
0.5258309557
0.3351370865
0.2891355528
0.8620710602
0.3028706492
0.6508744359
0.3127326645
0.4071917729
0.3086797006
0.2935137459
0.35594964
0.2894238136
0.4497142156
0.9509455763
0.7631822581
0.4938108794
0.6018985337
0.3029455614
0.9811094362
0.4946687732
0.2878121212
0.4859159613
0.628930128
0.8275799896
0.6943996198
0.3782024978
0.9520073227
0.8115115748
0.3178124069
0.3546454492
0.2937141999
0.2863319991
0.4137852402
0.4095581501
0.3013353942
0.4292581486
0.293764738
0.2863257088
0.7497003841
0.5746681774
0.3138674776
0.3351370865
0.3043219258
0.5393689266
0.6078078617
0.2867236425
0.2865397238
0.6681778719
0.3542130691
0.4751614123
0.3051093831
0.3650632121
0.3266650983
0.5187817532
0.2864485343
0.4265734762
0.8341426461
0.3769002584
0.9646639019
0.2988728056
0.3051093831
0.3181182621
0.5329174681
0.8294128441
0.7374820283
0.8218504676
0.6109897489
0.6706388082
0.312359422
0.2864485343
0.4537455112
0.7828494084
0.8819270765
0.5447272301
0.3923161201
0.2988074689
0.7580243995
0.3993084357
0.2895564196
0.4543527573
0.627795901
0.588950343
0.3513607822
0.2863739328
0.5360286571
0.9920222437
0.3870156126
0.7151717077
0.3341459629
0.30981752
0.3276981834
0.7393890663
0.7907906499
0.6585303833
0.6284764644
0.3004213821
0.2872252256
0.3452736723
0.9734904368
0.4256188444
0.2933651897
0.2863624012
0.2877446262
0.940456821
0.3675311097
0.3419324038
0.4214450351
0.2864485343
0.2902608368
0.5436095656
0.3513607822
0.4684948112
0.7099567095
0.3991315739
0.2863440552
0.3507966754
0.7036249541
0.7964831155
0.351502141
0.5530183968
0.9409217276
0.2865397238
0.8194265667
0.4358483206
0.8958781353
0.2948111052
0.3678418161
0.8683936782
0.6239379466
0.5993987225
0.3288600816
0.978374852
