0.8475563002
0.3180113627
0.5665651641
0.4154992795
0.3198748756
0.3894363126
0.3278191878
0.6289455261
0.6348372503
0.4059687817
0.9162087042
0.6641455503
0.8775093245
0.8358471041
0.4465604116
0.2883384209
0.2880762052
0.8311408337
0.3281669781
0.4094205236
0.2888239407
0.3243034304
0.4917183991
0.290016951
0.6062403575
0.6407210375
0.5256542573
0.5057244057
0.7114584681
0.2947661157
0.9584286149
0.7183937209
0.3105166298
0.342213771
0.7569414642
0.6645938802
0.9279940168
0.2872194267
0.7875599576
0.4086908782
0.7486116327
0.3358989129
0.3800420587
0.937317952
0.698785273
0.4603061429
0.7125448724
0.2958831091
0.6540349689
0.7496575321
0.2899807943
0.3503976344
0.5912490431
0.7631313134
0.2980630692
0.6187342621
0.2883929437
0.4773074429
0.9153948122
0.3072971302
0.6057859369
0.5481240493
0.2866883943
0.5839887976
0.443376689
0.5966986902
0.4727035322
0.6998827381
0.3398549138
0.4218698055
0.4343375215
0.9608615536
0.2882845911
0.3131919668
0.3821913096
0.286604073
0.2872380927
0.3718003889
0.4469597746
0.2890072381
0.3038321657
0.7623089226
0.4768876735
0.2877612557
0.2886179626
0.4002372459
0.3808664017
0.2863054712
0.4398191611
0.3112413907
0.2863274773
0.3324432507
0.3808664017
0.4025531203
0.4222478542
0.7465159131
0.3175025451
0.2919544341
0.4783579272
0.9518984339
0.3093605588
0.4821520294
0.3361500365
0.609875656
0.891820748
0.6710838578
0.5269797963
0.2887939963
0.2862908001
0.2863334154
0.305486961
0.3197700467
0.9852090481
0.54790011
0.4075993636
0.7003214718
0.338051547
0.3294535319
0.2875820246
0.4296912188
0.8904544372
0.8791015598
0.287496579
0.3037551552
0.2865705515
0.3937421984
0.2863274773
0.2880509372
0.8517277823
0.2866391644
0.4228156068
0.2868978488
0.5096387879
0.4192336887
0.4857526758
0.8672772529
0.3247490371
0.8656216113
0.6808887634
0.2910991336
0.2864102568
0.5227867848
0.323419408
0.3189369159
0.3045325895
0.3559755399
0.2883384209
0.5710827952
0.3411598269
0.3478912593
0.9795765414
0.3064646476
0.2862626797
0.3982912824
0.3118838606
0.2876479335
0.5532815493
0.3050864676
0.8250932658
0.290736605
0.9912404014
0.4560251341
0.5521592589
0.2868978488
0.2867812594
0.2881016466
0.4981565444
0.9147139034
0.8531078477
0.3055675456
0.5896601943
0.4695819516
0.3818593972
0.3775863568
0.9330963449
0.532072761
0.7631313134
0.3347759116
0.6207776313
0.9477080814
0.4074177905
0.8217601719
0.7887476858
0.8988349241
0.5550784231
0.5418638651
0.3401147803
0.8336814474
0.5566518723
0.3262137472
0.3351489608
0.2862390997
0.3416856894
0.804357106
0.3767736061
0.3329300193
0.6601065007
0.3982912824
0.3118838606
1
0.2989693153
0.6180530418
0.9888053007
0.7385055805
0.684883892
0.3821913096
0.3165963869
0.5129117566
0.7877580732
0.4186711516
0.7312781749
0.524550642
0.2903501038
0.8717046129
0.4304621844
0.666386262
0.3644814933
0.2862593611
0.5535060779
0.9314967976
0.3407668895
0.674655408
0.5519348721
0.2865385999
0.3788928191
0.3489998412
0.8410344804
0.3190405219
0.5087676635
0.2878550392
0.7851775765
0.8913661333
0.2862532478
0.7160145147
0.4664749466
0.3770983557
0.2864701529
0.3797131271
0.2862294929
0.7960201684
0.4429801344
0.4662683403
0.3010208052
0.4832093209
0.5640833628
0.3885833052
0.6461438155
0.7926899201
0.3182159665
0.4129076278
0.5142236513
0.8362069626
0.2908159659
0.2865282983
0.2893924922
0.8320499208
