0.5416786684
0.3030906542
0.9644993311
0.6641921193
0.3141671918
0.3190628926
0.2891850144
0.8137585449
0.4133056974
0.3347993857
0.4422189809
0.4773409111
0.7266235701
0.3469526524
0.3105384028
0.510110382
0.7719677996
0.4870615576
0.6278557472
0.2872582335
0.5014278394
0.769527611
0.4758726837
0.7613330395
0.6251335476
0.8665112539
0.3958606459
0.288754872
0.2991224135
0.2962521148
0.7941191935
0.7654418481
0.3525440001
0.8805887491
0.4367095018
0.4120154687
0.4898305177
0.6917892572
0.4487921698
0.9624511127
0.9824254657
0.2920194696
0.2874138348
0.3923844697
0.5234846541
0.5029418915
0.2868437851
0.4339788918
0.3067342078
0.6380512669
0.9579019769
0.4272251248
0.4508005533
0.7905803459
0.3236622065
0.4361229984
0.3815546935
0.5436884152
0.5840297462
0.3227853328
0.9093838539
0.6715777554
0.6044650634
0.6509267696
0.3373107713
0.4885513818
0.3898056142
0.7886051843
0.3852259382
0.4301066856
0.3075715766
0.8319265859
0.556241205
0.3085112263
0.7715616946
0.968613554
0.4314580774
0.3066513562
0.9600606805
0.6421225619
0.9006560977
0.7952940651
0.3208476887
0.2883048053
0.3146496882
0.7563727601
0.6473178124
0.2863108744
0.3293589315
0.2866241693
0.5281224259
0.7145479414
0.3064037686
0.7528400738
0.2863417904
0.2863204812
0.3475021278
0.8945938323
0.3228944153
0.2966064224
0.4783914691
0.3168188877
0.3887809458
0.539225486
0.2888441926
0.2865691685
0.3799041718
0.9202901251
0.7866235703
0.7788347135
0.9240895637
0.6276289441
0.5396712538
0.6085551126
0.3422377666
0.286399951
0.5254703037
0.6371459441
0.3393606534
0.2980204823
0.3707192734
0.3738982556
0.735800312
0.5385570593
0.7629792963
1
0.8552280547
0.387081977
0.3192705783
0.3064037686
0.3222421827
0.3810583323
0.9703309149
0.526353769
0.8959379252
0.6547562156
0.8909731656
0.2900011274
0.8484887008
0.4024025757
0.9052784771
0.5956048709
0.2983395835
0.3935962641
0.2866356929
0.3999105401
0.6891384627
0.2875378401
0.289412784
0.3590863155
0.2864303395
0.8244124636
0.4526145017
0.6824914316
0.3025664089
0.2871488405
0.3264642082
0.574289082
0.4164585716
0.2868877707
0.2863417904
0.5589406908
0.2874138348
0.5292289855
0.2873541796
0.5127292055
0.6851535942
0.3162198401
0.8414487929
0.687811313
0.3913499953
0.3723027714
0.3046325867
0.6632951197
0.3830499392
0.9542588379
0.4885513818
0.834463077
0.3536877827
0.5405631452
0.5177656689
0.2933365073
0.2878515153
0.2862937566
0.341709648
0.8908211599
0.5571406902
0.3790832283
0.5114190124
0.3365513849
0.2862862456
0.3003414876
0.3013267009
0.3301859132
0.4398500007
0.551973573
0.2865586917
0.2918422389
0.7956851578
0.4016885124
0.2976430673
0.6421225619
0.4859990661
0.295281119
0.286481159
0.4546370143
0.6666569446
0.5679595862
0.3468156219
0.3137840072
0.4813409919
0.9956599727
0.2866356929
0.5983306192
0.8419812101
0.2882253548
0.4613623476
0.287827981
0.2863362012
0.4188879412
0.7229721714
0.3911779621
0.7621566208
0.5797230869
0.839668937
0.8611693219
0.2865185293
0.286306333
0.8231169461
0.4779710646
0.4328136586
0.4673348019
0.3083389391
0.5851636777
0.2870793932
0.4404411617
0.3680551059
0.6260410804
0.9471157443
0.28676052
0.3427680991
0.6873686743
0.3204237733
0.3111720589
0.288199218
0.6782675925
0.2888142461
0.6807142564
0.9309423337
0.3577568671
0.3197924686
0.2873738908
0.4750350472
0.3601274975
0.2862495629
0.6675525293
