0.3484370767
0.301418859
0.3039711963
0.7160785707
0.690293496
0.5400837796
0.4485945063
0.9889781964
0.3431295663
0.8891180503
0.3214175267
0.8071495686
0.4516083466
0.6071073663
0.2899632995
0.4733603093
0.2904205408
0.9224914886
0.2860716361
0.3368848418
0.4351510114
0.4146034598
0.7030326477
0.6177751507
0.5712940101
0.4489953747
1
0.2917605098
0.8620828241
0.6949195283
0.9114975711
0.3094604569
0.7552875906
0.3678843212
0.5445461779
0.4790183662
0.320669429
0.6180020387
0.4011541974
0.2929779657
0.3058861357
0.3002137888
0.3894599388
0.7171591462
0.7492541135
0.2900004582
0.5416443293
0.2866635299
0.6200437893
0.7492541135
0.5201601937
0.3135057469
0.2991901032
0.5214795028
0.5241222243
0.7588031954
0.7294008448
0.3718138674
0.7353599962
0.2885581288
0.6406495952
0.4047355651
0.3941152415
0.3855570874
0.2924017601
0.963919054
0.9172104082
0.3025215923
0.3485758721
0.864748732
0.2870604911
0.3201396249
0.4013322993
0.3677287186
0.4200179308
0.4514069009
0.8892704678
0.2875262317
0.4771274147
0.4410365853
0.5258870041
0.2860020029
0.4660939613
0.5519325198
0.2925435152
0.3986715768
0.3658710547
0.3869079656
0.3616059197
0.54186738
0.3122788027
0.3072988255
0.3651022657
0.9330661648
0.9557539118
0.5884983245
0.829369483
0.893650844
0.2983330709
0.3764658828
0.4958149608
0.2866483588
0.9627202745
0.3519469923
0.4704443141
0.2865470357
0.4444038533
0.4530205361
0.3577338852
0.3264026817
0.5841915626
0.2898894978
0.4237971073
0.606880343
0.2986593774
0.748209331
0.6591185129
0.3700755502
0.7321722043
0.5298661164
0.9930702009
0.3079796801
0.286315042
0.3397071004
0.400620507
0.3148566245
0.8037001613
0.6340924747
0.7581839559
0.2880491397
0.7115288278
0.6311497663
0.4652686101
0.2870798372
0.6483218417
0.3487148016
0.603474988
0.6577714304
0.2862942813
0.3103529877
0.4617728776
0.9553507415
0.3482984154
0.3470565169
0.29045976
0.3571458536
0.4735690672
0.6352237726
0.5771722046
0.4859925393
0.402224342
0.6638271143
0.4020457294
0.7421240165
0.306296804
0.2866635299
0.8299160911
0.528980891
0.8192284584
0.980048435
0.2891561359
0.2860616889
0.3562676719
0.6620345243
0.8769521242
0.7058712491
0.2994594456
0.5265493947
0.4781773427
0.3406193072
0.5074824379
0.8058108084
0.6977756742
0.7353599962
0.4979649041
0.3171420117
0.2868591592
0.8473876335
0.2889285682
0.2920312399
0.301346656
0.9173443427
0.4823919232
0.7311072333
0.3855570874
0.292215137
0.6588940522
0.5884983245
0.8991271257
0.9644662122
0.3655631681
0.2860665753
0.3260609363
0.2865332576
0.2864050568
0.6340924747
0.8238659958
0.4312686923
0.8209032892
0.465474848
0.2956414517
0.6823298083
0.2900752912
0.5819261415
0.3102630207
0.8764733894
0.3287149473
0.6039290302
0.320669429
0.5076997951
0.4122019863
0.4326236664
0.8447625921
0.3772779697
0.3029729992
0.8044686389
0.2869480654
0.350392384
0.7281191055
0.7863224853
0.987323808
0.4330115645
0.2860878656
0.3180585178
0.3622092212
0.8100067751
0.2861250349
0.5517082924
0.2859957199
0.3240385612
0.8077222748
0.2863586551
0.4900358756
0.6424564403
0.8942489795
0.9615976214
0.3118139671
0.5742319557
0.3173446031
0.7943933342
0.3082376418
0.2918500708
0.2860006067
0.9306123684
0.8748718964
0.4534246808
0.2859958944
0.2867419968
0.4764981838
0.6195901062
0.8382108152
0.4983954947
0.4237971073
0.3962093221
0.7657857756
0.3398369974
