 9.6965e-01,-1.3091e+01
-2.6874e+00,-1.7207e+01
 7.4758e+00,-3.4310e+00
 6.6173e+00,-1.2351e+01
 4.3796e+00, 2.2611e+00
-7.0954e+00,-6.6691e+00
 1.0021e+01, 1.0352e+01
 4.8503e-01,-3.0235e+00
 3.8523e+00,-4.0981e+00
 3.7408e+00, 1.2466e+01
 2.8040e+00, 1.6694e+01
 1.7099e+01, 3.4983e+00
-4.6633e+00,-1.0392e+01
-1.3011e+01, 7.6912e-01
 1.1533e+01, 5.8253e+00
 9.9934e+00,-5.8749e+00
-4.4697e+00,-1.2814e+01
-6.7118e+00,-9.3316e-01
-1.2369e+01, 1.0887e+01
 6.0469e+00,-9.7192e+00
-1.2415e+01, 3.6094e+00
 1.3823e+01,-7.7886e+00
-3.2710e+00, 8.5874e+00
 1.5562e+01,-5.9729e-01
 6.4194e+00,-1.4748e+01
-7.7404e+00, 2.5345e+00
-1.4092e+01,-3.9107e+00
 2.8744e+00, 9.7162e+00
-9.4670e+00,-1.9628e+00
-1.3034e+01,-1.0813e+00
 1.7575e+00,-9.2967e-01
-5.6777e+00,-1.4617e+01
-1.1164e+01,-3.5470e+00
-8.2052e+00,-5.2425e+00
 7.3444e+00,-8.1724e+00
-5.6578e+00, 3.5514e+00
 1.3396e+01,-5.9789e+00
-2.6327e+00,-7.5677e+00
-7.9008e-01,-1.3813e+01
-4.4836e+00,-1.5318e+00
-1.4323e+01, 4.0051e+00
 7.8967e+00,-9.3582e-01
-7.1670e+00, 1.3449e+01
 6.5653e-01, 9.3598e+00
 3.8613e+00, 7.5279e+00
-4.3246e+00, 1.2187e+01
-6.6891e-01,-7.3593e+00
 8.6736e+00, 1.3679e+00
-4.8858e+00,-5.4447e+00
 3.1543e+00,-9.9993e+00
 1.1416e+01, 2.5273e+00
-1.2962e+01,-5.2857e+00
-6.5904e+00, 1.0528e+01
-1.3824e+01,-1.0156e+01
-2.8133e+00, 1.1692e+00
 3.8188e+00,-7.9492e+00
-7.7828e+00,-1.0752e+01
-3.8829e+00, 1.4436e+01
 3.0366e+00, 5.9163e+00
 3.6164e+00,-1.3747e+01
-9.0560e+00, 1.1163e+01
 2.5344e+00, 1.3206e+00
 5.6934e+00,-1.7605e+00
 1.6351e+01,-3.6460e+00
 6.0942e+00, 1.5672e+01
 1.4325e+01,-2.4955e+00
-1.3663e+00,-3.1366e+00
-1.0636e+01,-8.1459e+00
 1.2680e+01, 3.3495e+00
 5.9013e+00,-6.1807e+00
 6.9640e-01, 1.4381e+01
-8.6647e+00, 7.7448e+00
 5.9542e+00, 7.8260e+00
 1.5546e+00,-1.6566e+01
-7.5061e+00,-1.4773e+01
-4.3101e-01, 1.0509e+00
-5.5909e+00, 8.2269e+00
 7.8027e+00,-5.7814e+00
-1.6612e+01,-2.0247e+00
-5.9331e+00,-2.6080e+00
-3.0851e-01,-5.1455e+00
 4.3722e+00,-1.6295e+01
 8.0856e+00,-9.8973e+00
 1.0997e+01,-2.9522e+00
 1.1787e+01, 1.0645e+01
-1.3447e+01,-7.0875e+00
-1.4079e+01, 1.8318e+00
-1.0439e+01, 1.3330e+01
-1.1558e+01,-1.8079e+00
 1.2522e+01,-4.9967e-01
 2.0342e+00,-7.0254e+00
 1.4113e+01, 2.3467e+00
 1.1501e+01,-1.0397e+01
-3.0321e+00,-9.8936e-01
-3.1587e+00, 6.7156e+00
-4.6922e+00,-6.9676e+00
-1.6108e+01,-3.6805e+00
-2.3936e+00,-1.3475e+01
 1.4980e+00, 1.2559e+01
-1.2061e+01, 7.7235e+00
-6.3663e+00,-4.0693e+00
-6.5939e+00,-1.2863e+01
 9.3553e+00, 1.4763e+01
 1.5687e+01,-7.7314e+00
-2.7500e+00, 1.6289e+01
-1.4733e+01, 7.9693e+00
 4.9113e+00, 1.4252e+01
 1.3728e+00, 7.0509e+00
-6.3639e+00, 1.5655e+00
 5.1873e-01, 3.3056e+00
 1.1555e+01,-8.6792e+00
-2.0011e+00, 3.2174e+00
 1.1841e+01,-6.5166e+00
-9.7145e+00, 2.6649e+00
-1.0937e+01, 1.0145e+01
 1.0419e+01,-8.6935e-01
 5.9894e+00, 3.9487e+00
 7.9407e+00, 4.4370e+00
 2.6069e+00,-5.0609e+00
-1.5393e+01, 5.1522e+00
-1.1204e+01,-1.4126e-01
 5.8869e+00,-4.3673e+00
-1.2248e+01,-1.0873e+01
-2.7221e+00,-4.6430e+00
 2.5956e+00, 1.4055e+01
 8.0750e+00,-1.3563e+01
 7.9579e+00, 1.3337e+01
 1.0229e+01,-9.4466e+00
-9.0233e+00, 2.4830e-02
-1.2571e+01, 6.3077e+00
-1.9549e+00, 9.3087e+00
-5.1139e+00, 9.8883e+00
-2.8107e+00, 1.0790e+01
-1.0586e+01,-1.0414e+01
 1.3374e+01, 7.4855e+00
-1.8665e+00,-1.0916e+01
-1.0395e+01, 7.4811e+00
 8.3303e+00, 7.1583e+00
-4.0491e-01,-1.5359e+01
-1.0249e+01,-1.2640e+01
 1.4194e+01, 5.2835e+00
-1.7495e+01,-2.7527e-01
 1.1922e+00, 1.7357e+01
 1.3188e+01,-1.0632e+01
 9.4683e+00,-1.1943e+01
-7.9503e+00, 9.7562e+00
-7.8173e+00, 4.5616e+00
 1.7214e+01,-1.3639e+00
-1.6543e+01, 4.0625e+00
 2.6336e+00,-1.1776e+01
-7.1603e-01, 5.6898e+00
 4.8712e+00, 5.6715e+00
 9.1251e+00,-3.9836e+00
 1.4978e+01, 8.9395e+00
 3.4151e+00,-1.6710e+00
-9.1167e+00, 5.7623e+00
 2.1181e+00, 4.5120e+00
-1.1331e+01, 1.7557e+00
-9.9420e+00,-5.2486e+00
 6.0949e-01,-1.1293e+01
 8.3826e+00, 1.0997e+01
-4.2026e+00,-3.3613e+00
 1.2884e+01,-4.4979e+00
-5.7993e+00, 6.1056e+00
-3.3786e+00,-1.4668e+01
 1.0802e+01, 7.1996e+00
 7.0263e+00, 8.3442e-01
 1.0601e+01, 1.3340e+01
 1.5673e+01, 2.6043e+00
 9.0821e+00, 8.4712e+00
-3.8941e+00, 2.3752e+00
 9.5816e+00, 2.6029e+00
 1.3780e+01, 9.8998e+00
 3.7362e+00, 4.2093e+00
 1.2027e+01, 8.4040e+00
-1.0114e+00, 1.0989e+01
-1.6185e+01, 1.9859e+00
-1.3450e+01, 8.8774e+00
-1.5731e+01,-5.8515e+00
 4.3283e+00, 1.6043e+01
 1.2955e+01, 1.0480e+00
 1.1093e+01,-1.2608e+01
-1.5621e+01, 3.2384e-01
 5.1193e+00, 1.0264e+01
-1.5573e+01,-7.5142e+00
-5.1478e+00, 1.2042e-01
-6.0521e+00,-8.1769e+00
 9.9962e+00, 5.7531e+00
-1.5033e+01,-2.1545e+00
-4.1236e-01,-5.4267e-01
 1.4579e+01,-4.6912e+00
 7.0665e+00, 1.1860e+01
 1.9546e+00,-1.4285e+01
-9.5640e-01,-9.2301e+00
 1.5806e+01, 4.3279e+00
-9.4969e+00,-1.4007e+01
-1.0304e+01, 4.8146e+00
-1.9287e+00,-6.2367e+00
-1.3359e+00, 1.6898e+01
 1.5513e+01, 7.4569e+00
-8.7801e+00,-7.2642e+00
 5.2798e+00, 1.2438e+01
-1.7797e+00, 1.3458e+01
-8.9439e-01,-1.6992e+01
 1.0585e+00, 1.0835e+01
 5.3616e+00,-1.3259e+01
 8.2269e+00,-1.5136e+01
 1.7108e+01, 1.9847e+00
-1.2136e+00, 7.4074e+00
-3.0701e+00,-9.1566e+00
 4.5246e+00,-9.3534e+00
-5.6967e+00, 1.5163e+01
-1.1212e+01,-6.5654e+00
-3.4400e+00, 4.1015e+00
-8.3660e+00,-1.2602e+01
 7.0347e+00, 2.8421e+00
-8.7674e+00,-3.7448e+00
 2.7216e+00,-3.1093e+00
-8.7706e+00, 1.3184e+01
 6.4148e+00, 1.4204e+01
 1.6709e+01,-5.1419e+00
-9.7933e+00, 8.8683e+00
 6.8082e+00, 1.0253e+01
-6.2547e-01,-1.2265e+01
 1.7051e+01, 2.5690e-01
 9.0741e-01,-9.1008e+00
 1.4034e+01,-6.4964e-01
-7.1883e+00, 6.7306e+00
-6.1959e+00,-9.8493e+00
 1.2346e+00,-4.3810e+00
-7.6407e+00,-2.1644e+00
-1.2683e+01,-8.6085e+00
 4.7668e+00, 1.0800e-01
-8.6476e+00, 1.5151e+01
 3.7147e+00,-6.2418e+00
 4.7765e+00,-1.1054e+01
-4.2160e+00, 1.6852e+01
 1.2676e+01,-2.8232e+00
 1.0170e+01,-7.8461e+00
 1.2657e+01,-1.2053e+01
 1.1360e+01, 8.7492e-01
 1.5510e+01,-6.0680e+00
-7.2124e-02, 1.2818e+01
 9.0857e+00,-2.0398e+00
-6.1713e+00,-1.6262e+01
 1.1222e+01,-4.9245e+00
 2.5449e+00, 2.8749e+00
 7.1078e+00, 5.9133e+00
-1.0564e+01, 1.1607e+01
-1.2110e+01,-1.2397e+01
-4.0516e-01, 1.5519e+01
 8.7209e+00,-7.0692e+00
-7.4670e+00, 1.1946e+01
 5.7581e+00, 1.6624e+00
-8.5595e+00,-9.4410e+00
-7.0857e+00, 1.5857e+01
