0.287964864
0.4065701126
0.6649047671
0.9770655418
0.6005398568
0.4266792148
0.5547757367
0.2873381895
0.3606356398
0.3399689886
0.2899552875
0.3478546899
0.363800938
0.2877014668
0.4892407312
0.3543306055
0.8461770206
0.5655965389
0.7312922992
0.2954760578
0.6357775868
0.3011139115
0.3067537838
0.3484065643
0.2889033249
0.3241188961
0.4567006097
0.2975074205
0.2878396391
0.2966701286
0.5491602409
0.8105352026
0.9142844865
0.9375110598
0.7334292535
0.7448854659
0.7511865535
0.3278424223
0.9867307732
0.4291721266
0.325566335
0.3824250167
0.9657681432
0.5286460915
0.4452267478
0.3905270357
0.4033285174
0.8710329394
0.7334292535
0.3965943819
0.5315285578
0.441655348
0.8139596311
0.3124383803
0.9655836141
0.8547161984
0.3407489022
0.2873076029
0.3971205384
0.3154830146
0.5998573485
0.2872777143
0.52334051
0.4599643315
0.3510573738
0.6568069216
0.298377582
0.4444308874
0.4353708428
0.4896674926
0.893898715
0.292521278
0.4933037246
0.5202555938
0.3200341882
0.7242077375
0.535306576
0.4738216225
0.3150936611
0.3741053259
0.8972020997
0.7400234988
1
0.3979995764
0.4454259091
0.4385025937
0.2867148611
0.5152044528
0.52334051
0.9654911881
0.2887384733
0.3077523062
0.7851442035
0.7732603009
0.5710233176
0.2944081511
0.3140358362
0.5946258955
0.3736254665
0.7090239476
0.5975825349
0.6522966699
0.5184962398
0.902656547
0.4072948927
0.362739646
0.5964452734
0.2879863441
0.5419960546
0.4575148269
0.9717000585
0.5649188969
0.5991748678
0.4757053249
0.3047483834
0.2944599361
0.619878146
0.3787989142
0.6852321986
0.5534266409
0.7400234988
0.3737853002
0.4552785103
0.7330022381
0.6187410973
0.3333010742
0.4363472319
0.8227912318
0.4291721266
0.7077132259
0.8645681353
0.8224187072
0.6651292989
0.8675680549
0.3273824507
0.3330573293
0.835097481
0.858145106
0.318278118
0.5178371447
0.8654042107
0.3128101577
0.6892249552
0.3120691295
0.8870037962
0.9022190579
0.2871258065
0.2878193777
0.2973857924
0.2897223568
0.3645627711
0.9622848053
0.7547361398
0.63328212
0.4054859474
0.8557483418
0.29592217
0.6319203996
0.3449930069
0.6344165918
0.4677870366
0.6148742947
0.5619844018
0.5559006189
0.3032923402
0.8360021429
0.4087492307
0.9920436903
0.2867898965
0.2907424167
0.292521278
0.731933877
0.8043910987
0.3080055622
0.8145281256
0.5907609076
0.4024339117
0.8152851149
0.2868425395
0.3362709206
0.7511865535
0.3744258286
0.3770069312
0.4266792148
0.2875718316
0.287589828
0.34594022
0.5053871925
0.3217273554
0.3294709376
0.293027217
0.4351758159
0.3628908814
0.6606343772
0.7811398314
0.4049452231
0.4993259071
0.2890454706
0.2915715161
0.9744424042
0.7026760815
0.2870637413
0.3857694947
0.2984409912
0.3317270924
0.2915715161
0.9279689985
0.2877014668
0.5762324774
0.9193198413
0.3750682621
0.5313066225
0.6155567531
0.9075555081
0.3374058516
0.286653463
0.9346009883
0.7022371357
0.3763588196
0.4113095109
0.3148032857
0.2976297195
0.3328141631
0.301751875
0.6644556344
0.2867017422
0.2903384179
0.2869425689
0.2896251221
0.326016789
0.4597598165
0.2867195838
0.4532531439
0.294721406
0.4530510123
0.3246726046
0.732147643
0.2896251221
0.451436636
0.2877992904
0.4062083227
0.3684185962
0.5613076769
0.2870637413
0.419478995
0.6914386999
0.9878952585
0.3075842736
0.3455334505
0.342853229
0.5637898638
0.4177930679
0.290704828
0.2994121559
0.4971705145
0.3676412489
