0.4995122013
0.3723291041
0.3236595072
0.786692398
0.2893563396
0.3023123013
0.4220914991
0.2993944617
0.7063593708
0.4495996286
0.290250051
0.2907252348
0.6445747704
0.4526202217
0.4796700825
0.3855784098
0.5805067722
0.7161650625
0.4892118188
0.5292794731
0.3634756014
0.5259595749
0.3178526011
0.2931989892
0.6032344624
0.401340049
0.6560921016
0.5008080582
0.5891351827
0.3210688705
0.6230243167
0.909910122
0.8197543448
0.6800757948
0.6146104785
0.9712167918
0.5473342471
0.6578943808
0.6907340951
0.3002663842
0.3004030165
0.3688646779
0.3518837057
1
0.9603823527
0.3864209678
0.9902114219
0.2982967106
0.8454214198
0.5977746713
0.99037774
0.4528221931
0.2917628438
0.3622652874
0.7534405833
0.839013892
0.3748853198
0.2889143324
0.2941343901
0.3357503689
0.3564817516
0.5959551789
0.4287622963
0.3463277505
0.3946499925
0.4714983932
0.3503343955
0.2888306106
0.7135581401
0.2993944617
0.3589787886
0.3064080015
0.4528221931
0.5042722562
0.3567735794
0.286707537
0.437887898
0.4089073025
0.3006092081
0.8666862908
0.3068179735
0.8281104735
0.54218746
0.2904293668
0.2866414206
0.6684549448
0.3256594781
0.7230873261
0.4919894976
0.5768783868
0.3006092081
0.32828536
0.3111386929
0.2986786466
0.8863296451
0.2921490509
0.7057028397
0.3594233084
0.9625158207
0.7452629394
0.2955137656
0.8006622624
0.7378577994
0.8452448213
0.4194542053
0.2873844718
0.8473587205
0.2867594817
0.308583881
0.3445687499
0.4274194196
0.315856196
0.3068179735
0.5430814898
0.7243803298
0.9370951131
0.3004030165
0.8655200189
0.5680490295
0.5927718244
0.5807336479
0.8018274391
0.6601453873
0.9400716428
0.5292794731
0.8636788981
0.2914720631
0.3728060603
0.6196141273
0.5057916823
0.4306881154
0.3203297507
0.437691802
0.6018693752
0.7629808359
0.3040333571
0.9598902743
0.3384043311
0.7852973506
0.4800916563
0.8589463868
0.3517421934
0.408360917
0.3099768396
0.6352864225
0.3052023855
0.3358753245
0.2866933696
0.9223281467
0.6569934018
0.3665364764
0.3682411179
0.6116529942
0.475467675
0.4278026593
0.6075575227
0.3125126185
0.8844558144
0.4264628659
0.9096282285
0.6139280219
0.6318830553
0.3438983835
0.4847445401
0.4481958434
0.3557544584
0.3027529062
0.2867346466
0.559696282
0.2936836452
0.2870348885
0.2868962354
0.4096371981
0.2873844718
0.3326731362
0.7159480452
0.747367333
0.7052649628
0.3002663842
0.3055203129
0.286728875
0.7856962531
0.3899901068
0.31980639
0.5060089305
0.3424357191
0.2877822825
0.2867871142
0.3985047093
0.5893624195
0.4928460011
0.2902147052
0.751142161
0.4554545322
0.3167469033
0.5430814898
0.2911105651
0.7363695229
0.3236595072
0.2886678506
0.6988991087
0.5099272442
0.4301094579
0.2868019793
0.2872607372
0.8599660289
0.2866365228
0.3728060603
0.4151610863
0.5475583479
0.9587983388
0.8645170424
0.9090632964
0.5136411379
0.3564817516
0.4105517787
0.5466621042
0.9056417464
0.2871481706
0.6800757948
0.7701598034
0.7699556771
0.3143038796
0.2878844542
0.7631869247
0.4836845892
0.2880793293
0.3736033866
0.3649998008
0.5482308085
0.2870710776
0.4410365619
0.7365822789
0.7949963966
0.7439978482
0.3380213623
0.5700844971
0.3874357281
0.2874505255
0.9551350302
0.4760964733
0.2884605573
0.4217136416
0.3171468085
0.3802530945
0.5898169157
0.7600896768
0.4116525011
0.9223281467
0.3531632832
0.2869672261
0.4671382929
0.8085750603
0.4217136416
0.3140172778
0.5184655985
