0.6086167692
0.3186930609
0.3577290902
0.9709927316
0.5020845664
0.3026704622
0.8241260203
0.4624263863
0.8107000808
1
0.2870320817
0.7650338395
0.9726698731
0.3782742121
0.4178069433
0.9212098484
0.3844038127
0.9013403444
0.5429740744
0.2862904908
0.8183918408
0.3608539513
0.6427817471
0.9541580277
0.4792612582
0.3195293504
0.2870541794
0.4361680832
0.6783741235
0.5947870488
0.3047761274
0.4265044515
0.5581970831
0.309339869
0.3533631304
0.7422484595
0.5557272508
0.9164663207
0.6909734263
0.9448745109
0.3691425629
0.6090702238
0.2889288022
0.5283204814
0.5485576814
0.2857815884
0.3678919911
0.8804383155
0.4456386352
0.3279544059
0.8584907763
0.6154175166
0.736558459
0.4881467033
0.3677362167
0.286260708
0.3369716932
0.2968218015
0.2966372491
0.2978959334
0.4746480509
0.6696986269
0.6448100651
0.2945401514
0.3212310871
0.4276527927
0.4798925731
0.3391533956
0.3972932242
0.490703409
0.4748571055
0.3180722504
0.3539385149
0.384571626
0.4723525323
0.2858190574
0.3643401854
0.3173549333
0.3149527802
0.6090702238
0.2891344629
0.3244137812
0.293996276
0.3905148002
0.9681754392
0.2904982556
0.4263133672
0.7662573066
0.7297686928
0.4140858454
0.5096744582
0.5329681195
0.8723326345
0.3586161844
0.2922735226
0.8355563744
0.2872137162
0.6993135728
0.326109251
0.4717277919
0.3181753368
0.3038256689
0.2876629229
0.7867247419
0.5320817265
0.9637145587
0.719710196
0.3849075878
0.3006123362
0.7553790087
0.5055473027
0.2901364753
0.4027946527
0.5886695252
0.2856386667
0.8837089122
0.6138309339
0.383399286
0.307766781
0.8561257281
0.7982622602
0.594560406
0.5626939547
0.2970702074
0.3626646055
0.3203753707
0.4763221994
0.6591921397
0.7605300729
0.371191242
0.4738124486
0.5289835201
0.3235232148
0.3211235935
0.3241902447
0.4148270649
0.3274895858
0.6405266022
0.6990947493
0.2960926135
0.6819208782
0.8816889066
0.3533631304
0.2903761216
0.2860124736
0.3578766198
0.2893105763
0.6231201467
0.3129241022
0.9196427803
0.6582956322
0.2864165762
0.2859575901
0.2859575901
0.8840183368
0.2982210024
0.9066020802
0.9733738843
0.5064148317
0.4616061051
0.680591732
0.8869398934
0.2958549026
0.3084595639
0.2914408989
0.93632869
0.3156442252
0.5044639203
0.2873572192
0.4775803591
0.3448509217
0.3922373993
0.2993572356
0.2866081034
0.8076657861
0.289826541
0.2866265572
0.4824230898
0.42421725
0.4591518525
0.7456029408
0.2884730311
0.3716668969
0.3721436274
0.3059969197
0.9210798001
0.3297183392
0.2860356455
0.3929294477
0.2946509481
0.372621431
0.3799154713
0.2857144882
0.9707492095
0.6632220458
0.8870927557
0.4904900551
0.3817340839
0.7863296495
0.6240258369
0.6403010065
0.4307302722
0.2881386291
0.4058530076
0.4727693395
0.6927333992
0.2977670685
0.6872264347
0.4486351207
0.6070296347
0.2861352942
0.3051790263
0.7539305198
0.2907052332
0.286536025
0.6400753964
0.7849448066
0.7574436073
0.6676908681
0.3217708179
0.5247895947
0.3533631304
0.8785517485
0.7344419313
0.5543811652
0.9909757703
0.4558951557
0.5374077039
0.591161347
0.2858112152
0.5263332418
0.7894831576
0.3794218862
0.2902156725
0.616097417
0.9578180752
0.5750960147
0.2916211604
0.4488354933
0.3157436217
0.3419040775
0.7032461049
0.2978314178
0.604535492
0.302974938
0.3082854117
0.6515613043
0.5726119422
0.9461880315
0.7841520626
0.2860595136
0.4436505782
0.2858974752
0.8410681927
0.2915758395
0.561569012
