0.9063499101
0.3695679945
0.2996635973
0.3590172208
0.941861389
0.6478827766
0.3764357968
0.4758446703
0.3092130271
0.4004262623
0.9897159172
0.2859659165
0.2867056025
0.6555233162
0.8430775558
0.3030908109
0.3868850378
0.4764730382
0.3015147846
0.8045143777
0.7022867247
0.3921890798
0.3500522956
0.7561123539
0.5005117451
0.3746580892
0.7176845252
0.7236991847
0.307216048
0.3741757254
0.6314146279
0.8580481983
0.9664273301
0.5078721735
0.3946184151
0.5286973349
0.3469927194
0.5772844973
0.8754307604
0.3080739407
0.8240244967
0.6908883056
0.6298318841
0.8439545748
0.7062093045
0.5978867954
0.5170350264
0.6096752775
0.2969712675
0.8014446917
0.5293604975
0.3093017616
0.4351386404
0.8325796394
0.9785649421
0.8894166223
0.3082474342
0.8910758772
0.5273719392
0.2905861276
0.4789919239
0.295178657
0.5067864298
0.6568693021
0.2991163961
0.4241649909
0.2861540388
0.2932270794
0.3988310862
0.4893637953
0.6713988388
0.2907956437
0.2858622556
0.4821524915
0.6336747559
0.289528681
0.5705104849
0.3235941449
0.4819413801
0.3210840344
0.3777375439
0.5804495348
0.6836071579
0.3646015308
0.3563631897
0.4038210097
0.2999411581
0.4800439853
0.6811725161
0.9371522376
0.735198545
0.4664864815
0.3080739407
0.941522665
0.3281472668
0.5273719392
0.4957785236
0.9010853249
0.7710350806
0.2864831436
0.364908254
0.2905035177
0.771439554
0.8723862816
0.2921422941
0.3986543599
0.9876751492
0.8073760705
0.4177554739
0.414590539
0.2981842647
0.2989812479
0.8361687886
0.5671283445
0.4260698768
0.9013731988
0.2868056709
0.8561897151
0.2911397506
0.3137464731
0.3560708637
0.3499118236
0.2857760063
0.505268283
0.3067930978
0.4923514855
0.5554344163
0.677846739
0.4235952527
0.8058517893
0.2858622556
0.8755901198
0.2991163961
0.3357917665
0.735198545
0.2858622556
0.9401585161
0.5227431155
0.8052790307
0.2950076902
0.3836864074
0.7453018469
0.4897899692
0.4660735778
0.2857760063
0.3209767051
0.3271022129
0.3890965728
0.5630746885
0.3456234843
0.6716215602
0.2896774552
0.4198176457
0.6566450228
0.4228368507
0.4081608574
0.3162039628
1
0.9684783082
0.3659856729
0.9325137503
0.3806934997
0.4054417491
0.2876010621
0.7975829266
0.4461815868
0.6062747233
0.4031032885
0.957505978
0.346306414
0.6119420816
0.4912832609
0.3725755279
0.3391116155
0.693087662
0.3357917665
0.7589977788
0.8010597422
0.3415973906
0.4188789169
0.4103520292
0.3537508893
0.2995258064
0.2880445838
0.694625182
0.3340437216
0.2977947282
0.3215148611
0.4942775754
0.2875748114
0.2858622556
0.3899520832
0.2857760063
0.2885323049
0.3189662288
0.297411174
0.6296057361
0.5872383455
0.2948382356
0.286414548
0.3757877185
0.5899559195
0.5847481859
0.6501322351
0.621911243
0.313362282
0.68736242
0.2946146502
0.4096200825
0.9350305725
0.3469927194
0.2868056709
0.4485798536
0.2867252692
0.596526844
0.316304273
0.4355286776
0.654176598
0.7612572023
0.7251974339
0.285603479
0.3359176916
0.3049798073
0.7692120021
0.2925272637
0.9698108995
0.4777314041
0.7528015018
0.5729928741
0.4923514855
0.3788826547
0.7463475457
0.8262246939
0.5384531806
0.7663665944
0.3426589668
0.3155061113
0.4483795811
0.2856954983
0.6734023739
0.8585533043
0.2870410856
0.5669029962
0.2921422941
0.2861266942
0.5231832647
0.2856217792
0.3769230801
0.4671063299
0.5718643002
0.910522984
0.4972819492
0.2861132828
0.3044988116
0.5820328431
0.3034766474
