 3.8881e+00, 2.4586e+00
-1.3557e+01, 3.2246e+00
 1.6164e+01,-1.6902e+00
 1.3246e+01,-5.5746e+00
 3.2964e+00,-1.6097e+00
 1.1092e-01, 9.2508e+00
-4.4495e+00, 1.3065e+01
-1.0241e+01, 6.1031e+00
-6.0921e+00,-1.4521e+01
-2.5565e+00, 1.3070e+01
 8.5998e-01,-1.3327e+00
 1.5316e+00, 1.7242e+01
-1.0193e+01, 1.3720e+01
 9.2607e+00, 3.2518e-01
 5.2747e+00,-2.9789e+00
 1.4962e+01,-5.9359e+00
-2.7871e+00,-1.3402e+01
 1.0030e+01, 6.6878e+00
-1.4096e+01, 7.5029e+00
-3.0963e+00, 5.8415e+00
 3.4282e+00, 7.6983e+00
-9.7715e+00,-9.3407e+00
-1.4317e+01,-1.6352e+00
-7.1409e+00,-2.2338e+00
 1.1318e+01, 2.9105e+00
-1.2533e+01,-5.9206e+00
-2.1475e+00,-7.9305e+00
-7.7071e+00, 2.1191e+00
-1.4811e+01,-5.3564e+00
 8.1140e+00, 1.1332e+01
 7.3140e+00, 6.2054e+00
-5.3999e+00,-1.3923e+00
 2.7905e+00,-6.5361e-02
 6.9039e+00, 9.2074e+00
 6.3654e+00,-1.1999e+01
 1.1233e+01, 5.0465e-01
 1.1718e+01,-8.8231e+00
 5.8949e+00,-8.6752e+00
 5.2291e+00, 1.1447e+00
-1.1565e+01, 1.0595e+01
-5.6267e+00, 2.6725e+00
 1.4718e+00,-8.5609e+00
 5.3774e+00, 7.9415e+00
 4.2563e+00,-4.2813e+00
 5.0017e+00,-6.8338e+00
 9.5795e+00, 3.3329e+00
 8.6364e+00, 7.4101e+00
 1.9308e-01,-9.9451e+00
 1.6270e+01, 1.9452e+00
 2.3910e+00, 6.2958e+00
 8.2794e+00,-7.6146e+00
-1.2225e+01,-9.8426e+00
-1.1684e+01, 4.7915e+00
-3.5738e+00,-5.0095e+00
 1.2912e+00, 1.7432e+00
 3.1822e+00, 3.8283e+00
 8.6394e+00,-1.3306e+01
 4.9812e+00,-5.8787e-01
-1.0375e+01,-3.9954e+00
 1.4375e+01,-8.7725e+00
-1.1822e+01,-1.2506e+00
 1.5937e+01, 4.2017e+00
-1.1326e+01, 1.4675e+00
-7.1911e+00,-5.6115e+00
 1.1811e+01,-1.1217e+01
-8.0315e+00, 1.0014e+01
-1.6155e+01, 5.9040e+00
-8.6306e+00,-1.4103e+01
 1.3336e+01,-2.1602e+00
-1.1233e+01, 3.2689e+00
 7.3466e+00,-5.2530e+00
 1.1569e+01, 1.2107e+01
-3.3289e+00, 1.7000e+01
 7.8441e+00,-9.0973e+00
-3.5949e+00,-8.8308e+00
-1.6312e+01,-3.8392e+00
-8.5503e+00, 5.9253e+00
 1.1866e+01, 9.6059e+00
-4.7828e+00, 1.0829e+01
-8.6477e+00, 1.2525e+01
 1.1841e+01, 7.2762e+00
 3.4167e+00,-9.8504e+00
-5.3065e+00,-6.9246e+00
-7.5746e+00,-1.1938e+01
-1.3647e+01,-4.1578e+00
-1.3199e+01, 8.3984e-01
 6.4669e+00, 1.4783e+01
 1.1687e+01,-2.9273e+00
 8.1110e+00,-3.6034e+00
-3.5756e+00,-6.5818e-01
-1.9487e+00, 7.5848e+00
 4.6008e+00, 1.1263e+01
 3.1350e+00, 1.5433e+01
 1.4888e+00,-3.3455e+00
 1.0432e+01, 1.0937e+01
-9.3735e+00,-6.0090e+00
 1.0660e+01,-5.0386e+00
-1.4497e+00,-4.4748e+00
 6.9615e+00,-2.4830e+00
-1.1788e+01, 1.2428e+01
 3.4077e+00, 1.3691e+01
-1.3930e+01,-9.2125e+00
 5.1440e+00, 5.1949e+00
-2.1065e-01,-5.3865e+00
 1.3327e+01,-1.0089e+01
-5.8406e+00, 1.1989e+01
-1.5161e+00,-3.8148e-01
 5.8748e+00, 3.2078e+00
 1.3003e+01, 1.8081e+00
 9.3372e+00,-9.3414e+00
 9.8592e+00, 1.2919e+01
-1.5443e+01, 4.5454e+00
 2.7548e+00,-5.5293e+00
-6.5748e+00,-8.2395e+00
 1.2982e+01,-1.1051e-01
-1.8969e+00, 4.1859e+00
 1.1145e+01,-1.3182e+01
-4.3172e+00,-3.6516e+00
-1.6272e+01, 3.2693e+00
-3.2475e+00,-1.5253e+01
 1.4392e+01,-1.0822e+00
-9.4704e+00, 1.0846e+01
-1.5250e+01,-8.3195e+00
-1.4834e+00,-1.1480e+01
 6.6589e+00,-1.4455e+01
-8.5927e+00,-7.9649e+00
-6.2281e+00, 8.6357e+00
 8.6567e+00,-2.1851e+00
 1.2273e+00, 1.2841e+01
 6.7014e+00, 8.0821e-01
 1.7466e+01, 4.9204e-01
-4.0440e+00, 3.2310e+00
-1.0588e+01,-1.2223e+01
-1.4692e+01, 1.5487e+00
-4.9268e+00, 6.0580e+00
 1.9294e+00,-1.7342e+01
-3.3673e+00, 1.0377e+00
-5.6586e+00,-9.7300e+00
-6.4931e+00, 1.1027e+00
-1.7752e+00,-1.6366e+01
 5.1257e+00, 1.2717e+01
-6.1895e-01,-7.7502e+00
 4.2828e-01,-1.1834e+01
-3.7679e+00,-1.1613e+01
-1.4114e+01, 1.0047e+01
 4.2390e+00,-1.4791e+01
-1.8296e+00, 1.4948e+01
-1.1784e+01, 6.6118e+00
-3.1918e+00, 1.0052e+01
 1.4459e+01, 2.5343e+00
-7.6445e+00, 4.4110e+00
 5.0865e+00,-1.6110e+01
 1.2008e+01, 5.1622e+00
-8.5404e+00,-3.1418e+00
-9.7829e+00, 8.3375e+00
 1.0109e+01, 8.5898e+00
 1.3920e+01, 6.8899e+00
-2.4984e-02, 8.6703e-02
-8.0785e-01, 2.4113e+00
-1.1361e+01, 8.1996e+00
 3.2093e-01, 3.7929e+00
 1.1895e+01,-7.1719e+00
 1.1591e+00,-1.3290e+01
-9.6317e-01, 1.6964e+01
-1.5786e-01, 6.7674e+00
 6.1398e+00, 1.0924e+01
-9.2939e+00, 3.2574e+00
 4.1538e+00,-1.2746e+01
-4.8540e-01,-3.0425e+00
-1.3648e+01, 4.8617e+00
-9.7023e+00,-1.2188e+00
 4.5454e+00,-1.0939e+01
-4.6947e+00,-1.3170e+01
-1.2535e+01,-7.7317e+00
 7.8303e+00, 3.6637e+00
-8.5053e-01,-1.4888e+01
-5.7702e+00, 4.6332e+00
 9.9918e-01,-6.7463e+00
 1.4779e+01, 6.3385e-01
-4.9849e-01,-1.3065e+01
-6.0398e+00,-1.1731e+01
-8.9282e+00,-1.1278e+01
 1.5818e+01,-3.7917e+00
 1.5883e+01, 6.2072e+00
 1.5374e+00, 8.3892e+00
 1.8608e+00,-1.4861e+01
-6.5776e+00, 1.4779e+01
-1.4894e+01,-3.1309e+00
 6.5251e-02, 1.1666e+01
-4.9031e+00,-1.6353e+01
 1.3458e+01, 1.1067e+01
 8.1168e+00,-1.1019e+01
-1.7291e+01,-1.2892e+00
 8.7764e+00, 1.4486e+01
 8.2827e+00, 1.2966e+01
 1.3895e+01, 8.5767e+00
 6.9821e+00,-6.7084e+00
 1.8445e+00,-1.0143e+01
-1.6266e+01, 1.5453e+00
-1.5796e+01,-6.7578e+00
-1.4911e-01, 1.3842e+01
 2.9556e+00, 9.7413e+00
 9.0632e+00, 4.9643e+00
 4.1748e+00,-8.3636e+00
-6.8488e+00, 6.7375e+00
 1.0203e+01,-1.1895e+01
-8.5589e+00, 6.9522e-01
-4.3910e+00, 1.5774e+01
-1.0796e+01,-7.5265e+00
-2.4738e+00, 2.7244e+00
 1.3763e+01, 4.9682e+00
-1.7076e+01, 2.0576e-01
-7.3892e+00,-1.0054e+01
 4.3783e+00, 1.6587e+01
 1.0121e+01,-1.1953e+00
 8.8596e-01, 1.5403e+01
-1.2106e+01,-3.6842e+00
-3.8250e+00, 8.2797e+00
 7.5010e+00,-9.0786e-01
-3.5885e+00,-7.2299e+00
-7.9520e+00, 1.5581e+01
-3.5581e+00, 1.4361e+01
-1.5812e+01,-6.4900e-01
-7.2345e+00,-2.0279e-01
-8.4685e+00, 1.4161e+01
-1.5974e+00,-1.9808e+00
 6.5946e+00,-1.0123e+01
 5.8139e+00,-5.0565e+00
 8.8980e+00,-5.6975e+00
 2.6878e+00,-1.1508e+01
 1.3428e+01,-3.6798e+00
-5.6042e+00,-5.2583e+00
-1.7121e+00,-6.0745e+00
-1.7882e+00, 1.0797e+01
-6.3330e+00,-3.6737e+00
 6.6855e+00, 1.3064e+01
 4.7551e+00, 1.4730e+01
-1.0954e+01,-5.8997e+00
-3.2393e+00,-1.7195e+01
 8.7819e+00, 1.8525e+00
 1.0541e+00, 5.5081e+00
-1.2587e+01,-1.1570e+01
 1.5250e+00, 1.0413e+01
 3.4913e+00,-1.6312e+01
-6.6982e+00,-1.5972e+01
-1.0879e+01,-2.5584e+00
-6.3235e+00, 1.6264e+01
-7.4212e+00, 1.1612e+01
 1.0200e+01,-6.8220e+00
 1.0125e+01,-3.0745e+00
-3.8006e+00,-2.2110e+00
-7.9087e+00, 8.4443e+00
 1.5334e+01, 8.1481e+00
-1.4095e+01,-7.3106e+00
-2.6120e+00,-1.0016e+01
 4.9467e-01,-1.6024e+01
