0.2873981379
0.2941123761
0.4174111716
0.6074961791
0.8187150263
0.5476558451
0.967790696
0.374369607
0.9616190885
0.3774439912
0.671300976
0.4964649359
0.4219204451
0.9901309418
0.5588670256
0.9648137267
0.3350877986
0.7317595664
0.3090197144
0.3734075686
0.5705803975
0.6531674337
0.3161675444
0.7338836646
0.8828161126
0.3433708807
0.9028453682
0.3537902193
0.3795717211
0.4908971894
0.3017444697
0.3392873284
0.2916008173
0.6455154423
0.9721011402
0.9581963207
0.3128579808
0.4414494853
0.6385220627
0.4390846273
0.4262906477
0.285965052
0.3262380326
0.8766807005
0.2913783852
0.3738880554
0.5005553158
0.3766308494
0.8650034566
0.2865629556
0.6686242859
0.6149803387
0.317378357
0.4936766868
0.3771183853
0.490257035
0.3714963212
0.2982081935
0.3473102525
0.3564015384
0.2892486431
0.6634839543
0.4532394446
0.8138494632
0.7414902083
0.3708630625
0.4410545432
0.6231396878
0.2858037784
0.6278951358
0.2933790169
0.3843878473
0.4414494853
0.2859164119
0.7616516527
0.4230559463
0.5710318147
0.4430324211
0.8983592295
0.7804812513
0.2888761843
0.9037032218
0.3264667038
0.3107215922
0.6263104034
0.6619170176
0.3995688171
0.7227875495
0.9400726107
0.6590040691
0.3412466389
0.9149486301
0.3416422461
0.8473602802
0.6973990109
0.2868936882
0.308668725
0.7289911819
0.8865241765
0.3666391474
0.7043964151
0.7490314034
0.5385096726
0.3166693549
0.8447423046
0.5033640899
0.2858944445
0.5834662442
0.9389188154
0.6741964667
0.3427032703
0.518399168
0.2887782215
0.38539613
0.8129081749
0.2952744192
0.2877238201
0.7950806301
0.7616516527
0.2859089152
0.688601294
0.5022828412
0.4544530301
0.3135246527
0.5460910702
0.5371752364
0.2976288223
0.3265812611
0.7496567885
0.5236745997
0.4496145461
0.2869955444
0.8066510345
0.88421271
0.3271562609
0.4908971894
0.3444461794
0.2908200336
0.8339117041
0.2889756977
0.5338439873
0.3333528161
0.5035804807
0.4628143214
0.3000965745
0.9566307823
0.2859089152
0.8456169744
0.2863162517
0.2862482899
0.3820509087
0.4908971894
0.3039456506
0.8196450609
0.7458973818
0.3293747648
0.320608365
0.3144903016
0.3750133275
0.3246539291
0.4750446281
0.4928205136
0.2933279027
0.2869339099
0.2871898178
0.7685951537
0.5157698833
0.5748711739
0.2857781459
0.3225507901
0.2859917244
0.2997498563
0.8202021998
0.7752693691
0.6679545414
0.295504173
0.8817248527
0.4402656154
0.4851533898
1
0.2889756977
0.3139090429
0.2858613177
0.8814122598
0.589808377
0.605908379
0.3812216609
0.560440941
0.3110871587
0.6344552196
0.4272468841
0.3171750161
0.2860497727
0.3661753107
0.2888761843
0.3028658922
0.345530206
0.6542909246
0.4065561986
0.2880222427
0.4860017922
0.4558721689
0.5879957197
0.7533990151
0.5474322285
0.3882746435
0.3144903016
0.5680986992
0.2858874705
0.3124804671
0.2858435333
0.3154714945
0.9904712756
0.3126689107
0.9073812064
0.2860396625
0.5909415044
0.7251451317
0.911132467
0.6623648284
0.2864971058
0.5138017604
0.4116660449
0.401167595
0.3611467096
0.6455154423
0.356987524
0.384555615
0.5325134842
0.5338439873
0.6764206441
0.9368162282
0.2857514663
0.7126550368
0.2861970533
0.4060132803
0.7519457706
0.2866848849
0.2886818098
0.2953316057
0.448411611
0.5938883154
0.4879139461
0.2875199367
0.5796190914
0.953927421
0.2859917244
0.891085933
0.7492399181
0.9587763812
0.9319040939
0.8515111543
0.2858273177
0.4183462427
0.3107215922
0.2907366967
