0.7938477668
0.5707926112
0.3778534211
0.443409256
0.4471947907
0.6462639619
0.5513410738
0.3254060417
0.3859529084
0.7225321615
0.3004031689
0.3348699773
0.8962314958
0.5874043853
0.2939574325
0.3663173508
0.3391281426
0.4100068356
0.2953710512
0.3152829398
0.7146859514
0.571246711
0.4918263777
0.4652922282
0.5245331269
0.6387577689
0.7771467094
0.5608209434
0.3720832277
0.2933265719
0.3677042481
0.6655154033
0.8143286179
0.8813342422
0.3080546183
0.6444456523
0.4719363563
0.7512233333
0.8570712437
0.2879219524
0.7153418368
0.3306615914
0.2939112552
0.3089744566
0.312665783
0.3090590489
0.3413190783
0.5159311296
0.3464984892
0.4659121797
0.9949730783
0.6528469735
0.4765431676
0.2887138409
0.2942380967
0.2908401925
0.4640541851
0.6446729918
0.2986277464
0.8454463701
0.2926058372
0.9830109707
0.2915999566
0.3114930197
0.7734688599
0.4367082751
0.7135920074
0.9924766691
0.2879219524
0.6180012609
0.647854199
0.3803032058
0.5603686039
0.4448005802
0.3232202408
0.2880525847
0.2935928192
0.3099138488
0.4337826978
0.7065676331
0.7290284444
0.4058309391
0.6546604734
0.5488654525
0.5309678568
0.3604256701
0.580569281
0.7900630403
0.7399781915
0.5705655865
0.6684468004
0.8856507205
0.2930237733
0.9717028125
0.3964154493
0.2965942343
0.418515154
0.9432680603
0.3146170221
0.3697253317
0.6564728062
0.2994990101
0.3037512336
0.2929812046
0.3939780549
0.7098652198
0.4987127052
0.3776910455
0.5338622223
0.3521690705
0.6419439973
0.3479974048
0.3303092399
0.9539765067
0.4498012768
0.4510086809
0.2881347455
0.3012720972
0.3641801629
0.9948643573
0.3352390037
0.5076122234
0.6628061355
0.288479271
0.9006153045
0.5383262465
0.3514653501
0.4652922282
0.3343799713
0.7543797329
0.2883466036
0.3089744566
0.8058377923
0.7852493301
0.6455822056
0.4457967812
0.4591272454
0.8575912227
0.3527344606
0.5669355701
0.8728402448
0.7376268518
0.2960513557
0.391561981
0.3646360504
0.9203913309
0.3005350129
0.4599455602
0.9345783526
0.2882037329
0.5596902568
0.3170306841
0.5892286339
0.2981446943
0.3141461032
0.7314003747
0.534308026
0.7864561724
0.9575172802
0.2921270742
0.6895135153
0.4098241718
0.9363322616
0.8741623393
0.479068864
0.9544117859
0.4343662777
0.2881026196
0.4172072453
0.8234344747
0.4215220007
0.3596843983
0.5457193951
0.3967653725
0.4913978114
0.8933173879
0.5470670403
0.2937737528
0.3283377706
0.2878323936
0.7654349683
0.2916364836
0.2905226045
0.2877918253
0.2885755987
0.3093990334
0.3574800417
0.5352000384
0.2955254888
0.4888310743
0.3197471708
0.88453786
0.2901357258
0.4220884441
0.3944985684
1
0.7440256962
0.9229706573
0.3571883441
0.2919349279
0.4369039923
0.2896999525
0.5214381493
0.6323785126
0.3286825565
0.597443903
0.580569281
0.946089054
0.7212282192
0.6063511461
0.5535943499
0.2944766951
0.8622374937
0.3349928413
0.2883327389
0.3658573048
0.8892763555
0.3227903764
0.3851137451
0.4024218692
0.4706853844
0.6533004554
0.3203661858
0.6314665398
0.8537608853
0.5942480328
0.288695948
0.8303383237
0.9547371441
0.6417164928
0.385449069
0.556075807
0.293109427
0.7526977952
0.2879288006
0.4396528266
0.2972110063
0.5285234469
0.2885266468
0.7751058457
0.6892907352
0.9472469607
0.3448823014
0.5506655891
0.3822819875
0.3322037726
0.802129972
0.287792001
0.2894744394
0.2887319089
0.6637095739
0.8449096548
0.391561981
0.491612067
0.2893787476
0.2904004344
