0.62811362
0.3954518872
0.8022355903
0.3030045838
0.3056783857
0.6083807007
0.5185470905
0.8951615236
0.9287352649
0.3070853978
0.2967207096
0.7388518504
0.4079336163
0.3584195046
0.5126363933
0.7750127466
0.4501340954
0.3645892691
0.7318524951
0.291409895
0.4570083479
0.7200740199
0.5734700614
0.446330032
0.682673659
0.6735603851
0.3249962851
0.7611640333
0.3032329482
0.5730180636
0.536666301
0.4689225707
0.3517536662
0.9380679608
0.6923971717
0.3744741845
0.290901309
0.3730327723
0.5818412254
0.4059393286
0.4687152441
0.8479608291
0.2859749268
0.2874842752
0.3329758003
0.2859806852
0.4869835744
0.4660259477
0.2906966714
0.852114645
0.957209956
0.3485250071
0.5266933956
0.2956558742
0.7428575154
0.3028531568
0.3304394369
0.4829556425
0.3226701205
0.2863752982
0.6392005732
0.2999622977
0.3689231153
0.353322571
0.7510217867
0.8364787553
0.6871010912
0.3081065285
0.9399317142
0.3326095622
0.4077518229
0.4503350646
0.7695465128
0.3135554622
0.5565653966
0.4281248839
0.2859981348
0.2972113863
0.8750651864
0.5284613598
0.8809392807
0.5788981511
0.8857670553
0.3080205537
0.851080592
0.7566266981
0.4374325834
0.554095217
0.3873598435
0.4443390048
0.3007310619
0.2859981348
0.420521119
0.5527489959
0.3033860064
0.2863514038
0.2998934003
0.5161354244
0.6808992693
0.9386531941
0.6027059709
0.5087130104
0.6072457652
0.3306782428
0.2881153552
0.333343333
0.2863057059
0.9859616765
0.337089399
0.6017980463
0.41958078
0.7116420313
0.6963565605
0.6403302223
0.2921262731
0.3363299476
0.7891727502
0.4356726655
0.5304529781
0.2977761728
0.3281998851
0.3258997547
0.4427517971
0.9348637112
0.2859635843
0.3506226756
0.7543479907
0.4449354984
0.4978922399
0.2951438591
0.7539329709
0.360801973
0.6475511243
0.9304765712
0.2984847942
0.2926921876
0.2883401574
0.2870186026
0.3526074588
0.4785278967
0.6263011063
0.3655098242
0.316092175
0.9227465648
0.5013419735
0.80049842
0.3998520031
0.296359729
0.9170765666
0.8705400843
0.9568136216
0.9873497034
0.2860152349
0.3725544413
0.3440167342
0.4886855744
0.6650735223
0.3965019482
0.2860405355
0.5362216622
0.6210872471
0.6292461424
0.9361780914
0.4317858693
0.2932825828
0.9943138863
0.288886407
0.2876500593
0.5834266874
0.3297265127
0.3024774476
0.2865191724
0.2903002495
0.7033671192
0.2859557317
0.8570708157
0.49509871
0.2859981348
0.3088000762
0.6326422039
0.7382177334
0.4002068194
0.7603410769
0.3736722135
0.2859539867
0.6473257194
0.3638255541
0.8992882723
0.6108774396
0.4857093991
0.8441122251
0.4513410305
0.2866065304
0.5617385934
0.2860832828
0.2894885593
0.7322781857
0.3892322323
0.3010870913
0.3307978637
0.6641780991
0.9769565223
0.2938452359
0.2859618393
0.2925484117
0.3703364752
0.2977761728
0.5078430808
0.2859566042
0.3456390178
0.6786786283
0.3747958009
0.3118611053
0.5220634827
0.8148025407
0.3056783857
0.7648560946
0.3457750933
0.6122391928
0.3173998073
0.8720020209
1
0.7118590223
0.3305587672
0.2863057059
0.8362995045
0.2861591754
0.3277351399
0.5061053826
0.3444204627
0.4390025226
0.3373436803
0.584106316
0.852114645
0.4021656485
0.6240347006
0.4582301145
0.4511396884
0.539559425
0.4487294134
0.2860106982
0.4457319108
0.4386095498
0.2862130809
0.6258478906
0.3899163899
0.3493604707
0.5207436756
0.7962288611
0.426975275
0.39475396
0.2859723093
0.2920802203
0.398260449
0.2869244936
0.9757554189
