0.7418003427
0.8544519955
0.4151732278
0.8404196604
0.320335883
0.4903362097
0.7837123679
0.3528703356
0.3210658547
0.4001206507
0.3834500275
0.5280805238
0.8336785777
0.462625103
0.3034771441
0.7937142657
0.9346904584
0.3974757706
0.3780203832
0.3346072758
0.3905409354
0.3224414669
0.9333035534
0.3739924673
0.327857168
0.6719930181
0.3383500065
0.2885575125
0.2878299852
0.2983811448
0.7572073847
0.2882121658
0.8799981061
0.4091056293
0.463654118
0.677157484
0.7831072307
0.6049558754
0.2936965479
0.3454087943
0.3864646063
0.5919465617
0.4330187388
0.4506187394
0.4136925167
0.3590909624
0.2998215549
0.962460473
0.4190892879
0.3052854326
0.3184935344
0.2945474316
0.6122630932
0.3211707513
0.7437145644
0.2925656517
0.738173745
0.4424308946
0.3488139515
0.4675801064
0.6943381902
0.9201430234
0.4440180628
0.5209994171
0.2929868564
0.9295890557
0.3039203295
0.9237936376
0.6475832835
0.8468759673
0.3173923945
0.4392721714
0.9588953564
0.3062250157
0.4937659191
0.3127177743
0.304900899
0.3414366799
0.8407810195
0.5238713569
0.5150565772
0.4446145764
0.7031881263
0.9824497478
0.3684803005
0.3550126499
0.9459257344
0.3096980817
0.4276193106
0.3831173612
0.3155349269
0.6042708699
0.5673784859
0.4107498077
0.5098003522
0.6026726021
0.3672415398
0.58396914
0.294843378
0.9731623976
0.6683925094
0.5520111477
0.2879133508
0.5587783431
0.9950404386
0.3279714523
1
0.787932549
0.3089298086
0.6446306368
0.4597532232
0.6015310637
0.3873085163
0.2949433933
0.3474416132
0.2878778996
0.971386412
0.2896047258
0.4907641552
0.7321703974
0.8157073486
0.8070539633
0.6428123997
0.2883432014
0.2897910309
0.2986252649
0.4444156586
0.7080312038
0.3363377787
0.3004093372
0.6353034125
0.5823751188
0.3028235105
0.6031292376
0.6704185603
0.6883342445
0.6695183329
0.3643315439
0.361168357
0.338476986
0.2886478143
0.4251360807
0.2937423628
0.911349759
0.6989913282
0.4369170101
0.835328009
0.2930299233
0.6934502011
0.5260850107
0.7572073847
0.3608700401
0.3819566592
0.3034771441
0.310130537
0.5484111286
0.3364624674
0.4937659191
0.7027469647
0.2919275699
0.8307310171
0.6216231495
0.3547252834
0.3783458261
0.2974316372
0.2996927777
0.2883432014
0.8605071471
0.4094703063
0.8688126113
0.4839441765
0.7356054076
0.2908171919
0.2944017659
0.8014029843
0.6072393301
0.5574232138
0.3714540476
0.4905501547
0.3414366799
0.9257908449
0.5392186992
0.9253931769
0.7502767594
0.9926479761
0.9166994797
0.2878015511
0.7130747853
0.4226681743
0.2987483347
0.3481260769
0.5646595287
0.2995008686
0.3706671827
0.5805540777
0.376077676
0.8985857112
0.5504353153
0.3038460531
0.479079319
0.5283024324
0.3168981102
0.2876899111
0.525420514
0.9882412698
0.5168142406
0.6992125297
0.3305233175
0.4051207204
0.6104362875
0.3708243109
0.4581184306
0.2882979466
0.2882542679
0.2884059926
0.5805540777
0.3326643565
0.3622165048
0.847409356
0.4209687243
0.8539282975
0.2991215789
0.357330553
0.466544561
0.3116308924
0.4276193106
0.7300175037
0.2880953204
0.2908838065
0.6104362875
0.8051118377
0.4929071836
0.5311905371
0.7078114559
0.2885931084
0.2918509162
0.3653983716
0.5434724919
0.8961614107
0.505440204
0.2881716403
0.3950288448
0.6355311454
0.2876714784
0.881287514
0.5032672556
0.2882832119
0.2931601559
0.3767233446
0.8116868058
0.6357588675
0.289476878
0.327857168
0.2881716403
0.2886294041
0.3126263248
