0.8354786485
0.6447304658
0.3614409561
0.500307991
0.6643009159
0.487025275
0.7842346913
0.2929417889
0.3341331592
0.4218727337
0.3309706135
0.2994370558
0.7478630896
0.7411383607
0.3892646424
0.4291170089
0.6046104582
0.3722714913
0.4000608145
0.3318124615
0.5402869716
0.6830301659
0.3617419641
0.28777606
0.2912201029
0.6694475769
0.3016772131
0.3201545243
0.5898539849
0.2905690377
0.7615615296
0.6343310349
0.4396252813
0.2945821238
0.6852465883
0.2928450377
0.2887267262
0.5221159374
0.8885357986
0.2897455765
0.2898169973
0.4300796437
0.5214556316
0.689007348
0.8583663095
0.5175011424
0.346091947
0.2871114733
0.2920501489
0.3858706763
0.5864517875
0.3164568258
0.8655716954
0.8615693081
1
0.3991751189
0.3358762783
0.400415816
0.9671561433
0.2934357413
0.3215384513
0.3873924865
0.5615814457
0.3624966894
0.3451408259
0.3906345443
0.950738741
0.2871878432
0.3539379498
0.3467753943
0.6218653593
0.5296226162
0.5717349381
0.3674008175
0.4601032321
0.4119889058
0.7901764384
0.7159152893
0.3247176084
0.5380592758
0.3367583027
0.2861792629
0.6521708921
0.8338561647
0.2888798388
0.9277113347
0.2867867304
0.9529435617
0.9955387304
0.6925383512
0.5751265727
0.3255038677
0.6109693674
0.3262974177
0.6254944808
0.392011406
0.3315712085
0.2890054382
0.5144344152
0.6810328012
0.4368776024
0.4231975373
0.5102855789
0.3322967041
0.2918702768
0.7974237844
0.3106502267
0.4513752833
0.3073300211
0.3764453903
0.7818419448
0.793321525
0.5882660803
0.2868660973
0.3055135572
0.3714780433
0.6739121329
0.3462283653
0.2899254193
0.4754201658
0.3711615048
0.4501681658
0.5801063012
0.2901469077
0.8570086498
0.5957545951
0.5271894335
0.7699483866
0.429309363
0.433368622
0.7461868362
0.4906471581
0.2983805237
0.4054287282
0.9961712224
0.6105151898
0.2889109796
0.3290731673
0.2943675978
0.7613557677
0.3324181261
0.7866183179
0.9297200504
0.2878002763
0.8612335775
0.3277904112
0.3186929159
0.382854239
0.2864442263
0.3393165205
0.3210031368
0.2935365693
0.8139091257
0.3700574166
0.625721236
0.3754750893
0.287037886
0.6134671725
0.4295018036
0.2861033181
0.6205039819
0.3643208237
0.5715089441
0.3304927525
0.6940804776
0.2904907413
0.2861556946
0.3372654344
0.2931373313
0.654871631
0.7089699947
0.436290903
0.3192114822
0.4754201658
0.2866972367
0.4964312439
0.4764677525
0.3111041902
0.3163569581
0.2898891065
0.9361901992
0.2863002356
0.8802967262
0.8963716378
0.9220561053
0.4714534922
0.796644669
0.3131484795
0.3797100787
0.9489200644
0.781242345
0.3018958751
0.7430349698
0.6867962439
0.2918702768
0.4048878359
0.3212168081
0.3120239659
0.4107033846
0.6898908881
0.9584978177
0.3455476327
0.9739358719
0.2862920317
0.9675952877
0.4825734101
0.5764840855
0.8680482919
0.3111954574
0.2866687989
0.5249811784
0.3138148767
0.5135596982
0.6195962747
0.5376140976
0.3949601091
0.2863002356
0.4679238198
0.3802037768
0.2919598715
0.8768031389
0.3435258952
0.4849022215
0.3357508429
0.6770309684
0.4866002164
0.7440868705
0.2862394897
0.4256695544
0.321753637
0.5871320874
0.8748795718
0.7472348845
0.976794206
0.2861792629
0.2866007534
0.2861954984
0.4821507377
0.2978682236
0.3672456463
0.5821450755
0.7960596294
0.2896748443
0.7528716571
0.5982519859
0.3918389195
0.3724305404
0.5139969727
0.5089786713
0.3275590952
0.8860751536
0.4787777943
0.2861693119
0.430465301
0.7130987823
0.9000500285
