0.783116817
0.4553600593
0.6203297747
0.3383939392
0.8459560559
0.3952801085
0.297185484
0.8064681695
0.3767925889
0.4269401325
0.3498357641
0.6027529941
0.790735792
0.4356370463
0.3462686133
0.4447044371
0.28784271
0.4629228916
0.7222698457
0.3232215119
0.5767728786
0.2930882278
0.4563762754
0.5731377074
0.6747481563
0.4052013464
0.5279509569
0.507493393
0.6698041153
0.3013450782
0.7845271495
0.2899147193
0.6521872415
0.3133781818
0.309622096
0.3365047168
0.5171271702
0.3031105999
0.3239812625
0.459845043
0.6805748186
0.2994273848
0.3512321791
0.7960929839
0.4755974167
0.4584141946
0.4555631552
0.9340841802
0.9922297529
0.2955900615
0.5103307294
0.3961524572
0.6467434098
0.2915535506
0.6839277891
0.7467126769
0.2988608557
0.9414502057
0.4298194352
0.8031609625
0.8897796603
0.3707333276
0.6146239712
0.3074388958
0.3187188912
0.3213021528
0.7100523274
0.8841101773
0.3091085886
0.8953319254
0.9197807201
0.6305918704
0.4779087046
0.9109835394
0.4401489982
0.3697926295
0.4802274822
0.6921696095
0.406102995
0.2908797287
0.8821946031
0.3713629097
0.754928046
0.2965080068
0.3659209543
0.3840224931
0.2891867664
0.7843258606
0.9950081606
0.4689176192
0.9940952374
0.4561728851
0.2876072152
0.7192275562
0.3578274561
0.9592803353
0.2905502062
0.5469286585
0.3091937703
0.3594457746
0.4409381619
0.2971280965
0.9133950128
0.3780902568
0.3779276343
0.3014137073
0.3337923982
0.4203007638
0.7330652148
0.2925767127
0.3269811144
0.3056772624
0.7063188356
0.4814953744
0.5116428688
0.4423223423
0.2880369138
0.5129566173
0.940006242
0.3713629097
0.2897199294
0.3982570118
0.3147876236
0.4080955331
0.6337812541
0.3126410476
0.3856968575
0.7475589088
0.7774452528
0.9019563665
0.4356370463
0.6054923006
0.7244377796
0.4745493468
0.2889818094
0.8916435246
0.5949942863
0.4705813128
0.3383939392
0.8116797692
0.6038943344
0.3083492174
0.4573943251
0.3331857451
0.2927868335
0.3201536468
0.2880877813
0.5895215101
0.3348935258
0.2876624979
0.6426546829
0.2879658692
0.297013829
0.7758160456
0.2927444651
0.2882724552
0.2891168768
0.3104908107
0.2904232549
0.7986553029
0.2928293739
0.5428909792
0.3795591577
0.8804274462
0.2888530269
0.9783121064
0.6198733985
0.9631197768
0.3654615899
0.5505252499
0.6118845806
0.310754555
0.8078241899
0.5206510015
0.6476513606
0.5530017904
0.2876993509
0.3517945136
0.3356341247
0.5977320586
0.2881553071
0.2878072675
0.6453810262
0.3380135218
0.51888777
0.6747481563
0.8794590405
0.9193705092
0.5835981658
0.3346478161
0.2918175404
0.5658797917
0.4055617006
0.4499047612
0.3034761185
0.6280846935
0.799245012
0.8058859836
0.28953367
0.3230058084
0.6801272711
0.4806498714
0.287751995
0.3167219938
0.3776027436
0.2900884667
0.2916281123
0.2877593649
0.9079666187
0.443313475
0.2876879442
1
0.3225762291
0.3358821454
0.4204888953
0.4000224793
0.7356391606
0.287600897
0.5527765241
0.2893312553
0.3072754915
0.8766980541
0.2882571989
0.3074388958
0.547377854
0.6530936034
0.9679365484
0.3116441068
0.5319498446
0.8389465565
0.5500753034
0.8389465565
0.3170175548
0.2876452993
0.6141674248
0.3769543827
0.3938899607
0.3350165977
0.967842846
0.3045214921
0.415813852
0.341483252
0.3023210057
0.9680301431
0.6219269389
0.2876672363
0.3439864118
0.8608101855
0.3797229558
0.4831892547
0.5263990111
0.7124621841
0.7294073708
0.2880877813
0.2876772393
0.9439417148
