0.2872753875
0.5293052274
0.3418796616
0.383278343
0.3357050335
0.6962255905
0.3052639607
0.2936567657
0.646237647
0.4901229038
0.3028569858
0.487778769
0.29508915
0.4643171042
0.2888558442
0.9255119729
0.7440527587
0.8852009373
0.4187730827
0.9017185539
0.371883112
0.4500738038
0.5071413926
0.4248175768
0.8472085263
0.774793449
0.365172642
0.4841692152
0.6138395652
0.3668677315
0.5008583147
0.6769686571
0.8484303504
0.316932881
0.8964355403
0.308340433
0.6133853422
0.4959041145
0.3469946468
0.7762062203
0.6880651061
0.2864209373
0.5664495287
0.6260962215
0.308168513
0.5845497506
0.5511493437
0.4657602466
0.697324784
0.2869837546
0.2892348031
0.9953869642
0.8030374445
0.573226931
0.429411033
0.8577214761
0.3218298354
0.297875463
0.5180625571
0.815797388
0.5156508392
0.3247945087
0.3758870503
0.7240637795
0.7816273371
0.338238436
0.328799411
0.3245711529
0.9340030764
0.2887350537
0.3076565969
0.2961708829
0.6117954701
0.2970677287
0.4746955961
0.3410901965
0.8728261431
0.5242230141
0.6999592328
0.3695166591
0.9630311634
0.7049939125
0.4178371023
0.2906378509
0.6249621368
0.2955372088
0.3289164937
1
0.9123325138
0.2892675053
0.4387460142
0.8049618863
0.379307225
0.3353299199
0.3147574493
0.8473833147
0.3627338949
0.3752414412
0.3008886014
0.2904819078
0.2875670859
0.5850032266
0.3278680393
0.3333510448
0.3720418393
0.3723596535
0.2996430545
0.762975559
0.2923480459
0.2911221519
0.755958051
0.4502747757
0.4466688713
0.6208778968
0.2872753875
0.486290518
0.2930598062
0.4307602481
0.2946518874
0.4786808247
0.6633374679
0.4532982986
0.4770001526
0.2868091065
0.6439798395
0.7518003867
0.8287820594
0.286359832
0.3762105608
0.5222395861
0.6161104705
0.2865012399
0.9181745387
0.9115031431
0.6281370449
0.7130506667
0.441307
0.3246827561
0.2949788215
0.3119125994
0.88582094
0.4563383397
0.6029363702
0.2992397881
0.428066059
0.6829700605
0.3068995547
0.3276366685
0.3001900194
0.9624694921
0.3874842297
0.2924407329
0.3931416712
0.482476279
0.5936252406
0.428066059
0.8354964995
0.9103919373
0.452288604
0.3249064107
0.8456318097
0.3501857668
0.9094146016
0.3001210697
0.8816080612
0.360028751
0.2876115373
0.4060666643
0.9771007138
0.8163612595
0.7455239815
0.3591361711
0.3943568871
0.3659412833
0.7058674857
0.5108425168
0.6911582203
0.3349560899
0.9481695206
0.5682554282
0.4024709596
0.7381431223
0.3844489274
0.4730242608
0.6174728186
0.294172895
0.3690466375
0.2880428453
0.2871608055
0.535294565
0.7206206767
0.81012314
0.8365753884
0.8742813626
0.3630369879
0.4929016643
0.4494713397
0.3275212044
0.762564561
0.3025578262
0.3111778666
0.7842213198
0.5542912702
0.9700648515
0.4559320598
0.5379640432
0.7358108707
0.5772997002
0.2866555374
0.3141772082
0.6063437884
0.2882525753
0.4234874232
0.9728025823
0.71326766
0.3545982272
0.4028287095
0.7772135164
0.286359832
0.4299887509
0.338110423
0.3410901965
0.5248848276
0.346583668
0.6583994369
0.2869178081
0.3080827931
0.2871608055
0.5983936653
0.4387460142
0.3533041458
0.9447458173
0.3985627954
0.2900305735
0.2861710737
0.7792235098
0.985930788
0.3254681578
0.451482179
0.7415248644
0.8030374445
0.6024820632
0.2876795168
0.2870350424
0.2938098248
0.5628411008
0.3139850432
0.3929684976
0.3564861119
0.2907168525
0.3001210697
0.4169034488
0.7036824157
0.5938522626
0.5156508392
0.6238278567
