0.3010551342
0.4966574744
0.5551078439
0.7506670024
0.3597836904
0.3497634891
0.3447345835
0.4415015996
0.7661759036
0.749608581
0.5901184489
0.3474295124
0.3761581715
0.2967681552
0.9953097037
0.2914114966
0.4098948414
0.7372391785
0.292885118
0.3411849005
0.2896324687
0.5315469559
0.594231166
0.4480704482
0.9180497995
0.6287653468
0.2935520619
0.3450015811
0.2886389596
0.7752521451
0.2882881649
0.5483433028
0.3996529033
0.4472695895
0.5607619003
0.5956025982
0.6809335589
0.6878753319
0.493428188
0.5373493038
0.4577767813
0.336488338
0.8877815891
0.931512074
0.6010903905
0.3315151493
0.8207086701
0.6533786238
0.3541205191
0.2932967818
0.4214034601
0.2980636073
0.2970421318
0.7071936627
0.288325098
0.3813713837
0.7428046135
0.6513337072
0.4128290154
0.3774500875
0.4016032051
0.657464169
0.2891679331
0.5972028887
0.371697228
0.2883778566
0.3718549046
0.8454677715
0.2882448982
0.2893386753
0.7721706214
0.9733503333
0.3966640686
0.5580461485
0.7255792517
0.6045215058
0.4506818831
0.4821188368
0.8968201092
0.6438246784
0.361715582
0.2921876806
0.3228497659
0.8749865581
0.2917538966
0.411358755
0.8733279854
0.6164183107
0.3096106519
0.538915343
0.4659948825
0.4711876033
0.8074441666
0.8825038219
0.505761606
0.2910864725
0.3213708546
0.2940812279
0.7615963432
0.5782551777
0.4616661919
0.4039244487
0.3460751279
0.6719373055
0.5259904488
0.3718549046
0.3310431594
0.3665632534
0.2970974373
0.9466998726
0.6264800899
0.2883636121
0.8776222434
0.3316335159
0.3116962101
0.8704886514
0.4458711323
0.290961333
0.2912794006
1
0.4567576183
0.9551985424
0.717078612
0.5956025982
0.5290992522
0.9450489202
0.9967995539
0.5933170148
0.3167252092
0.7240582446
0.2978318635
0.6894388799
0.2977170084
0.7244930342
0.2995732908
0.9696655409
0.3159510298
0.2918957168
0.4670300382
0.3112540747
0.5814460192
0.6809335589
0.3684144885
0.3395124769
0.5812180173
0.444078864
0.4522954142
0.4616661919
0.378424031
0.4816952866
0.4041037331
0.358019885
0.292607232
0.3096106519
0.3938794747
0.3039158956
0.3536932268
0.3064993391
0.3362400668
0.3000148833
0.3057197605
0.4508833057
0.3390027228
0.3015237268
0.4840277889
0.844568727
0.2883636121
0.3117851186
0.6813822478
0.4929985355
0.7717587532
0.3063421115
0.28822643
0.3797292575
0.3231705872
0.2897457071
0.8527647836
0.2882835921
0.7264474426
0.6771152787
0.7813748962
0.2882598483
0.9167902798
0.2882401493
0.2944477668
0.3013890073
0.8887307275
0.2884248088
0.3151869372
0.3261196945
0.4895692755
0.7091769061
0.7622224172
0.2956132656
0.345269135
0.6739650668
0.2884780882
0.3003353486
0.9285030223
0.8418597816
0.8078333415
0.8037333398
0.4157883601
0.349486854
0.5716545854
0.9917671073
0.5237744527
0.3050321847
0.4940730754
0.469729402
0.4280604755
0.8592330648
0.2910549266
0.4831787671
0.7529909639
0.8977376143
0.5940026176
0.407348427
0.3347626073
0.5107838161
0.5798502744
0.6887689718
0.3541205191
0.294217391
0.8142145987
0.2896324687
0.4210264723
0.3777742598
0.7868383028
0.2882749741
0.3281470254
0.614130575
0.2894396627
0.95885749
0.288325098
0.6918928129
0.9052538659
0.9359896925
0.9432577019
0.4821188368
0.2882475365
0.4261470615
0.3642746899
0.4430859804
0.2883136665
0.3843565737
0.358019885
0.3923254158
0.5373493038
0.3055658146
0.777707753
0.4042831208
0.3650343816
0.4923544679
0.3682595313
0.2882301236
