0.2992036934
0.7298438342
0.4617883948
0.3444461794
0.5568448887
0.5870895642
0.3236509751
0.3368506631
0.7585673378
0.6147535944
0.7866401736
0.3424371878
0.4116660449
0.2947118023
0.8123425414
0.4291658898
0.8636784294
0.8715463342
0.296149839
0.2950473539
0.4101982989
0.3941263041
0.2862223235
0.396922782
0.4617883948
0.3568408345
0.6079498289
0.6288004932
0.75897931
0.4494138689
0.987811063
0.4564814469
0.6143000938
0.3226601336
0.9031316968
0.7774794802
0.8087453052
0.7120051336
0.2918733611
0.3342168086
0.2969390174
0.7858489065
0.6868353541
0.4157339011
0.5830134887
0.3087562336
0.6450647027
0.3160676451
0.8471863126
0.4591290217
0.2861970533
0.4807141772
0.4189083939
0.4253366067
0.5241151986
0.8205732574
0.31697229
0.5170838038
0.2901725082
0.2876977288
0.4821911012
0.8438656311
0.2973756506
0.3503743551
0.6877185813
0.2964500248
0.5662950468
0.2867583817
0.2910741472
0.319550423
0.2986019171
0.2861970533
0.8663230276
0.3972742339
0.285924083
0.918424133
0.2889091832
0.3311634401
0.3580179464
0.314978959
0.950413863
0.3128579808
0.4334178966
0.5889019927
0.5972894772
0.6773095339
0.2857563489
0.3983310928
0.5796190914
0.4020593857
0.5907148664
0.4464127787
0.4874886371
0.316367806
0.3724497998
0.9425748386
0.3072902798
0.5907148664
0.507266196
0.5382871915
0.6813038432
0.8918382432
0.5474322285
0.3453942269
0.7332469356
0.5177413069
0.3802303238
0.8569721867
0.3578703586
0.3600975705
0.407463042
0.6407795482
0.2870587408
0.6358112917
0.8340916039
0.3012337389
0.3855645677
0.8768397023
0.4105646558
0.4526336356
0.4367313906
0.4706658093
0.3904972818
0.334962944
0.4860017922
0.2860600571
0.3150771561
0.6303844906
0.2871898178
0.4382989146
0.2865969235
0.3021141913
0.4112985296
0.700902427
0.3019658117
0.7622669899
0.7435916741
0.2992713852
0.2859015927
0.2920119324
0.9418973487
0.5418504058
0.8273841778
0.2861970533
0.7000274447
0.3711794519
0.9847266131
0.6746415227
0.4345846257
0.3087562336
0.7230020981
0.4826136002
0.7130881014
0.5164266616
0.9331178609
0.4938908598
0.9684729777
0.5823344272
0.3037894484
0.3320093161
0.325896135
0.4071000083
0.4530374351
0.2879942487
0.287280671
0.9828084092
0.3566942737
0.3237618173
0.2905313483
0.2859826594
0.7939101912
0.5723864189
0.2863023113
0.3718136694
0.9086393757
0.7279243238
0.8684556395
0.9028453682
0.2868936882
0.2864035478
0.9255577397
0.525879053
0.5074834125
0.2857514663
0.3688182781
0.286649179
0.9378716546
0.3776069684
0.3424371878
0.2862352197
0.3357142036
0.9849065465
0.2858806709
0.2898275535
0.7000274447
0.8286611631
0.3329846824
0.7844617268
0.2906952848
0.5201551928
0.5365084276
0.2934817532
0.8319277126
0.2871234987
0.2865462324
0.3390284543
0.3421716558
0.9041308739
0.4338064721
0.6310631929
0.3464858549
0.2873038177
0.7421211806
0.5409589083
0.6486687482
0.3602470681
0.328200534
0.3425701603
0.5291924174
0.4043899022
0.4276299904
0.7015582774
0.4973245824
0.2929748461
0.8155392458
0.6437120984
0.396747213
0.4462133154
0.286529683
0.2859399479
0.4083723486
0.4414494853
0.345530206
0.3296113639
0.3540782863
0.2857551283
0.2935851664
0.2867029985
0.9603990514
0.327967445
0.7788820422
0.5626910496
0.4314800668
0.6263104034
0.8785828968
0.9440299985
0.6054547177
0.8566333553
1
0.3944743845
0.6930069618
0.3475861293
0.5340658505
0.3910128083
0.3062833346
0.5572941063
