0.3956845643
0.2888221261
0.2872821848
0.3884430833
0.5055596294
0.2997845917
0.3735924118
0.3318179385
0.9530127555
0.698218326
0.3061549661
0.8989055488
0.3753569806
0.34242566
0.5777682133
0.7569576539
0.4384637994
0.2938736427
0.6239151336
0.3049566887
0.3209533961
0.331577696
0.7021750087
0.6878343081
0.5948006735
0.7559183402
0.7469249242
0.4394467128
0.3008776102
0.7297290948
0.9272467978
0.9019932341
0.7183118419
0.6270961276
0.6343604649
0.7329373893
0.3196927856
0.3343754854
0.7226347455
0.7780513856
0.4428037766
0.5818511018
0.5241769165
0.745030332
0.3395508819
0.2932859415
0.2866281028
0.3429555861
0.2902061801
0.2866849479
0.8041268033
0.8468064521
0.4977725602
0.5693891329
0.2868974248
0.523073628
0.5348142907
0.4752442388
0.395859298
0.300121599
0.2926313195
0.2875825541
0.4889841686
0.2885028637
0.5213103522
0.286851087
0.3193810749
0.4215124675
0.2967614683
0.3417663742
0.5932090963
0.2866849479
0.2877146172
0.6038992888
0.2872973895
0.6011691999
0.5235148299
0.7672741729
0.5151588726
0.3589682435
0.3859037602
0.9881671465
0.6450083065
0.3209533961
0.5608070082
0.3403282037
0.3967345594
0.332784719
0.3879332158
0.6139099876
0.778454764
0.7107065081
0.8602799694
0.4495864214
0.3274682476
0.4260683485
0.4526069258
0.291381968
0.4546299054
0.8413148166
0.3724770274
0.4196296572
0.2875463901
0.3503241043
0.2993197617
0.3135335358
0.3542992579
0.4748254873
0.286801249
0.8658282303
0.4308685168
0.73847321
0.5450787025
0.6000317588
0.2924056396
0.316241222
0.5217509397
0.8830160321
0.744397881
0.2975421602
0.3407187561
0.6175492879
0.414592618
0.2890198987
0.4860040941
0.307978313
0.8317511701
0.3436211067
0.4234044297
0.7602742185
0.2868783655
0.4198175234
0.5430655366
0.3810662635
0.8275337851
0.3478239151
0.6791645417
0.5475422632
0.4437955528
0.2952854277
0.8629815097
0.9708456393
0.8544682847
0.299057806
0.2959525086
0.2942277823
0.5426184774
0.3019407843
0.3160437588
0.3554540116
0.9698073378
0.512095319
0.292861272
0.3545871602
0.5408313978
0.7689115784
0.3648361004
0.3879332158
0.9572605103
0.3399389115
0.5982120125
0.9429565922
0.5748219761
0.2938237313
0.3731136707
0.3020129823
0.3265543189
0.2924056396
0.2885543383
0.4758728326
0.3739121704
0.5745954374
0.9872613546
0.3715256706
0.9184310762
0.3636167756
0.4302896169
0.4849424569
0.9076176353
0.8686503674
0.7582030226
0.9560356225
0.3991993195
0.6650704549
0.4792346703
1
0.7293005348
0.4027558122
0.2870147433
0.363920855
0.9339047578
0.2867041869
0.3143904914
0.6474957729
0.3857353656
0.2870504075
0.5879818431
0.2872522988
0.313912836
0.3288569116
0.4087130687
0.3008776102
0.8674913011
0.5423949908
0.4762922048
0.5145016946
0.3718423074
0.5173521768
0.6628243078
0.6700037113
0.6933669189
0.2866396471
0.7135371791
0.2867382912
0.6526902864
0.2877539174
0.8072086096
0.4599236384
0.2970583759
0.3041781717
0.2914226486
0.3970854051
0.2958396397
0.4866417571
0.9088951251
0.8691458245
0.3848950788
0.9950889057
0.494976424
0.3267819099
0.9732901684
0.6447820789
0.2997176885
0.2876952284
0.2870750567
0.3988459522
0.536594767
0.3188646257
0.6771575186
0.3403282037
0.3853989134
0.4652649316
0.6481738332
0.8863036089
0.8366504538
0.823834139
0.2871397355
0.2882321736
0.8549849285
0.351873369
0.7391098556
0.2868171626
0.8093170257
0.4660907675
0.4312548816
0.5031735894
