0.4138766208
0.3117846206
0.3576627231
0.4566870884
0.4365298354
0.54220345
0.5554341527
0.3024674321
0.9247160018
0.3752180583
0.3201293885
0.2878311172
0.8879074548
0.3146974892
0.3411306475
0.603024727
0.2898458418
0.5800701622
0.2970161422
0.2897465356
0.6398390096
0.4406548363
0.6411981539
0.2878108564
0.3802643089
0.3695010933
0.7505363374
0.6173582015
0.3196075425
0.6364390835
0.3345185523
0.6373460078
0.5628703128
0.2988806827
0.4881603391
0.3537458533
0.286711095
0.5246493791
0.303736775
0.840471412
0.2868340471
0.4428298439
0.3018865217
0.4245689479
0.8156390298
0.8653785892
0.3317172712
0.3832455352
0.390858598
0.3460658369
0.3898305392
0.8433218472
0.6387060205
0.2885713252
0.993422725
0.4410495689
0.5206804133
0.7654727206
0.5019040921
0.39327266
0.4289671371
0.3215040582
0.8653785892
0.5029865705
0.2970161422
0.2869340736
0.6046174384
0.2872115277
0.3178619751
0.8973246243
0.6071203604
0.5138751464
0.4101977495
0.3270293461
0.6673535711
0.3020307614
0.3287597302
0.7061613904
0.3045833219
0.3829124569
0.2903298221
0.9955869349
0.6522773577
0.2895208719
0.6995796924
0.9556802011
0.3707580189
0.4091016933
0.7250476179
0.6742942391
0.6639867512
0.6303126005
0.4183418185
0.2873143023
0.6796502445
0.5228838639
0.286654597
0.8201530922
0.6050725095
0.9386785386
0.5850635816
0.2876550401
0.3015288072
0.8085989066
0.9418546998
0.4585206348
0.2943994348
0.9459731598
0.4153589558
0.5639989345
0.8999923279
0.9552668102
0.3224708131
0.7312706482
0.7448634125
0.2951939906
0.2904379321
0.4765300346
0.2918560749
0.3564922649
0.2869143141
0.7218140327
0.864039891
0.2877121647
0.8214617839
0.7780971886
0.3126146978
0.491362173
0.3562009484
0.2950858473
0.7480197052
0.3060919633
0.5952905001
0.2877511188
0.818840814
0.2960266218
0.7855199992
0.2869975453
0.4870958206
0.4148023645
0.5348457746
0.4849710049
0.6809867201
0.7701825167
0.343108611
0.3237788886
0.60120459
0.8838543998
0.3849177371
0.50147144
0.2881103487
0.376347677
0.6686988033
0.8874429013
0.3976358723
0.8914419272
0.375701471
0.713796659
0.3010349399
0.5324008751
0.7920672184
0.2882967967
0.2878721612
0.5909707117
0.2895844826
0.4742257442
0.7916724209
0.7397896074
1
0.3314773056
0.4556709704
0.4268578103
0.2889511079
0.5295167002
0.4675660816
0.3341488358
0.4091016933
0.287269209
0.3548964781
0.3412615379
0.3564922649
0.493717915
0.5886980935
0.2873929473
0.479894992
0.9211630646
0.3080811811
0.2934478415
0.5606145345
0.2873296824
0.8370603982
0.4054739424
0.9461980415
0.7218140327
0.5364036715
0.2936430729
0.9532801852
0.402421997
0.3302862294
0.4900799631
0.4255210795
0.3126146978
0.3710734649
0.7419071974
0.2899129098
0.9745759271
0.5297383529
0.6359855489
0.7918698523
0.6173582015
0.5716854029
0.2868859855
0.8266603396
0.4634380409
0.2871566391
0.5846094294
0.3140265387
0.5509392192
0.7172706786
0.8487865911
0.7157520947
0.2886498439
0.3268011472
0.5049380479
0.4740166378
0.4560772004
0.3734546953
0.2866449762
0.643688603
0.6876530642
0.9883441899
0.9165873903
0.2873768694
0.3285270909
0.4174070866
0.5288519523
0.3850855792
0.2896165473
0.3307609072
0.418154685
0.3750571577
0.6986996588
0.8292376499
0.3002071702
0.8240683386
0.4988796556
0.9817818063
0.3178619751
0.969251499
0.2884439336
0.4148023645
0.5678396962
0.3090238938
0.2866817096
0.5372945976
0.2869442154
