0.3797701485
0.3303541878
0.3042872037
0.3981902849
1
0.4373576967
0.4399109562
0.5401161514
0.2894507008
0.4960797604
0.8274581467
0.3195789911
0.5690517852
0.5751485556
0.2915373942
0.4862575004
0.5450228798
0.3881391334
0.5332262569
0.5421218129
0.3028929687
0.4732069187
0.2918994549
0.287992172
0.5975696702
0.3498437153
0.3551223688
0.827823411
0.5957554111
0.3513942203
0.3014057857
0.5832920039
0.3461064182
0.5844241097
0.2918079173
0.2861860366
0.6392566003
0.287021202
0.286860301
0.3138407666
0.5416759108
0.6161690785
0.4504582708
0.4807571535
0.384422212
0.8553511688
0.3239017634
0.2865066897
0.6572684183
0.2874478469
0.3446120122
0.5323394346
0.2904361562
0.7125021358
0.3370077693
0.7573977898
0.3936401695
0.5149407819
0.8364980197
0.3274165611
0.9016328277
0.3546876908
0.9914557389
0.7048954978
0.952374254
0.428819729
0.3122268883
0.3542541833
0.4761337952
0.411519026
0.293050971
0.727562297
0.5499425574
0.2918994549
0.7007463782
0.3857676016
0.2962360228
0.3006157754
0.8097668169
0.9800580176
0.4446601324
0.3002632575
0.525043771
0.3981902849
0.5826128528
0.332769725
0.6948275633
0.3494236394
0.4263287584
0.7608984276
0.6073236431
0.298961306
0.2857770127
0.9816017314
0.4990908805
0.2894864565
0.9736895718
0.3728019062
0.8296451826
0.3645166497
0.4383380989
0.942546438
0.3531039033
0.4801250039
0.6866758515
0.2947936592
0.5508383487
0.763359651
0.3332597525
0.3176107043
0.3035061246
0.2864291525
0.2864141669
0.3380287727
0.4213915813
0.6120870935
0.3203180228
0.3822512694
0.7459640657
0.4534820651
0.2860552978
0.4230937679
0.5672474485
0.3166976654
0.3456972237
0.2881905673
0.6157155875
0.8935651279
0.7183361189
0.52460284
0.8265436635
0.5145034228
0.9070411833
0.2861625052
0.6068699471
0.5848770151
0.7647915632
0.8005823128
0.2944631297
0.6864549133
0.3492838806
0.8063414279
0.3662080471
0.3688512508
0.9842075468
0.6363200989
0.2975918822
0.8750040931
0.8589065772
0.6689072794
0.293050971
0.3917367086
0.9372527381
0.5270297426
0.8539870968
0.2890015324
0.7747345853
0.3207436658
0.2895584835
0.7243532074
0.2864596456
0.6733662226
0.9206123812
0.3952071461
0.2914929038
0.9333221149
0.2922251996
0.4430720286
0.430552818
0.2864141669
0.7559516766
0.8878280104
0.8224976368
0.3083478473
0.4835025084
0.3166976654
0.9132678963
0.2884886739
0.2926562594
0.9390027555
0.3932931224
0.4492534268
0.4608053708
0.3632959606
0.8620915691
0.3596819909
0.4332624651
0.3516778508
0.7867105
0.5980232694
0.9101096185
0.298961306
0.745754695
0.5023277457
0.2860856311
0.8329051387
0.2895584835
0.4263287584
0.2874963976
0.4824454491
0.3019188568
0.623195397
0.8575564686
0.294849337
0.3651299736
0.3866120887
0.312602555
0.2968423024
0.8283707396
0.3201061113
0.3513942203
0.621382727
0.6139014563
0.7059851005
0.6238750282
0.6568195663
0.7029318126
0.9395809849
0.6059625478
0.3179178152
0.622062531
0.8051945874
0.2970894934
0.4518673108
0.2857848605
0.4958650563
0.7131518521
0.7440778715
0.4446601324
0.2883673592
0.819904141
0.4542911948
0.3518198639
0.3931197589
0.4788622946
0.9248767261
0.5589169888
0.2911001695
0.2861860366
0.3361217964
0.3149090676
0.3646697949
0.3501244313
0.4835025084
0.3580499535
0.3057339666
0.3883093556
0.3070638274
0.6882215244
0.4076811505
0.4907276188
0.4251840716
0.3557037559
0.6457985174
0.8780287346
0.6552479368
