-6.4618e+00, 1.8104e+00
 1.2114e+01,-7.7248e-01
 1.9624e+00, 1.2256e+01
 7.1476e+00, 9.7052e+00
-6.6853e+00,-9.3448e+00
-1.1248e+01,-1.2348e+01
-1.2153e+01, 6.5991e+00
-3.1036e+00,-1.2390e+01
 6.6693e-01, 9.0155e+00
-1.2335e+01,-6.8807e+00
-3.6848e+00,-1.5555e+01
 1.2725e+01,-9.9011e+00
-4.9564e+00,-2.5650e+00
 1.0263e+01, 3.9935e+00
-1.1086e+01, 1.3439e+01
 5.3122e+00,-2.3415e+00
-2.0366e+00, 2.1463e-01
 2.2191e+00,-1.3881e+01
 4.9556e+00,-1.0793e+01
-1.0440e+01,-8.5942e+00
-1.0879e+01,-5.0062e+00
 5.0926e-01,-1.5808e+01
 8.3378e+00,-7.0094e+00
 2.1770e+00, 1.3770e+01
 7.2648e+00,-1.5007e+01
-6.8806e+00,-1.4178e+00
 5.6805e+00,-8.6370e+00
-5.9311e+00,-4.3502e+00
 2.7878e+00,-9.7447e+00
 8.1510e+00, 4.6110e+00
 6.3974e+00, 1.8685e+00
 3.0556e+00, 1.0938e+01
 1.0450e+01,-2.0794e+00
-1.0310e+01, 3.9946e+00
-1.3946e+01, 2.2269e+00
-7.1367e-01, 1.0348e+01
 5.3440e+00, 6.1352e+00
 4.1862e+00, 7.4319e+00
-7.1510e+00, 3.8494e+00
 1.7291e+01, 5.7345e-01
 1.6521e-01, 1.1706e+01
-9.6247e+00, 7.8001e+00
-1.4252e+01, 4.9658e+00
-1.5287e+01, 5.2763e-01
-1.3387e-01,-9.9959e+00
-1.3158e+00, 5.2999e+00
 4.1857e-01,-8.8865e-02
 1.1444e+01, 7.7718e+00
 9.3429e-01,-1.2442e+01
 1.3559e+01, 7.5180e+00
 5.7733e+00, 1.1783e+01
 2.3001e+00, 1.7256e+01
 4.1755e+00, 2.5725e+00
 2.2925e+00,-5.1906e+00
 1.5868e+01,-4.3933e+00
-6.3486e+00, 1.3678e+01
 1.1816e+01,-3.0961e+00
 1.5279e+01,-2.2521e+00
-1.5510e+01, 6.5337e+00
-4.1294e+00, 1.4244e+00
-5.5135e+00, 1.5405e+01
-1.2163e+01, 1.1827e+01
 3.7085e+00,-6.8475e+00
 1.1803e+01,-1.2101e+01
-2.2777e+00, 9.4159e+00
 1.0170e+01,-1.0376e+01
-1.1654e+01,-3.3438e+00
 1.0054e+01, 9.8388e-01
 1.6135e+01,-6.3092e+00
-1.7030e+01, 2.7785e+00
 8.6410e+00, 1.4434e+01
-1.5330e+00,-5.1016e+00
 6.9905e+00,-5.8570e+00
-5.4564e+00,-6.3212e+00
-1.1247e+00,-3.4107e+00
 3.3370e+00, 1.4874e+01
 9.1864e+00, 1.0472e+01
-1.2540e+01, 4.4095e+00
 1.3657e+01, 4.1042e+00
-6.3487e+00, 1.1813e+01
-1.0887e+01, 8.6742e+00
 1.2724e+01, 5.3909e+00
 1.1699e+00,-8.0964e+00
 8.1735e+00,-2.7920e+00
-8.4116e+00,-8.7321e+00
-5.4828e+00, 4.9955e+00
 2.9814e+00,-1.1725e+01
-8.0376e+00, 1.2344e+01
-1.4106e+01, 7.9332e+00
 3.8904e+00, 5.3408e+00
-2.6928e+00,-3.6307e+00
-8.3611e+00,-7.9274e-01
-1.2255e+01, 1.5656e-01
 1.4591e+01,-8.3987e+00
-2.1399e+00, 1.5054e+01
-4.9383e+00,-1.3442e+01
-5.6440e+00,-8.2361e+00
 8.6857e-01, 3.0934e+00
 1.6593e+01, 5.4029e+00
-9.9910e+00, 1.1558e+01
 8.8039e+00,-1.3154e+01
 1.0557e+01, 1.3678e+01
 7.6472e+00, 6.4810e+00
-1.2724e+01,-8.8369e+00
 5.1771e+00, 6.8180e-01
 1.0614e+01,-4.7946e+00
 1.3900e+01,-4.1789e+00
-6.8200e-01,-1.7322e+01
-3.4125e+00, 1.0913e+01
 1.1016e+01,-8.3144e+00
-7.9125e+00, 1.4186e+01
 8.4423e+00,-7.1263e-01
-7.1611e+00, 8.2275e+00
 1.7452e+00, 1.4976e+00
-1.2350e+00,-1.6031e+00
 6.4154e+00,-1.1499e+01
-8.8549e+00,-4.6197e+00
-1.4906e+00, 7.8411e+00
-8.6729e+00, 9.7090e+00
 1.6191e+01, 2.7947e+00
 1.3907e+01, 1.1416e+00
-7.1637e+00, 1.4270e-01
-1.5781e+01,-1.4093e+00
-1.6795e+01, 2.6362e-01
-1.4365e+01,-3.3412e+00
-4.2016e+00, 1.3509e+01
 5.6967e+00,-1.5316e+01
 4.4641e-02, 1.5289e+01
 6.7563e+00, 1.3220e+01
 1.0192e+01, 6.0081e+00
-9.5029e+00,-1.0034e+01
 5.2325e+00,-1.2732e+01
 1.5192e+01, 8.0557e+00
 1.1735e+01, 1.9157e+00
-7.2599e-01, 1.3248e+01
 7.6225e+00, 1.1291e+01
 2.7313e+00,-1.5348e+01
-4.5911e+00, 1.2003e+01
-8.4511e+00,-6.9606e+00
 5.7291e+00, 3.6660e+00
 2.4801e+00,-1.3287e+00
-6.9600e-01,-7.5967e+00
-7.5251e-01,-1.2421e+01
 7.3672e+00,-1.0056e+01
-4.3597e+00, 1.6713e+01
-5.6431e+00, 6.9620e+00
-8.4222e+00,-1.1235e+01
-8.4381e+00, 1.4557e+00
-1.1937e+01,-1.0593e+01
 7.9797e+00,-4.5617e+00
-4.8188e-01,-1.3904e+01
 6.7414e+00, 7.7031e+00
-4.0134e+00,-8.0375e+00
-7.3019e+00,-1.2483e+01
 2.1877e-03, 1.7685e+00
 1.2603e+01,-7.2761e+00
-1.0496e+01,-2.3237e+00
 4.8280e+00, 1.4116e+01
 4.6262e+00, 1.6708e+01
-5.9199e+00, 9.4049e+00
 8.6832e+00,-1.1247e+01
 6.3638e+00,-3.6473e+00
-1.5667e+01,-6.2022e+00
-1.0096e+01, 1.5396e+00
-1.7101e+01,-3.5042e+00
 6.2349e+00,-3.8779e-01
 1.7116e+00,-3.6046e+00
-1.5271e+01, 3.0046e+00
-3.0754e+00, 6.1862e+00
 1.1569e+01, 1.1439e+01
 9.9871e+00,-6.7645e+00
 1.4436e+01, 2.7014e+00
-5.3425e+00,-1.5860e+01
-1.4147e+01,-9.5520e+00
-9.9730e+00,-5.6521e-01
-8.6628e+00, 4.3823e+00
-9.2953e+00, 1.3343e+01
 3.8498e-02, 1.7035e+01
 9.2529e+00, 8.5047e+00
-2.2509e+00, 3.5297e+00
-3.8299e+00,-4.6819e+00
 4.3937e+00,-5.2460e+00
-2.8825e+00,-5.9512e+00
-9.2969e+00,-1.2501e+01
 4.1832e+00,-8.3299e+00
 7.0523e-02,-4.7143e+00
-3.6153e+00,-1.6645e+00
 1.4706e+00, 5.8325e+00
-8.7056e+00,-1.4723e+01
 1.7082e+01,-1.9708e+00
-1.2974e+01,-4.8669e+00
-7.1916e+00,-1.4959e+01
-1.4409e+01,-7.5983e+00
 6.8137e+00,-1.9831e+00
 8.3695e+00, 8.9007e-01
-1.1937e+01, 2.2801e+00
-8.6231e+00, 6.0294e+00
-1.9751e+00,-1.5389e+01
-3.7600e+00, 1.5274e+01
-1.0342e+01,-6.5727e+00
 6.9181e-01, 7.2007e+00
 3.3996e+00,-1.7093e+01
 6.4211e+00, 1.5076e+01
 1.2255e+01,-4.5960e+00
 1.5248e+01, 4.1965e-01
 1.1548e+01, 9.6577e+00
-1.3759e+01,-9.2247e-01
-1.5623e+01,-4.6799e+00
-3.7428e+00,-9.9427e+00
-4.5351e+00, 8.5554e+00
-4.4155e+00,-1.1559e+01
 3.1429e-01,-2.7680e+00
 4.7334e+00,-8.8424e-01
-1.0610e+01, 5.8760e+00
-1.7165e+00,-9.2584e+00
 2.7366e+00, 3.4412e+00
-3.7807e+00,-1.7073e+01
-1.0342e+01,-1.4052e+01
 2.1829e+00, 7.7086e+00
 4.3571e+00, 9.1461e+00
 4.0683e+00,-1.4502e+01
 2.8238e+00, 1.4674e-01
 1.3667e+01,-2.1681e+00
 4.3563e+00,-3.6047e+00
-5.4290e+00,-9.7725e-01
-3.3067e+00, 4.6207e+00
 9.4914e+00,-8.4052e+00
 7.3055e-01,-6.6316e+00
 1.4042e+01,-6.4024e-01
-1.9249e+00,-1.1412e+01
-8.4279e+00,-2.6583e+00
 7.0591e+00,-7.8973e+00
-1.3692e+01, 1.0312e+01
 1.3548e+01,-5.8629e+00
 1.0135e+01,-1.3891e+01
-1.2555e+01, 8.6576e+00
 9.2094e+00, 1.2275e+01
-3.0170e+00, 7.7205e+00
-1.6078e+01, 4.5927e+00
 1.4909e+01, 5.2616e+00
 1.3614e+01, 1.0656e+01
 8.6861e+00, 2.8452e+00
 5.4078e+00,-6.8855e+00
 8.8121e+00,-1.4774e+01
-7.3306e+00,-5.3074e+00
-2.6689e+00, 1.3067e+01
-1.7293e+01,-1.2733e+00
 2.3079e+00, 9.5110e+00
 7.1150e+00,-1.2953e+01
 4.0220e+00, 1.2097e+01
-1.9366e+00, 1.7425e+00
 1.3092e+00,-1.0809e+01
 5.0344e+00,-1.6749e+01
 1.6129e+00,-1.7410e+01
-6.8364e+00, 5.9177e+00
-1.1543e+01,-1.1927e+00
