0.5228158795
0.4410848442
0.9442272519
0.2886044203
0.3824049231
0.3201680746
0.6533693221
0.3638875348
0.3648056031
0.5201777716
0.5651794736
0.3480076326
0.9812736175
0.2905439548
0.3649590479
0.9342070673
0.7963357418
0.2872892818
0.4198760828
0.4949894243
0.4440546688
1
0.3533687806
0.4984266904
0.7032573496
0.3305580141
0.325545592
0.7422603278
0.9532610958
0.6412135546
0.2899076315
0.3110610813
0.2901411145
0.2867066929
0.8095772874
0.286166522
0.8449471906
0.6916447279
0.4575285622
0.3265722254
0.4116939529
0.8655008845
0.2858236276
0.6247150108
0.3905210444
0.3363431272
0.350946755
0.4183750089
0.8640142423
0.4045966488
0.4267024462
0.9250801864
0.2986878433
0.4796897459
0.3499605301
0.558655347
0.3969480491
0.7851553874
0.7380489233
0.3800863063
0.3932824018
0.295105583
0.6240358149
0.3149578163
0.7549775
0.5168879511
0.445844995
0.345263404
0.8256074021
0.2998437793
0.3233072361
0.3168522324
0.2890012886
0.2865944058
0.6717150475
0.7520762858
0.5714925087
0.7063076062
0.3339664097
0.5699130961
0.592756908
0.3445858034
0.3643460111
0.3727868975
0.4721517722
0.5732984207
0.9193949284
0.3938032083
0.5407540126
0.2861398694
0.4142776327
0.7996285001
0.2879413064
0.5027409567
0.6538185289
0.5195191032
0.4064022097
0.4690346737
0.2866126862
0.8723465829
0.3019997613
0.6147474064
0.3142739554
0.2994303495
0.2869077248
0.4291956409
0.4430627628
0.3281929437
0.2900236018
0.4089466056
0.6387316514
0.7113021437
0.2880846786
0.3373591455
0.2965808077
0.2899461168
0.9686131169
0.8274358879
0.3322481078
0.976921548
0.4542808997
0.3085518124
0.8154176703
0.4738200247
0.2858236276
0.4307371594
0.2859213888
0.2876941229
0.3403302093
0.839489196
0.3614612728
0.2910499377
0.6434682835
0.3794279531
0.6859127017
0.9504733821
0.5559605643
0.3276108089
0.8588410365
0.8009786425
0.5993302662
0.3290140833
0.3315203155
0.9826264054
0.2966419922
0.6641271944
0.2857242856
0.5523723797
0.7426803608
0.2869714177
0.7813819662
0.5823401184
0.4909246657
0.7969182335
0.4202522666
0.8148554893
0.6330849483
0.3713556118
0.9002000973
0.3017037689
0.7244423869
0.2895689824
0.2891390861
0.5663058676
0.2899461168
0.2978361801
0.303908842
0.6885609903
0.9163474001
0.3106039021
0.3169534801
0.2882926517
0.298095243
0.8952261103
0.3625188245
0.2857242856
0.4159483682
0.2872892818
0.8310701098
0.7393144438
0.3359644501
0.2920413789
0.9012107527
0.6407624289
0.4700721141
0.3491203728
0.362973939
0.3700914955
0.4524621943
0.6369255767
0.2858157853
0.3619137568
0.4609989828
0.930573224
0.5423138389
0.4065833121
0.7566305288
0.3068358023
0.5805303312
0.4769586344
0.4512530168
0.5861879176
0.8810784126
0.6916447279
0.9309406904
0.8403746784
0.9510994906
0.2903001964
0.984712358
0.2973892204
0.2870587693
0.5784951273
0.3148596563
0.6522459658
0.2919945254
0.2859116306
0.2856955263
0.3273789826
0.5261210259
0.5203974048
0.6585303209
0.8598486238
0.690323921
0.2859213888
0.6054521381
0.2871034853
0.4894319129
0.3076000992
0.3405920475
0.8479076265
0.3505232923
0.597516626
0.7558044546
0.3219929134
0.492420019
0.285931321
0.9012107527
0.5083775377
0.7711424059
0.7405781716
0.285643234
0.472776899
0.8921004174
0.3797569004
0.285673041
0.7996285001
0.3632779727
0.8620213405
0.3107863007
0.3045411967
0.3812428273
0.3161478073
0.3458079282
0.2879981371
0.331883563
0.4054981851
