0.6325187848
0.3315603799
0.2890622865
0.4231614426
0.8671581962
0.771970851
0.3178083772
0.2872959695
0.5009868396
0.9763358684
0.3152481306
0.3398815981
0.8077601693
0.7122099644
0.3947764579
0.3909751576
0.8327785688
0.3082917858
0.83660851
0.5127407391
0.5983378649
0.7606378526
0.7873352167
0.2874079596
0.4188271742
0.9086798981
0.2895170082
0.6470528079
0.5987937043
0.3460981809
0.7224326828
0.773400647
0.5007704871
0.544438404
0.3860457883
0.2969219572
0.2882092997
0.293388113
0.2970959265
0.3482840323
0.3832001088
0.3923513517
0.997282938
0.4103086993
0.5538727201
0.3505046488
0.7267543035
0.981256616
0.7558481866
0.7130835044
0.2926712695
0.2961302078
0.2914457178
0.3188210774
0.3780964615
0.2883626433
0.5887703647
0.6819408422
0.4095776762
0.8536760776
0.6113329413
0.287392713
0.6624241402
0.8669908123
0.4471277327
0.3106234517
0.3014443948
0.9223902076
0.4497331988
0.2993660651
0.9036084377
0.8802696399
0.4439391166
0.2873387344
0.2914457178
0.3262261869
0.6231849958
0.3252193781
0.426014237
0.6621987503
0.7541754762
0.8954073226
0.3758284437
0.4652162154
0.3338544108
0.5956032121
0.4103086993
0.3010983655
0.4348870582
0.7598069548
0.666027374
0.2946463877
0.9695508163
0.8201483532
0.9155841184
0.3330031286
0.3243346614
0.2882278566
0.2910716592
0.4046850546
0.5500485175
0.640700718
0.3956476951
0.5774003749
0.989472335
0.2883825968
0.3776085088
0.4815158208
0.6327462547
0.3370782568
0.3004859789
0.5375067583
0.6072288337
0.7754381558
0.6229571868
0.3475972027
0.2875658401
0.7007979351
0.8137058791
0.7370523092
0.402177245
0.2958554793
0.3014443948
0.3889240692
0.5310498764
0.6908438327
0.4210824268
0.6136128599
0.4216483275
0.5257282938
0.329786592
0.8988710457
0.2945958595
0.2872503978
0.3906322059
0.5554494424
0.5554494424
0.3326404731
0.3231339579
0.4650098284
0.8567935969
0.6488655107
0.2880671325
0.5061939412
0.2901480409
0.2886578678
0.3015839678
0.4119592601
0.7353434462
0.9052147799
0.3979254151
0.6979294185
0.6477326919
0.2932503632
0.3185156421
0.394602533
0.5001217289
0.3426212177
0.5570273081
1
0.5628973694
0.5077178492
0.2872344471
0.2940999542
0.3307284993
0.3079563307
0.4979624736
0.502719437
0.3034586129
0.3338544108
0.7495579697
0.5604121337
0.3123341618
0.8104536888
0.9436750319
0.2882465881
0.4499341581
0.9227908113
0.349528874
0.743644812
0.3541863837
0.563575585
0.511428134
0.4938740786
0.2876576451
0.9065205831
0.3179089501
0.308376053
0.8886459375
0.2881368187
0.2879678453
0.5814903728
0.5903641196
0.6999159494
0.5507228487
0.3108897383
0.3384713391
0.3776085088
0.6819408422
0.2938584009
0.3970472405
0.4499341581
0.7881339225
0.9340206945
0.3287382293
0.470605893
0.3575178096
0.5288300268
0.4046850546
0.5556747826
0.4337193436
0.3265644878
0.5692339806
0.8175056569
0.2930690946
0.3636263821
0.8585140152
0.3215262389
0.3158295883
0.5317165154
0.6229571868
0.9603973035
0.9203739611
0.5155900915
0.4457302311
0.7853340096
0.5339408729
0.2913316881
0.2873007018
0.3048216421
0.4747819555
0.5453348692
0.3252193781
0.2875767031
0.297746797
0.3212088121
0.6763526309
0.348421806
0.2876699083
0.6318363155
0.9712447153
0.674336694
0.8362452155
0.9675406414
0.395473233
0.9654782703
0.3194361179
0.7591832011
0.3091417098
0.4090304484
0.2874668399
0.3640817654
0.6841711337
0.3469137789
0.8418413398
0.287475952
