-8.3533e+00,-9.5880e+00
-9.4070e+00,-7.7907e+00
-3.7221e+00,-1.2877e+01
-1.1322e+01, 8.9512e+00
 1.3416e+01, 8.0066e+00
-7.6508e+00, 3.8435e+00
-1.1703e+01, 1.7142e+00
 4.8672e+00, 8.6092e+00
 4.2603e+00,-7.0600e+00
-7.7283e+00,-4.8291e+00
 2.7901e+00,-6.3552e+00
 8.5052e+00, 6.3529e+00
-1.1448e+01,-4.8383e+00
-1.2045e+01, 7.5325e+00
 3.1584e+00,-1.2142e+01
-9.3240e+00,-1.3550e+01
 1.2563e+01,-6.4486e+00
 1.4094e+01,-8.3312e+00
 1.1914e+01,-2.6680e+00
-5.5739e+00, 1.4829e+01
 3.1326e+00, 8.8917e+00
-6.6215e+00, 1.1721e+01
 1.3382e+01, 4.3921e+00
-8.8103e+00, 1.0338e+01
 5.6661e+00,-5.4890e+00
 5.6593e+00,-1.3660e+01
 1.5962e+01, 9.2589e-01
-1.3555e+01,-7.8720e+00
 1.1972e+01, 2.9930e+00
 8.2911e+00, 1.3602e+01
-2.2622e+00,-1.1092e+01
-1.5758e+00, 1.0983e+01
 5.6158e+00,-9.7025e+00
-5.1107e+00,-5.1017e+00
 6.5024e+00, 1.5131e+01
-8.4301e-01, 6.4637e+00
-4.3379e+00,-2.3615e+00
 3.7085e-01, 2.8865e+00
 2.6167e+00,-1.6398e+01
 6.5666e+00, 1.0327e+01
-3.3504e+00, 4.3672e+00
 3.7499e+00,-1.0262e+01
-3.9782e+00,-1.1275e+01
 7.3795e+00,-1.2205e+01
 9.3286e+00,-1.4610e+01
-1.7353e+01,-8.1804e-01
 6.1621e+00, 1.7389e+00
 9.8957e-01, 6.7822e+00
 7.3648e+00,-1.4732e+01
-1.4308e+01, 5.0695e+00
 1.2517e+01,-9.6957e+00
 1.1178e+01,-4.0361e+00
-1.3838e+01,-1.2355e+00
-9.2891e+00, 1.2757e+01
 1.7155e+01, 2.2572e+00
 9.3567e+00, 3.4891e+00
-1.2027e+01,-8.7384e+00
 3.8098e+00, 1.6026e+01
 9.3336e+00,-3.1413e-01
-1.5933e+01,-3.3549e+00
-4.3686e+00, 6.4502e+00
 2.1135e+00,-3.3396e+00
 1.3899e+01, 9.6411e+00
-2.1509e+00, 5.6482e+00
 9.9360e+00, 8.9007e+00
 4.0569e+00, 4.0332e+00
-6.5931e+00,-9.5908e-01
 1.5767e+01, 3.1498e+00
 4.3508e-01,-2.5754e+00
 1.0935e+01, 6.5836e-01
 5.0591e+00, 1.3821e+01
 1.5418e+01,-1.4079e+00
-2.9352e+00,-1.6949e+01
 4.1052e-02,-1.0032e+01
-8.0454e+00,-1.4734e+01
 1.7343e+01,-4.8861e-01
 6.5348e-01,-7.0191e+00
-1.5179e+01, 2.2929e+00
 1.0214e+00, 1.6357e+01
-9.9216e-01,-1.5310e+01
 2.5572e+00,-7.8663e-01
 1.0038e+01, 1.1307e+01
-1.2597e+01, 4.7474e+00
-1.0214e+01, 1.1230e+01
 2.9307e+00, 1.0790e+01
-1.2759e+01,-2.9868e+00
-8.4003e+00, 6.7460e+00
 1.4232e+01, 5.9930e+00
-3.6589e+00,-5.5333e-01
-1.4857e+01,-9.0769e+00
 9.4457e+00,-6.2282e+00
-4.6970e+00, 1.6701e+01
 7.6265e+00, 8.4071e+00
 3.5753e+00,-4.5275e+00
-3.0166e+00, 1.4663e+01
-8.6733e+00, 2.6804e+00
-5.6319e+00,-1.5607e+01
 1.5970e+01,-4.8889e+00
 3.8650e+00,-1.6884e+00
 8.5109e+00,-2.6324e+00
-3.3666e+00, 1.3037e+01
 1.1346e+01, 6.6139e+00
 2.5737e-01,-1.4321e+01
 5.2048e+00, 1.1863e+01
-8.9381e+00,-3.1998e+00
-1.1007e+01,-1.3040e+01
 9.0539e+00,-1.1620e+01
 5.4905e+00,-1.5938e+01
 1.5971e+01, 5.8040e+00
 2.8138e+00, 6.4960e+00
-1.0468e+01, 6.1714e+00
 9.2272e+00,-4.2239e+00
-1.1789e+01,-1.0793e+00
-1.0292e+01,-6.4689e-01
 4.0744e+00,-1.6853e+01
-1.2363e+01, 1.1078e+01
-1.4488e-01, 1.5078e+01
-2.3818e+00, 8.3014e+00
 1.4325e+01,-6.5876e+00
 7.9156e+00, 2.3004e+00
-1.1535e+01,-6.3741e+00
 5.7892e+00,-8.0495e-01
 1.1083e+01, 4.6029e+00
-1.3665e+00,-6.9472e+00
-1.2602e+00,-5.2816e+00
-8.0941e+00, 8.2216e+00
 7.0537e+00, 6.9313e+00
 1.5036e+01, 8.1304e+00
-6.6094e+00, 5.8940e+00
-7.9209e+00, 1.4241e+01
-1.5433e+01,-5.8235e-01
 1.7799e+00,-1.0028e+01
-1.3396e+01, 9.2671e+00
-6.5144e+00,-8.1845e+00
 1.4448e+01,-3.4129e+00
 6.7662e+00, 4.0133e+00
-5.8515e+00, 4.2441e+00
 5.4455e+00,-2.7687e+00
-4.3064e+00, 2.5983e+00
-1.0659e+01,-9.7390e+00
-3.9124e-01, 4.4836e+00
-6.4294e+00,-1.3107e+01
-1.4892e+01,-4.5350e+00
 9.8229e+00,-1.8576e+00
-2.0386e+00, 2.1543e+00
 3.4356e+00,-8.5042e+00
-9.8628e+00,-4.6757e+00
-1.5926e+01, 3.7810e+00
 6.8677e+00,-4.4921e+00
-3.7077e+00,-1.4983e+01
 1.6099e+00, 1.8172e+00
-3.6907e+00,-9.0100e+00
 2.2291e+00, 1.3810e+01
 8.0920e+00,-8.3010e+00
 1.1764e+01, 9.6337e+00
 1.3022e+00, 1.0257e+01
 5.3627e+00, 5.1007e+00
 4.1087e+00, 6.9483e-01
-1.3401e+01,-1.1195e+01
-1.2821e+00, 1.2462e+01
-1.1172e+01, 1.3192e+01
 1.1381e-01,-1.2235e+01
-1.1276e+00,-1.7142e+01
 1.1806e+01, 1.2337e+01
-5.1444e-01,-1.1236e+00
-4.3079e+00, 1.1729e+01
 2.4097e+00, 4.5751e+00
 6.3657e+00,-7.0265e+00
-3.2522e+00, 1.0011e+01
-1.5131e+01, 6.6940e+00
-5.7999e+00,-3.5842e+00
-3.9988e+00,-7.0616e+00
-1.4927e+01,-6.3041e+00
-7.2685e+00,-1.1173e+01
-4.3622e+00, 8.7045e+00
 1.1949e-01, 1.3322e+01
 1.1647e+01,-1.1293e+01
 1.1224e+01,-5.7327e+00
-5.8433e+00, 1.2765e+00
-1.6266e+01, 1.1282e+00
 1.1985e+01,-9.3013e-01
-1.4688e+01, 7.3182e-01
-5.5587e+00,-9.7103e+00
 7.7022e-01,-4.8454e+00
-1.0841e+01,-2.9170e+00
-1.9479e+00,-1.3447e+01
-1.3336e+01, 6.6065e+00
-2.0898e+00, 1.7334e+01
 1.4648e+01, 2.0305e+00
 8.8348e-01, 8.7001e+00
 1.2978e-01, 1.1198e+01
 9.7724e+00,-9.9624e+00
 1.0093e+01,-8.3904e+00
-8.7829e-01, 8.6323e+00
 7.4775e+00,-1.0105e+01
 2.7022e+00,-1.3676e+01
-1.3099e+01,-5.3659e+00
 1.3068e+00,-1.7156e+01
-6.2820e+00, 1.3194e+01
-9.3479e+00, 4.4512e+00
-9.7558e+00, 9.1197e+00
 1.4285e+01,-4.9997e+00
 9.9654e+00, 1.3097e+01
 6.8895e+00, 1.2154e+01
-7.0201e-01,-3.6414e+00
-2.7761e+00,-3.0727e+00
 7.8588e+00,-6.7621e+00
-4.2948e-01,-8.2894e+00
 1.4471e+01, 1.1092e-01
-3.6488e+00,-5.5351e+00
-6.3093e+00, 8.9159e+00
-2.1704e+00,-8.3217e+00
 1.3186e+01, 1.5937e+00
-2.5511e-01, 1.7443e+01
-1.0883e+01, 3.6403e+00
-2.1679e+00,-1.5430e+00
-1.1706e+01,-1.1298e+01
 4.0787e+00,-1.4904e+01
-8.8529e+00,-6.2381e+00
-7.6301e+00, 8.8936e-01
-9.3148e+00, 1.2051e+00
 8.4450e+00, 1.0526e+01
-7.9870e+00,-1.2786e+01
-7.0115e+00, 2.2899e+00
 9.5511e+00, 1.4557e+01
-6.9212e+00, 1.5703e+01
-1.3317e+01, 2.0516e+00
 4.9826e+00,-1.1684e+01
-4.9321e+00,-1.3876e+01
 1.6239e+01,-6.4441e+00
-1.6789e+01,-4.8770e+00
 3.9506e+00, 2.3254e+00
 1.3348e+01,-1.1019e+01
 7.5885e+00,-3.9647e-01
 8.5430e-02, 8.2302e-01
 4.7195e+00, 1.0292e+01
-9.4015e+00, 1.4747e+01
-8.4861e+00,-1.0061e+00
 1.3634e+01,-2.0915e+00
 1.6370e+01,-2.9145e+00
-1.5162e+01, 8.5489e+00
-1.6376e+01, 5.5956e+00
-9.7696e+00,-1.2114e+01
-5.7428e+00, 1.0392e+01
 1.1788e+01,-7.9615e+00
 1.1072e+01,-1.2732e+01
-6.7809e+00,-6.2334e+00
 8.2885e+00, 4.8191e+00
 3.6617e+00, 1.2170e+01
 8.2037e+00, 1.5253e+01
 1.8716e+00,-8.2021e+00
-1.5839e+00, 1.4129e+01
-1.9233e+00, 1.5707e+01
 2.5125e+00, 1.7312e+01
-7.2263e+00,-2.9827e+00
-3.2486e+00, 1.0690e+00
