0.5109937392
0.5625420945
0.8760959657
0.97874386
0.6692949563
0.295612213
0.2879544534
0.2884640145
0.9275566751
0.4740063303
0.2961321196
0.5059890693
0.2882963454
0.5051211381
0.2986722984
0.6610077004
0.7550294207
0.2864323245
0.3922255367
0.9069028817
0.4480095934
0.5921857068
0.2992006231
0.3312454945
0.3887939068
0.2864745635
0.8982396447
0.9713628723
0.4380996148
0.8235239893
0.8332212899
0.3034234351
0.5179947523
0.3534011485
0.6632506492
0.3194538087
0.4222955176
0.7888787526
0.3234210181
0.3817314919
0.3371741455
0.4538455893
0.5441383464
0.4051109337
0.9577122759
0.5392298545
0.3221116604
0.6837678234
0.7274002897
0.3220035271
0.289262516
0.7829229347
0.3085591226
0.547940453
0.7628756995
0.6212504886
0.3240838133
0.3906759163
0.2862839463
1
0.9090155132
0.3402611955
0.4510203745
0.2928760529
0.3272478826
0.2992674108
0.337428304
0.5314511046
0.974904589
0.4896321147
0.6697419744
0.2963675577
0.7831223832
0.292035851
0.3133712814
0.3549854742
0.4140623825
0.3993943462
0.800614251
0.8242632413
0.439671842
0.2865312859
0.6055830265
0.4954097244
0.3719931458
0.3313656263
0.9010195863
0.3946533933
0.3168914003
0.5546678835
0.9013102484
0.8694533279
0.3181093788
0.5994507824
0.7799236887
0.8353871484
0.3263319758
0.2874213745
0.3000817894
0.290718556
0.680660697
0.7125232895
0.2869802071
0.4377073727
0.6661630533
0.3516909132
0.7628756995
0.3995714007
0.3769720451
0.5526473889
0.3322106072
0.4624059726
0.9046258436
0.3593861444
0.2979632318
0.3502802673
0.5774505012
0.2919459054
0.3561476203
0.8107772833
0.2917680633
0.3707268594
0.7771117934
0.2923560351
0.4345813012
0.5296787084
0.616710938
0.3089067535
0.5526473889
0.7878901162
0.5842465492
0.742060385
0.4129537586
0.7533674316
0.2913779161
0.2927321867
0.3273630364
0.3270180181
0.5445852502
0.4530369104
0.6520147546
0.3499997339
0.5374484692
0.4312833178
0.2892296455
0.3774598828
0.2862912786
0.8035103224
0.476518215
0.6353037152
0.3302896726
0.4589260456
0.294239638
0.2862436175
0.3434285772
0.6418624738
0.5057720172
0.2964268368
0.7819247495
0.699428962
0.2935676576
0.2862436175
0.4634332712
0.3487439458
0.3063619961
0.2973361321
0.2862912786
0.6085357496
0.2862375069
0.2861739537
0.380738829
0.4251427738
0.4187182731
0.3501399339
0.4390816477
0.9814859217
0.7614364026
0.6432179964
0.6146675124
0.2863562188
0.9650221116
0.4142474869
0.551974311
0.28619962
0.5250367791
0.8988276945
0.3318476037
0.3423639277
0.6522399633
0.9961308544
0.3095212482
0.2931683774
0.6862049617
0.2861385083
0.9585011952
0.98308942
0.6321336677
0.3579063746
0.2980268595
0.5656985496
0.3532579048
0.6932728824
0.8807054649
0.3074469965
0.3611787016
0.2894294559
0.4196564443
0.8033177309
0.8633343254
0.9150881971
0.5450322632
0.2875963775
0.7382582151
0.297028848
0.7554443745
0.6296414264
0.3053042412
0.7350775629
0.4326383499
0.3915357336
0.3976295197
0.2861336192
0.3755148557
0.4458125692
0.6423143741
0.3178028064
0.8643345252
0.3663559968
0.3246402611
0.5323381109
0.4669387084
0.530343102
0.447609444
0.4065562666
0.3361631747
0.2940298255
0.7395273936
0.6438955544
0.8958725812
0.3362890497
0.5316728061
0.2861385083
0.4392782981
0.4518260997
0.3142323923
0.5632181734
0.4112972977
0.2861519533
0.2861495088
0.2864855593
0.6522399633
0.5120848012
0.2861573662
0.3565855656
0.3156956506
0.3514077225
