0.5310524774
0.3047777675
0.3892081694
0.3193825664
0.2919406661
0.9670882716
0.2983887044
0.6626142935
0.2951865002
0.4803816634
0.3109619601
0.3821614864
0.6555884642
0.5636553779
0.3612344125
0.3403785494
0.6851281528
0.9207354827
0.7806928678
0.3173815108
0.3398648554
0.3359613009
0.3246558956
0.3250942873
0.9212849341
0.4818624642
0.3355908818
0.9338716493
0.4610077081
0.2885542559
0.76152591
0.3321968358
0.335837683
0.4728143532
0.301227096
0.7408133022
0.2889681431
0.9957790392
0.2896504497
0.6319049653
0.3159218103
0.644676093
0.4381117996
0.5797966492
0.4630628224
0.4044252067
0.9095671856
0.5343958132
0.4502376271
0.4931677215
0.3914297012
0.7237738437
0.6245936319
0.2884239814
0.3286884012
0.2904617729
0.4289808753
0.9880899659
0.353802801
0.2950395393
0.775180449
0.9809125566
0.9094219876
0.9192164645
0.3014284045
0.609269587
0.6439928965
0.3504250466
0.5237260134
0.7800825524
0.4614181624
0.4492325414
0.604236858
0.4674013496
0.6179624269
0.3139378458
0.3244376112
0.3025975206
0.8219593248
0.7973546876
0.4080362177
0.4789038642
0.3754803604
0.4620343782
0.3648484448
0.3800215957
0.2897189111
0.7743600831
0.5832165353
0.2890874357
0.9441285672
0.6993882167
0.5193063493
0.8939651025
0.8399663458
0.3640894582
0.7749754464
0.4369355797
0.5462681335
0.5144639401
0.6364701194
0.5825323364
0.7126291423
0.4653315764
0.2966864298
0.3145914099
0.7694181582
0.3016312168
0.4359577239
1
0.375801632
0.4610077081
0.7060252543
0.6596702815
0.3439051275
0.4540744699
0.4565117841
0.4951031786
0.6213928397
0.3978542267
0.3950577759
0.8077586322
0.6124724144
0.9181043477
0.7027107486
0.2924251983
0.2896730953
0.3659163471
0.4157499075
0.7841408961
0.2887142126
0.9870360727
0.7053630079
0.2948941202
0.8656782687
0.292463682
0.7913830257
0.3190784338
0.3978542267
0.5859543579
0.2886122659
0.9328462731
0.972718709
0.2929797066
0.8579385984
0.4135282617
0.6081257283
0.8464657235
0.4946726986
0.6630669088
0.7324371455
0.5395370843
0.3034517294
0.8317007732
0.3074280132
0.555734156
0.3779015724
0.849676956
0.4504388767
0.3060791902
0.289123097
0.8493214313
0.3677613943
0.2895835624
0.3310125442
0.4381117996
0.6328183042
0.2883511871
0.6159038159
0.7923823581
0.4377193891
0.3348539598
0.8164405532
0.2887980451
0.5532505268
0.8283514797
0.5989767289
0.8649971541
0.346447951
0.2989899978
0.8791768997
0.3073473631
0.2996081601
0.5428992166
0.3190784338
0.3100088138
0.2882157788
0.5593518855
0.6083544986
0.3191796559
0.4261076509
0.2887277459
0.2892153171
0.4751178559
0.6001200584
0.2936113782
0.2887693989
0.3653053586
0.289627979
0.6489999788
0.3084085236
0.3625810376
0.5638820888
0.3079971287
0.288287003
0.3451033701
0.5018025204
0.3619812522
0.2929797066
0.9303853642
0.3433762046
0.5339495825
0.7274644118
0.2970699614
0.3336374002
0.3219712072
0.4131593529
0.3021793917
0.5005020031
0.2896959157
0.3467185275
0.3101806624
0.6453591635
0.5509953346
0.4780607696
0.2921606588
0.2926586957
0.9023416284
0.6569497526
0.8251660579
0.9192164645
0.3866684143
0.2881997745
0.2905469974
0.7106515803
0.9297317771
0.8542694344
0.4848329188
0.4349819983
0.3654579162
0.2916918969
0.3779015724
0.8329966853
0.4520516446
0.5870955738
0.2891594594
0.555734156
0.2885655067
0.3202004171
0.6956133118
0.3362089709
0.2911231603
0.3058460759
0.7608993972
0.3818309879
0.288287003
