 9.9234e+00, 7.7269e+00
-1.1202e+01,-1.1931e+01
-8.4140e+00,-1.4666e+01
-1.3107e+01, 5.9538e-01
-3.3862e+00,-1.3472e+00
 2.8019e+00, 1.6002e+01
-5.8732e-01,-1.0198e+00
 1.0357e+01,-1.4025e+01
 9.5598e-01, 2.1503e+00
-1.4769e+01, 5.7911e+00
-4.6728e+00, 4.4781e+00
 1.3986e+01, 6.4160e-01
 3.2916e+00,-1.3036e+01
-6.4760e+00, 7.7094e+00
 1.2671e+00, 1.6489e+01
-3.3297e+00, 2.8796e+00
-8.1714e+00, 3.9838e+00
-4.2678e+00,-1.4346e+01
 1.1957e+01,-1.9943e+00
-1.3241e+01,-4.4635e+00
-1.2706e+01,-8.2089e+00
 2.5433e+00, 9.9734e+00
 7.7376e+00,-1.3946e+01
-5.1753e+00,-6.0924e+00
 1.5539e+01,-3.2892e+00
 4.7975e+00,-9.0532e+00
-1.2603e+01,-1.8340e+00
 4.0881e+00, 3.4537e+00
-2.2539e-01,-8.0835e+00
 3.2376e+00,-1.0002e+01
 6.1348e+00,-2.9991e+00
 1.4179e+01,-7.7620e+00
 1.2664e+01, 8.4227e+00
 2.9383e+00,-2.0752e-01
-1.2663e-01, 6.7941e+00
 9.8600e+00,-8.0515e+00
-7.5628e+00, 1.1785e+01
-2.2874e+00,-1.3738e+01
-1.5469e+00, 5.7066e+00
 1.0852e+01, 9.9547e+00
 7.5638e+00, 4.7448e+00
 5.5052e+00,-1.4773e+01
-1.0935e+00,-3.5043e+00
 8.7032e+00, 9.8983e+00
 5.6890e+00,-5.5912e+00
 4.0959e+00,-6.0445e+00
 6.0239e+00,-1.1524e+01
-1.0662e+01, 7.2473e+00
 5.3818e+00, 1.2626e+01
 1.1944e+00,-1.5335e+01
 7.1637e+00,-3.9170e-01
-1.5094e+01,-8.8462e+00
 1.9521e+00, 1.3240e+01
-2.4336e+00, 1.3057e+01
-4.8281e+00,-1.6644e+01
-1.0404e+01, 3.7975e+00
-1.4808e+01, 1.0605e+00
 8.2598e+00, 1.1879e+01
 6.0567e+00, 1.5174e+01
 9.2815e+00,-1.0397e-01
-7.5897e+00, 1.5347e+01
-6.3574e-01,-9.9494e+00
 9.8357e+00, 2.8700e+00
 1.6322e+01, 5.2427e-01
-8.6425e+00,-5.3090e+00
-1.2755e+01, 5.4423e+00
 2.9212e+00,-7.9619e+00
 6.7571e+00,-8.0821e+00
 1.2866e+01, 9.9979e+00
-1.7370e+01, 1.9635e+00
-5.0124e+00, 1.3950e+00
-4.3185e+00, 8.1806e+00
 1.0699e+01,-1.0710e+01
 1.4176e+01, 5.3850e+00
 2.3904e+00,-4.6285e+00
 9.9509e-01,-5.5883e+00
-1.3626e+01,-1.0317e+01
-1.5000e+01,-2.9302e+00
-9.9628e+00,-4.2218e+00
-1.0272e+01, 1.4113e+01
 7.2472e+00, 3.1239e+00
 3.3165e+00,-1.4719e+01
-1.3428e+01,-6.6515e+00
 4.1830e+00,-1.1425e+01
-2.5406e+00, 7.5530e-01
-1.0074e+01,-1.3298e+01
 8.1150e+00,-5.7412e+00
-7.0412e+00,-6.9256e+00
 1.1587e+01, 5.0406e+00
-6.3392e+00,-3.7286e+00
-1.6578e+01, 3.4647e-01
 2.6204e+00, 1.1608e+01
 4.8672e+00, 7.6439e+00
-6.4694e+00, 1.4015e+01
 8.1401e+00,-3.7333e+00
-2.6568e+00, 7.2723e+00
 6.0168e+00, 9.1723e+00
-1.5944e+01,-4.5555e+00
 1.5518e+01,-5.6176e+00
-6.1278e+00, 1.5769e+01
 4.1091e+00, 6.0525e+00
 1.4119e+01,-4.5103e+00
-1.0206e+01, 9.7348e+00
-1.2947e+01, 2.6249e+00
 4.7570e+00, 1.0816e+01
-1.3898e+01, 1.0194e+01
 1.1382e-01,-1.2013e+01
-3.6353e+00, 1.1875e+01
-1.1606e-01, 9.4569e+00
-7.1810e+00,-1.1404e+01
 1.1603e+01,-6.7932e+00
-1.4130e+00, 1.7312e+01
 2.3239e+00,-2.2239e+00
 2.6240e+00, 1.7481e+00
 1.6083e+01,-1.0970e+00
 5.4810e+00,-1.5443e+00
-7.9753e+00, 9.0712e+00
-1.2290e+00,-6.2682e+00
 1.0904e+01,-4.8728e+00
-1.7151e+01,-2.7301e+00
-2.1237e-01, 7.3513e-01
 1.4977e+00, 7.2922e+00
-4.6722e+00, 1.4600e+01
 4.0419e+00,-3.4369e+00
-1.4267e+01,-8.6518e-01
-9.0025e+00, 8.1820e-01
-3.5678e+00,-8.9352e+00
 8.7741e-01, 1.1605e+01
-2.0735e+00, 1.1257e+01
 5.3499e+00, 1.4546e-01
-1.7921e+00, 1.5192e+01
 9.5047e-01, 1.4517e+01
-1.0403e+01, 1.2086e+01
-1.2259e+01, 1.1804e+01
 1.1561e+00, 5.4899e+00
 9.1205e+00,-1.2489e+01
 3.7951e+00, 1.4750e+01
 8.1870e+00, 1.4634e+01
-5.7436e+00,-1.9660e+00
 1.2170e+01, 2.0808e+00
 5.4431e+00,-7.2367e+00
-1.4751e+00,-1.2189e+01
 1.2611e+01,-1.2081e+01
 5.6998e+00, 2.2231e+00
-2.0593e+00, 4.2856e+00
-2.7907e+00,-3.1426e+00
-1.1266e+01, 2.3512e+00
-1.0885e+01,-3.7925e-01
 9.9915e+00,-2.4916e+00
 1.1487e+01, 6.5902e+00
 6.2561e+00, 6.4656e+00
 4.0598e+00,-1.6276e+01
-3.9310e-02, 4.3235e+00
-1.0688e+01,-7.0090e+00
-5.3368e+00, 9.5150e+00
-9.2234e+00,-2.5914e+00
 1.5777e+01, 1.9947e+00
-4.3576e+00, 1.6690e+01
 8.4376e+00,-8.9231e+00
 1.9692e+00,-1.3830e+01
 1.4076e+01, 8.9929e+00
-8.6885e+00,-7.4166e+00
-2.7409e+00,-7.0016e+00
-5.9576e+00, 5.6881e+00
-9.0573e-01, 2.3653e+00
-6.4452e+00, 7.9403e-01
 3.4465e-01,-1.7481e+01
 9.8236e-01,-9.5219e+00
-5.2798e+00,-1.3138e+01
-8.1170e+00, 7.2519e+00
-4.8068e+00,-7.6531e+00
 6.8320e+00,-9.7070e+00
 1.1191e+01,-8.3356e-02
-4.3853e+00, 6.6423e+00
-8.0438e+00, 1.3408e+01
-5.6719e+00, 1.1956e+01
-1.3750e+01, 8.6449e+00
 5.3512e+00,-1.2986e+01
-3.4680e+00,-1.1081e+01
-1.4709e+01,-5.7320e+00
 1.1343e+01,-8.4844e+00
 2.2817e+00,-1.1617e+01
-1.1558e+01,-4.8087e+00
 1.3888e+01,-1.9369e+00
-1.6524e+01, 4.5108e+00
 1.7045e+00,-1.6756e+01
 8.0369e-02,-1.4233e+01
 1.5694e+01, 7.1376e+00
-8.5116e+00,-9.3114e+00
 1.4852e+01, 3.6796e+00
 1.0950e+01, 1.1709e+01
 9.1208e-01,-6.4328e-01
-1.5805e+01, 7.1347e+00
-7.5893e+00,-1.3322e+01
-1.4740e+01, 2.5641e+00
 1.3032e+00,-7.1078e+00
 1.3884e+01, 7.4876e+00
 1.6650e+01, 4.5177e+00
-3.8249e+00, 9.6066e+00
 5.4633e+00, 1.6593e+01
 6.8289e-01,-2.7351e+00
-8.5877e+00, 5.7739e+00
-6.0627e+00,-1.0340e+01
-1.1894e+01,-1.0175e+01
-1.1453e+01, 8.8876e+00
-6.2604e+00,-8.7799e+00
 7.4241e+00, 1.5586e+00
-5.8443e+00,-1.5333e+01
-1.1077e+01,-2.7348e+00
-1.8773e+00,-1.6710e+01
-1.2478e+01, 7.3821e+00
 9.5755e+00, 5.0708e+00
 6.0331e+00, 4.1296e+00
 1.0551e+01, 1.3407e+01
 6.4542e+00, 1.0902e+01
-6.6508e+00, 1.0335e+01
 1.5766e+01,-7.5942e+00
 1.3763e+01, 2.5007e+00
-8.6721e+00,-1.2222e+01
 7.9097e+00, 8.4269e+00
-1.0473e+01,-9.6785e+00
-1.6946e+00, 9.5221e+00
 1.3290e+01,-1.0560e+01
-3.8070e+00,-4.3140e+00
-7.6657e+00,-2.0463e+00
-8.0281e+00,-3.6183e+00
-5.8453e+00, 3.4386e+00
 2.6131e+00,-6.3463e+00
 7.9445e+00,-1.8543e+00
-7.3884e+00, 2.6911e+00
-4.3586e+00,-1.1349e-01
 2.9553e+00, 4.7756e+00
-2.8353e+00, 1.6610e+01
-1.1567e+01, 1.0411e+01
 1.2293e+01,-3.4628e+00
 9.6956e+00,-5.8004e+00
 9.0484e+00, 1.4776e+00
-1.1255e+01, 5.1847e+00
-6.7701e+00,-7.4478e-01
-3.1829e+00,-1.5615e+01
 7.1853e+00, 1.3289e+01
 6.1860e+00,-1.6208e+01
-8.7790e+00, 1.0702e+01
 8.3406e+00, 6.2947e+00
 7.7961e+00,-1.0979e+01
-8.1344e-01, 1.3489e+01
 1.7186e+01,-2.4749e+00
-2.1705e+00,-9.7483e+00
 1.4650e+01,-9.2675e+00
 1.2731e+01, 1.1822e+01
 1.6755e+01,-4.4675e+00
 2.1764e+00, 3.3934e+00
 1.2901e+01,-5.6463e+00
-1.2856e+01,-1.1822e+01
 3.9316e+00,-1.4225e+00
 1.2850e+01,-8.8556e+00
