0.3191517033
0.3132938677
0.3896163044
0.9059495462
0.304539672
0.3011698641
0.5640964817
0.5221381024
0.3797219581
0.4057975417
0.3361578543
0.6784583669
0.2897044788
0.3340414462
0.9236570783
0.8217792836
0.30225628
0.7049356918
0.5944414689
0.462571667
0.9017784583
0.3595149236
0.3649490249
0.7364027757
0.2865051035
0.3997145795
0.4642167502
0.5616168506
0.4601122807
0.3513921955
0.3270204472
0.6217001004
0.6866723012
0.3435516383
0.8694370035
0.3953179755
0.8527831555
0.4129172308
0.6026190691
0.7938859479
0.3292259489
0.2865148819
0.4230148763
0.2906256099
0.6979228884
0.4509806719
0.3120761017
0.2862544904
0.287244773
0.735340964
0.4977374772
0.4038166702
0.3897873486
0.464422691
0.2863723846
0.8969361235
0.2933722653
0.2862378965
0.7018722161
0.3232074205
0.522578625
0.7084277031
0.7749696389
0.3131992507
0.4418026473
0.2888306579
0.2915678588
0.4029203138
0.9931865847
0.3291085462
0.3734008597
0.796429223
0.6205650454
0.6862293679
0.5120499201
0.2970134966
0.3314843649
0.3485912217
0.7843996537
0.3657166012
0.7372513532
0.473340573
0.2896698717
0.287958297
0.485339502
0.2875243665
0.6860078543
0.7473722066
0.3865563325
0.4140256783
0.289635437
0.3119835291
0.5089972153
0.9166356574
0.9517095468
0.5776574196
0.5035678901
0.4889546292
0.3115230321
0.5278764826
0.8374834944
0.384871895
0.850882373
0.8070628901
0.2864500977
0.4864011017
0.2967719349
0.3685054268
0.2862693373
0.7461134983
0.5528454196
0.3094557295
0.9578570911
0.3677267598
0.346662482
0.6223810571
0.3282908377
0.489807565
0.3389576732
0.6398312997
0.9661810952
0.6346255413
0.3106138941
0.3729220567
0.2892034826
0.5645475671
0.3058173827
0.6450298004
0.9263626578
0.3199872988
0.8821229144
0.5436629388
0.8066798561
0.7652010931
0.3063072083
0.3940987465
0.4467704449
0.2948816361
0.9960770941
0.2958325387
0.2937744057
0.4915160349
0.7199218327
0.2862803413
0.551050381
0.3102546755
0.7575803241
0.6060272412
0.2873407147
0.33184576
0.3580346236
0.6155691888
0.3114314064
0.4404205233
0.3986534296
0.3032277014
0.2898446305
0.2987793219
0.9670743855
0.9956917534
0.6414142705
0.603527895
0.2889829771
0.5948956517
0.2862544904
0.2906646905
0.7745653527
0.2863865307
0.3265629215
0.4112610437
0.3296970248
0.848448942
0.366332892
0.2862440101
0.8059129522
0.6023918662
0.3167038187
0.715814619
0.4745943603
0.6423185115
0.3049344967
0.3342882901
0.4891677813
0.3046971147
0.3389576732
0.8930497944
0.2864090592
0.4737582521
0.4237735217
0.5781103364
0.5744884284
0.5708700384
0.7511370439
0.3708597023
0.3983005455
0.850362264
0.5223583447
0.9543171651
0.2871531813
0.5778838719
0.3012411403
0.3245334821
0.2885107777
0.2866107386
0.8349655189
0.2866578769
0.3361578543
0.2863655734
0.574940983
0.4687628783
0.381205808
0.6167048126
0.2864090592
0.2863227839
0.4787896779
1
0.4718806807
0.9183833339
0.6416403525
0.3067198347
0.6398312997
0.5369732983
0.854845422
0.2863121298
0.5416532862
0.3767823688
0.4020265003
0.7625323392
0.9122638455
0.451786388
0.3440874572
0.287117763
0.6873364653
0.9680445216
0.3122617199
0.9441736069
0.2862544904
0.4495735506
0.7300140348
0.8380210752
0.2905093989
0.2862410406
0.3802155398
0.4079722949
0.6875577901
0.4036371961
0.3003967101
0.2871711516
0.2865557403
0.5828687395
0.4878896911
0.4597033554
0.7132128162
0.8260340505
0.2866222616
0.2862361497
