0.9611054878
0.3267430907
0.4426633661
0.2937464354
0.513922962
0.9232300734
0.3879876368
0.5880944246
0.3879876368
0.4206246869
0.2895151034
0.2872410066
0.8537531522
0.2871035107
0.6215465571
0.4202482751
0.9901927041
0.3018280176
0.2994927899
0.5036812603
0.8763454423
0.4776176506
0.538465435
0.2998909468
0.2872536004
0.6611828565
0.5154566713
0.4593714702
0.5231553306
0.2908097079
0.8763454423
0.2986507005
0.8116953438
0.3111288132
0.2868805972
0.3341993017
0.3050543451
0.34885401
0.6017443462
0.4486421805
0.6724068995
0.2924855447
0.5867307179
0.360961723
0.5924146905
0.383277823
0.9863294778
0.4987071682
0.859587915
0.7940558296
0.3822801236
0.4001384805
0.3992532472
0.8351437203
0.6759854911
0.6399445071
0.298714475
0.3465177733
0.2928920027
0.7193769786
0.7262850997
0.4959074185
0.8739121829
0.4004933025
0.4524646237
0.4573313516
0.7141672423
0.3172205566
0.2897669082
0.8407288461
0.7376247546
0.2869040464
0.3566773457
0.4165046326
0.306169972
0.4879875823
0.541144037
0.9732707999
0.3773538964
0.3508072626
0.5227141026
0.2872536004
0.6672512059
0.3302211213
0.4176237927
0.6977406074
0.396088133
0.8556513202
0.9205742775
0.3585845342
0.4410810404
0.702580916
0.3472008296
0.9955300159
0.4492439041
0.5069389479
0.3760579828
0.7901045182
0.9344446214
0.3394890336
0.8426925798
0.294708219
0.8095934339
0.4612136364
0.3178244612
0.3962630741
0.3910615208
0.476147921
0.4320847053
0.3414387114
0.4193088652
0.3559496534
0.5781022046
0.525363746
0.4085849761
0.3337086843
0.3183319669
0.2978368551
0.3022599719
0.6008338512
0.2920075984
0.5478587818
0.7391124871
0.2868420971
0.8756984942
0.6347271706
0.4193088652
0.533788682
0.7471462738
0.5883217386
0.4595758734
0.937126867
0.9156953612
0.5622595213
0.6233661572
0.3084964385
0.2975921376
0.5794635274
0.3210329783
0.7038979556
0.3684431641
0.6817857609
0.3481628154
0.2869234701
0.8917519874
0.2992306828
0.3207160385
0.3197734738
0.2867937943
0.3163251656
0.8666622295
0.6728545912
0.2934554817
0.6101674313
0.2868919719
0.2879602797
0.6019719761
0.2877126124
0.4632671197
0.596054626
0.3054491252
0.7720103902
0.3454319783
0.6968587094
0.8153057015
0.5708500446
0.7613343436
0.8941850367
0.3821142406
0.6933256249
0.3052117688
0.8009070288
0.3355603739
0.289016835
1
0.4336365447
0.7987626256
0.5572987574
0.287332832
0.3285814943
0.7113354568
0.7594709411
0.8283806885
0.3438197443
0.2872410066
0.2896396209
0.6267767265
0.9490267133
0.2869670406
0.636996372
0.4024522218
0.7115535267
0.3606627827
0.3465177733
0.9674304525
0.3053698437
0.2868305467
0.2867937943
0.6338191707
0.2926644818
0.3146682882
0.8861924409
0.9296967586
0.7827267693
0.7431384544
0.2868648474
0.9745113837
0.9200384133
0.3008432458
0.5880944246
0.2869040464
0.4845861235
0.3700065918
0.2869593416
0.4344145055
0.4807771166
0.3526444649
0.4653274782
0.8847842751
0.6975201851
0.3072343764
0.2868074454
0.3199818611
0.2874036614
0.5747009389
0.2955656775
0.2890447576
0.3149573977
0.7252086667
0.9345676036
0.4608037743
0.286910346
0.4146469416
0.3086674486
0.2869518175
0.7613343436
0.421378616
0.910831726
0.7191603872
0.7815222386
0.3159312558
0.3348158155
0.5093345462
0.2868237214
0.6424373354
0.3289304131
0.5152374432
0.2969920971
0.2904448429
0.2870169075
0.5067214413
0.5324551033
0.5360139482
0.4152032497
0.2868599474
0.3018280176
