 5.1309e+00,-4.8310e+00
 5.7261e+00,-1.1808e+01
-4.8295e+00,-3.8388e+00
-5.3088e+00,-1.0298e+01
 1.7309e+00, 6.1655e+00
-1.0883e+01, 4.1026e+00
 2.9754e+00,-7.8935e+00
-1.1272e+00,-1.0340e+01
 6.2936e+00, 6.2933e+00
 8.4466e-01,-1.3790e+01
-1.4783e+01, 9.1160e+00
 1.0959e+01, 1.1785e+01
 3.3911e+00, 1.3504e+01
-1.2105e+01,-6.9018e-01
-5.9282e+00, 9.5087e+00
 2.0355e+00, 1.6175e+01
 4.4707e+00,-6.4604e+00
 1.0354e+01, 6.7817e+00
-1.5731e+01, 5.8954e+00
-8.1196e-01, 3.3458e+00
 4.2591e+00, 7.5144e+00
-2.9634e+00,-1.2659e+00
-8.1346e+00,-8.1666e+00
-8.0632e+00, 2.1045e+00
-1.4484e+01,-2.5581e+00
-1.4725e+01, 5.8610e-01
 4.6838e+00, 4.8684e+00
-6.2359e+00,-1.6078e+01
 1.1991e+01,-4.2809e+00
 4.6115e+00, 1.5453e+01
-1.5361e+01,-7.2411e+00
-6.4955e+00,-4.4954e+00
-3.4586e+00, 5.5455e+00
-1.6438e+00,-1.1860e+01
 4.4856e+00,-3.6677e-01
-4.3540e+00, 8.1520e+00
 8.4131e+00,-2.7124e-01
-8.7347e+00,-1.4687e+01
 1.2730e+01,-7.9169e+00
 1.0307e+01, 8.6427e+00
-5.7696e+00, 1.4558e+01
-9.8933e+00, 8.0222e+00
 8.3770e+00,-1.3123e+01
 2.2955e+00, 9.7910e+00
-1.3040e+01, 5.4319e+00
 1.4469e+01, 5.0876e+00
-1.5819e+01,-3.8921e+00
 4.0400e-01, 5.6364e-02
 2.3037e+00, 7.8903e+00
-2.4686e+00,-1.3972e+01
-1.0079e+01,-4.2290e+00
-3.1323e+00,-3.8855e+00
 6.0831e+00, 3.7795e+00
-3.2388e+00,-9.5010e+00
 9.9918e+00, 1.4279e+00
 1.3434e+01, 1.3436e+00
-5.3124e+00,-1.2077e+00
 1.1495e+01,-2.4930e+00
-4.1153e+00,-5.6168e+00
-6.7104e+00,-1.1731e+01
-7.4877e+00, 1.4546e+01
 7.7123e+00, 1.4965e+01
-1.3972e-01,-3.2258e+00
-1.0958e+01,-5.7925e+00
 1.4832e+01, 8.2669e+00
-7.8346e+00,-5.7468e+00
 1.3169e+01,-5.6115e+00
-1.0696e+01,-9.2479e+00
 6.0115e+00,-1.0104e+01
 4.0711e-01, 1.7306e+01
-4.7931e+00, 1.2511e+01
-9.7124e-01,-1.3676e+01
 1.6316e+01,-4.4199e+00
-1.1634e+00, 1.2139e+01
 1.5877e+01, 1.4880e+00
 3.1785e+00, 1.1182e+01
-1.2736e+01, 2.3704e+00
 8.5379e+00,-4.1166e+00
-1.3369e+01, 7.2992e+00
-3.9623e+00, 1.0697e+01
 6.9468e+00,-4.3785e+00
 1.5594e+01, 3.4591e+00
 1.3844e+01,-3.1025e+00
-5.3511e-01, 1.4797e+00
-8.4279e+00,-2.9257e+00
 6.3390e-01, 1.3975e+01
-2.1695e+00, 6.8983e+00
 1.1176e+01,-7.8378e+00
 1.0256e+01, 4.2459e+00
-3.6351e+00, 1.4700e+01
-9.5223e+00, 1.4018e+01
 8.6726e+00,-1.4745e+01
-5.7516e+00, 2.4263e+00
-2.4253e+00, 1.3175e+01
 6.2128e+00, 1.2834e+01
 7.0555e+00, 2.4979e+00
 1.7743e+00, 1.0551e+00
 1.8736e+00,-1.0502e+01
 1.1693e+01,-5.8400e-01
-7.4121e+00,-1.0156e+01
 1.4943e+00,-1.5870e+01
 4.4989e+00, 1.2222e+01
 1.3314e+01, 7.4257e+00
-3.2431e+00,-1.2584e+01
 6.4353e+00, 8.4837e+00
 1.3458e+01, 1.0521e+01
 3.3447e+00, 3.5959e+00
 1.4303e+00,-6.5137e+00
-1.0427e+01, 2.4608e+00
-1.0612e+00, 1.4674e+01
 9.8493e-01,-1.3527e+00
-7.1034e+00,-1.7383e+00
 1.2218e+01, 9.0848e+00
 7.8324e-01, 3.9385e+00
-2.1339e+00, 1.0884e+01
 2.8082e+00,-1.7167e+01
 1.4831e+01,-8.9590e+00
-3.4580e+00, 1.7119e+01
 1.4860e+01,-4.9022e-01
-1.4107e+01,-6.1554e+00
-1.1927e+01,-7.6885e+00
-6.9317e-01, 4.9587e+00
 4.5018e+00,-8.2342e+00
 2.7152e+00,-4.9417e+00
-5.0195e+00,-1.2516e+01
 8.1369e+00, 1.2220e+01
 6.8191e+00,-1.5883e+01
 6.7588e+00,-1.4294e+01
-1.2922e+01,-3.0519e+00
 8.5487e+00, 3.6051e+00
-4.1325e+00,-1.5527e+01
 2.8071e+00,-1.7775e+00
-5.4498e+00, 6.3169e-01
-1.7045e+00, 1.7186e+01
-3.4025e+00, 3.6687e+00
-8.1776e+00, 4.6458e+00
 1.2582e+01,-1.0470e+01
 6.8133e+00,-8.5866e+00
-9.2528e+00,-6.5481e+00
-9.7779e+00,-1.1808e+01
-1.2017e+00,-1.2521e+00
 7.6058e+00, 1.0635e+01
 4.2329e+00,-1.3286e+01
 5.0487e+00, 1.3917e+01
-5.6015e+00, 5.5840e+00
 6.6948e+00,-6.2085e+00
 1.4846e+01,-6.1626e+00
-9.2310e+00, 9.8589e+00
 8.5770e+00,-1.1541e+01
-1.0373e+01,-7.7022e+00
-1.6695e+01, 4.4634e+00
 1.1657e+01,-1.2906e+01
-6.8188e+00,-1.3968e+01
 9.0958e+00,-6.3061e+00
-7.1380e-01, 8.0844e+00
-1.1426e+01, 1.1613e+01
-9.9517e+00, 5.9756e+00
 1.5132e+01, 6.5502e+00
 6.1973e+00,-1.3353e+00
-2.0858e-01,-5.6433e+00
 3.7686e+00,-1.1607e+01
-1.3905e+01,-9.6555e+00
 8.4095e+00, 8.7505e+00
-2.8421e-01,-1.6660e+01
 3.7536e+00, 1.6695e+01
-1.2436e+01, 1.0057e+01
-1.2404e+01,-1.1614e+01
 5.9797e+00, 1.6219e+01
-8.9130e+00,-3.2578e-01
 1.0801e+01,-1.0689e+01
 1.0374e+01,-1.3859e+01
-1.6129e+01,-5.3866e+00
 1.2907e+01, 3.5280e+00
 5.6435e+00, 9.7194e-01
 8.1802e+00, 5.3206e+00
-1.7664e+00,-8.3424e+00
-1.6657e+01, 2.9179e+00
 6.0461e+00, 1.1016e+01
 1.0345e+01,-9.1575e+00
 1.1866e+01, 6.5777e+00
-6.7986e+00, 1.0970e+01
-1.4983e+01, 3.3228e+00
-8.0483e+00, 6.7751e+00
 1.0046e+01,-1.2421e+00
-3.7741e+00,-1.1098e+01
 6.7422e-01,-8.4076e+00
 9.9446e+00, 1.4341e+01
 1.7470e+01, 9.7542e-01
-9.9543e+00,-2.4417e+00
 1.6864e+01,-2.8855e+00
-9.1371e+00, 1.1930e+01
-8.1399e+00, 8.3015e+00
-6.0804e+00, 7.1533e+00
 5.2532e+00,-1.4831e+01
-6.0708e+00,-7.4238e+00
 1.3596e+00,-4.2096e+00
 1.6618e+01,-1.2069e+00
 5.0261e+00,-1.6333e+01
-1.7726e+00,-6.6966e+00
 9.8186e+00,-3.1800e+00
 7.6987e+00,-2.1287e+00
-1.0828e+01, 1.0163e+01
 3.3621e-01, 1.5728e+01
-1.9480e+00,-1.5835e+01
-3.8821e+00,-7.1614e+00
-1.6427e+01,-2.3293e+00
 1.2512e+01, 1.2129e+01
-9.6522e+00, 1.0016e+00
-5.9257e+00, 1.6424e+01
 9.8590e+00, 1.0491e+01
-1.7264e+01, 3.5455e-01
 1.0816e+01,-6.3599e+00
 3.2210e+00,-9.8041e+00
-2.6071e+00, 1.8193e+00
-9.1114e+00,-9.9372e+00
 8.0148e+00,-9.5270e+00
-4.0961e+00, 1.4048e+00
 1.3576e-01, 6.6880e+00
-1.1219e+00, 9.6285e+00
-1.5663e+00,-4.0846e+00
 2.6304e+00, 4.9214e+00
 8.4615e+00, 7.1921e+00
 4.0523e+00,-3.5719e+00
 1.1112e+01, 2.7847e+00
 1.3049e+01,-1.3389e+00
 2.4253e+00,-1.2765e+01
-9.9966e+00,-1.3376e+01
-5.5475e+00, 3.9924e+00
-7.7113e+00, 6.0135e-01
 8.9408e-01, 1.1807e+01
 1.5212e+01,-2.3391e+00
 3.3082e+00,-1.4915e+01
 3.5007e+00, 1.0929e+00
 4.9909e-01,-1.1759e+01
-3.0331e+00,-1.7182e+01
-7.1546e+00, 1.2693e+01
 4.2488e+00, 9.3332e+00
-1.4964e+01, 7.5912e+00
 9.1103e+00,-8.0481e+00
 3.9298e-01,-1.0256e+01
-1.4003e+01,-8.0503e+00
 4.3296e+00, 2.4518e+00
-1.2231e+01,-4.6308e+00
 1.6346e+01, 5.4889e+00
 1.1943e+01, 4.7013e+00
 8.1571e+00, 1.4714e+00
 8.3360e-01, 1.0243e+01
 1.0073e+01,-4.9141e+00
-1.8825e+00, 2.6188e-01
 6.9159e+00, 4.6325e-02
-8.2890e+00,-1.2761e+01
-5.7209e+00,-5.9570e+00
-3.0753e+00, 9.1673e+00
-5.7873e+00,-2.6624e+00
-1.3855e+01,-1.1529e+00
-1.2348e+01,-1.0082e+01
