0.584270304
0.5897154593
0.5958460575
0.3219257032
0.4382874812
0.4056455418
0.628097366
0.3707280235
0.7513986433
0.3763226277
0.7580476306
0.2964355097
0.4172142369
0.3776217455
0.4249441229
0.990824199
0.7204040361
0.6235597853
0.5847238782
0.4266612438
0.4293464905
0.3094775353
0.4234238533
0.8292118404
0.798044943
0.2873609621
0.803276656
0.4492038447
0.3037836242
0.3417177134
0.3010490179
0.6722636913
0.5761131975
0.469210806
0.3067414477
0.9230715029
0.5661668261
0.5270291867
0.9079986754
0.8579769771
0.3199048554
0.9411568545
0.4623989193
0.9882802862
0.8495536484
0.6574714995
0.3273882134
0.3220335805
0.2906460888
0.306246745
0.2871556181
0.8430638035
0.3012623672
0.2873414245
0.6751646449
0.706950973
0.3634488156
0.2885877139
0.6187922521
0.3316280514
0.6529702121
0.8432406456
0.3034009822
0.286262608
0.4690033252
0.6443975892
0.3524099378
0.9779894361
0.3190704235
0.4111064726
0.3613335827
0.9044404753
0.6106144657
0.2871556181
0.9795246796
0.5560295122
0.5334543053
0.8837516916
0.9503946318
0.3067414477
0.2862580662
0.9273201325
0.549071519
0.4870730538
0.3140785741
0.4474013734
0.2870861692
0.2868945421
0.5088153469
0.5103404229
0.3500096944
0.7413236054
0.4442123731
0.8242470673
0.3447846106
0.3027225198
0.2946857455
0.3313875396
0.2918052458
0.9246289396
0.3083462168
0.3751920639
0.3004178776
0.4382874812
0.3538396986
0.3545595028
0.8171678276
0.2865974099
0.7493095513
0.3069076382
0.4070930921
0.3222497887
0.5363436126
0.9620010772
0.9342813004
0.3662044366
0.4219093446
0.3674420405
0.8437706947
0.324445013
0.6500402921
0.549968022
0.3515584136
0.380736984
0.3098310565
0.2885030641
0.680063382
0.4380912351
0.7307063036
0.6099328156
0.6378400101
0.7341169285
0.3021305765
0.2866309346
0.3690000932
0.5414682858
0.2865062574
0.2910446462
0.9101050584
0.5292414769
0.2940002637
0.4070930921
0.2879541851
0.2865350711
0.4144251249
0.8042400259
0.4249441229
0.3156338204
0.4626042621
0.3177353868
0.2862563193
0.2943130846
0.7315600891
0.4928343581
0.3433087432
0.3186568801
0.3934321142
0.2906851721
0.8210931734
0.9293411091
0.2934426145
0.755768325
0.3415860272
0.4805084262
0.4904823965
0.7238495664
0.2877882257
0.2963177401
0.7711735534
0.2869556306
0.4574915323
0.7996002393
0.5219546751
0.3131268535
0.8223944274
0.2947937422
0.5336763665
0.968896794
0.2870359109
0.2893209613
0.4031277864
0.4821972183
0.3686875047
0.6729335408
0.2880031643
0.2870861692
0.7100023561
0.6371609827
0.5307921521
0.6037976481
0.5459369947
0.2869400971
0.3580598524
0.6651044471
0.2904914735
0.2863087238
0.2881032047
0.2872838554
0.5206341639
0.3634488156
0.3906717352
0.3672869092
0.6601683682
0.5542317423
0.3434422261
0.2945250186
0.6287777101
0.4687959096
0.5623325068
0.7960947742
0.8812408175
0.4508111936
0.746376002
0.8233216755
0.7010449983
0.2870195065
0.728140493
0.5226154484
0.3495901156
0.9792360099
0.9032893636
0.3518417257
0.2868797057
0.3103661105
0.3438435002
0.3560089032
0.5149284235
0.5383470171
0.8774318441
0.3067414477
0.326928879
0.9106631279
0.4868604386
0.6351232271
0.5083800117
1
0.9062981363
0.5096865531
0.4120251936
0.3089520346
0.3737469919
0.3438435002
0.4388767093
0.7709702881
0.3043261701
0.9251449207
0.6423637724
0.6437197866
0.3122837233
0.2868362419
0.3792561372
0.3053548938
0.6724870007
0.3840609427
0.5517622174
0.5094686849
