0.8529025333
0.6167473192
0.3310231841
0.4303778558
0.3188351017
0.7449861274
0.5981304563
0.304023785
0.7290998994
0.7190102378
0.8558130273
0.3736313157
0.7516780038
0.9640858172
0.4591924614
0.2860588142
0.487564215
0.4286454675
0.4856520933
0.9090145872
0.2947941854
0.5103998466
0.8001732888
0.3310231841
0.2900506299
0.6187897071
0.6585589814
0.2870344952
0.4742777537
0.2920817629
0.290201009
0.6328440006
0.2952942379
0.4986971269
0.3517239844
0.2870344952
0.5202501843
0.2875759753
0.9689569138
0.6795618197
0.3231014118
0.4078818853
0.3784852529
0.6185627955
0.4715658843
0.5935910512
0.6992128258
0.3048104709
0.3035595768
0.9563208098
0.9097128554
0.7399325916
0.2924054279
0.3136554784
0.4202787241
0.3473916415
0.9410389392
0.5865593674
0.4843798697
0.3659343524
0.3750763878
0.9854971172
0.2959821877
0.8122324494
0.5722967281
0.9904000361
0.3220121221
0.3874834014
0.4401267143
0.4732334716
0.6076665224
0.5607918989
0.8028768905
0.4095220861
0.2910355536
0.3294770806
0.46411287
0.2862677295
0.3783217598
0.3501720244
0.6101641235
0.9263819837
0.5779509987
0.6017629547
0.6786728151
0.3817793223
0.7744526489
0.2874405969
0.3450707137
0.4240603651
0.286997709
0.8287829676
0.3869749028
0.4044455669
0.8304237588
0.3059390557
0.2909528159
0.3056945483
0.7587280793
0.3628773027
0.3179087644
0.3135599851
0.733788105
0.352007881
0.8365662626
0.5951796464
0.2995112537
0.3454774378
0.2860893608
0.3195641568
0.7271755098
0.9053451782
0.4500767182
0.352007881
0.4784702725
0.5981304563
0.2890105521
0.8967818739
0.7862602789
0.3528627368
0.5488904889
0.4470714046
0.9502269239
0.9076108889
0.5736529837
0.2863438118
0.4516864773
0.3321079481
0.3219040222
0.8722801673
0.4163474271
0.3249876505
0.3232111684
0.2892727444
0.3994479259
0.2860451987
0.3180110773
0.3886737625
0.2907489696
0.5430769973
0.3077763959
0.3952287394
0.8520419809
0.3249876505
0.7038100185
0.2991749318
0.9468788578
0.6641659691
0.2994436579
0.3717195358
0.2861019283
0.2871885947
0.6106182127
0.2984496242
0.315795777
0.921214185
0.5804413514
0.6992128258
0.3272618753
0.9279013833
0.483109693
0.75021876
0.512363149
0.4969752669
0.7746545665
0.3109499015
0.8219733536
0.3053708003
0.5596665175
0.3196689182
0.8258508628
0.3312632284
0.5027991526
0.4484717603
0.856324165
0.4381604171
0.2942015725
0.4012235993
0.4626736686
0.3426562177
0.5704892052
0.5926833947
0.2867916047
0.5248745332
0.2863752197
0.5027991526
0.4659681247
0.9562205817
1
0.2863752197
0.3452061521
0.3158948506
0.2919005624
0.492898885
0.994830705
0.4780499276
0.28639703
0.3431889296
0.69899351
0.3702970288
0.286233874
0.7776760332
0.287462726
0.5926833947
0.2877661971
0.9124819628
0.3903836058
0.3902121301
0.7846720254
0.4926848569
0.7458255326
0.7295270351
0.6339758422
0.3876531222
0.2872905556
0.33247214
0.683334853
0.7447761475
0.4869263402
0.6015359067
0.6965786804
0.8826312038
0.5704892052
0.7149041598
0.2870909786
0.4767903397
0.38161353
0.2868575221
0.5772720585
0.6385002069
0.8600496203
0.3831097545
0.3852871273
0.2867284722
0.6952597042
0.2939911481
0.2862677295
0.2868242153
0.2868744366
0.3191466372
0.2861111791
0.8011403978
0.2966943207
0.8629005945
0.327146757
0.3566215696
0.3490534403
0.4174664777
0.3903836058
0.2898302181
0.6074394611
0.2862420762
0.673106355
0.3971550412
0.4064306333
0.2875529783
