0.4228074409
0.6576362797
0.2955479067
0.299846196
0.5377966184
0.4054316655
0.9161807147
0.4018477325
0.4376490586
0.8742892646
0.2905215434
0.3009079179
0.9083973799
0.4190395388
0.295029365
0.6242360149
0.3206749479
0.8885578505
0.9918531834
0.3237684282
0.3916921595
0.620815188
0.6110037314
0.3021533075
0.3892953937
0.3473815362
0.3986576809
0.8823916841
0.297791803
0.5706846944
0.8467521867
0.6915034145
0.7906814531
0.4527834814
0.7679852423
0.8254327074
0.9532555793
0.2952865075
0.3585932155
0.2918009306
0.2881800265
0.2881347973
0.2994590789
0.3745799743
0.2954952866
0.8721469091
0.4993018205
0.3515409781
0.301248458
0.2923589372
0.3222589955
0.6018751805
0.617621403
0.2908544272
0.6379018755
0.3671880383
0.4562299477
0.4329676827
0.3644293718
0.3184142765
0.3118140787
0.7601162014
0.6401758917
0.2961379467
0.4687672703
0.7912786497
0.4898449575
0.6558269406
0.4635976291
0.6558269406
0.66598745
0.7896848382
0.7398897978
0.9386125982
0.8282243804
0.3310442617
0.3519635995
0.7646819011
0.4271858706
0.4129050532
0.966209808
0.2883421641
0.7096054224
0.9345374337
0.3146866934
0.2875086836
0.529779036
0.3267632502
0.3299842677
1
0.3605169405
0.2933489018
0.6803566061
0.641994188
0.6388116297
0.4698062494
0.4052514952
0.6796854581
0.3794374598
0.4220508955
0.3035261304
0.8508170624
0.2877504191
0.9967553099
0.3428163512
0.2925245705
0.3562556767
0.8121870276
0.2904570471
0.541373548
0.4505649595
0.4952055664
0.2879954118
0.3179109323
0.976528724
0.3641253667
0.6551481239
0.2929073106
0.2881496986
0.290820359
0.570911546
0.6478974406
0.355821116
0.7563607314
0.66598745
0.5957157239
0.3833994424
0.4099687198
0.3449447773
0.3681165837
0.3736213538
0.288637957
0.2876823618
0.6271995846
0.2876597332
0.4599022311
0.3068522154
0.3814101063
0.7718887817
0.5492244263
0.2885985361
0.859677097
0.3303362726
0.4866451659
0.9205750703
0.4832462642
0.9704764931
0.8495844296
0.3477919822
0.3008403093
0.9513923469
0.8379521421
0.5010320877
0.3125408057
0.3249752735
0.3918641838
0.3203622796
0.4329676827
0.3753821257
0.8406660591
0.3145916557
0.320988999
0.7115771944
0.5165217727
0.5952596071
0.3033788151
0.3060517213
0.5485501581
0.5262302319
0.47084688
0.6939452605
0.811803415
0.2940911179
0.5957157239
0.5060242059
0.3284742978
0.2877597151
0.9821187114
0.2958671984
0.3545245425
0.3695177602
0.3662639743
0.2879201859
0.510822759
0.6066674685
0.5546269187
0.5180610747
0.8546651819
0.7586578447
0.2990150642
0.3069331602
0.8939748527
0.3095228219
0.3385396825
0.897020069
0.7432936924
0.9798245449
0.5829558362
0.7896848382
0.4982220506
0.4134584059
0.3744199037
0.2880085624
0.2895999144
0.8133361708
0.4629801514
0.2984562713
0.2881347973
0.5097302242
0.4245150281
0.3035261304
0.4119847489
0.2907191938
0.7200840853
0.7912786497
0.7479531529
0.2878088244
0.4960663748
0.316033732
0.3662639743
0.4162382246
0.9003272022
0.3109200189
0.6970472628
0.5861432056
0.8764169588
0.5088570157
0.5288909604
0.705432597
0.9515027847
0.2899368632
0.6328949838
0.4083281569
0.7293889647
0.7548955238
0.6062110282
0.3545245425
0.2899660726
0.3877661082
0.4533901178
0.6422214152
0.2883942163
0.7580320123
0.4710552031
0.7291735011
0.2897094474
0.8144827633
0.8979264556
0.3606658219
0.2889334633
0.2884119168
0.363670307
0.2876192105
0.3341731577
0.2926084198
0.3886145948
