0.5197695282
0.3286239911
0.3143904914
0.3108590554
0.6255058178
0.6753716158
0.6560728286
0.5743689127
0.4794453011
0.2877341803
0.7052442454
0.5732365039
0.8423836694
0.4304824971
0.9234853028
0.4090776114
0.2930483078
0.3154551038
0.4650586411
0.2939739755
0.3103223519
0.5545017679
0.3939430953
0.8039336037
0.9129588578
0.846454466
0.3515904857
0.3244219665
0.5587784805
0.371209517
0.3613522443
0.5664501965
0.6876125853
0.6827268667
0.8221595913
0.3366181669
0.3150657848
0.4426056599
0.4435970389
0.635494556
0.2910627077
0.3121335882
0.4328037737
0.3144864925
0.2872522988
0.3014400138
0.2951224608
0.5470941013
0.3822251676
0.8093170257
0.4936888521
0.2993197617
0.8760005696
0.9570574202
0.4168228352
0.3855670833
0.8727554881
0.6913775283
0.2931428496
0.7021750087
0.9289058883
0.2868783655
0.9268615426
0.4177561057
0.2965853415
0.4333860166
0.3716839286
0.3087466902
0.4345527906
0.8172885858
0.561258018
0.7414404293
0.2875825541
0.772582017
0.2950684769
0.4368954095
0.6738075322
0.3348698489
0.405450074
0.3016536402
0.9381464384
0.9877475854
0.5217509397
0.2948010977
0.6822819849
0.2874761537
0.5415013338
0.7965416097
0.5195495684
0.9237473858
0.8364700021
0.7433427813
0.4416162747
0.5012256805
0.4116404087
0.2901360083
0.2981619766
0.3105899878
0.4586977162
0.9180260439
0.9361016986
0.8676571388
0.2909846116
0.3391641171
0.6594509327
0.3181480546
0.5639657345
0.5064286893
0.7008574112
0.3600072198
0.2906791094
0.4710680713
0.6679869727
0.3067266453
0.3029665264
0.4049093976
0.3428228967
0.3168373397
0.287564385
0.2931428496
0.7598604236
0.4792346703
0.334129166
0.62482414
0.3479616687
0.7174452173
0.4006169544
0.6946916743
0.4694047715
0.8951762888
0.977979509
0.3561799805
0.9543787848
0.5932090963
0.3510263157
0.8242054458
0.2910235736
0.3482375817
0.5850291416
0.2878969535
0.3649890788
0.3464538371
0.5068634974
0.8116074241
0.8096994634
0.85100514
0.2870147433
0.5053424809
0.2965853415
0.2917122196
0.6348141356
0.8527408013
0.317843264
0.2953949181
0.2873283223
0.3280442716
0.3990225837
0.3283916604
0.2923610167
0.346317577
0.4260683485
0.580943469
0.9934129017
0.5484389033
0.4016845311
0.35229869
0.4324160374
0.3333936654
0.2868878078
0.5479905309
0.4211351698
0.5725572338
0.3636167756
1
0.3096156677
0.7848751381
0.2956716023
0.9946381118
0.5399385643
0.5479905309
0.9069045923
0.2904572147
0.73847321
0.3158469176
0.4644401757
0.4123761464
0.5578774597
0.6682111529
0.8326626709
0.316439307
0.6625995691
0.2948010977
0.4293265168
0.5077336656
0.6787187332
0.611862533
0.5795823592
0.5417247044
0.5257230941
0.8482111822
0.9636294107
0.9172133513
0.2873599529
0.3598584105
0.5886634396
0.708087638
0.7996659265
0.3494858665
0.4179430412
0.4155202152
0.3487910278
0.6902711591
0.7391098556
0.2877146172
0.3351178919
0.7738012265
0.3035671114
0.5734629567
0.9030132947
0.2866548642
0.9842600624
0.5337025433
0.8339355549
0.5016582097
0.2873440504
0.4310616561
0.4245439555
0.3179447066
0.6177767109
0.600486727
0.2934791171
0.7994711605
0.6490776798
0.2875285695
0.3055912238
0.3310989585
0.4173825158
0.5149397712
0.443001973
0.9600592222
0.2872973895
0.3363666936
0.2895674361
0.8279021019
0.6726895355
0.3137228718
0.5164743586
0.3782753198
0.4418139916
0.2872231108
0.4509938863
0.2866281028
0.3368702097
0.2869171831
0.7884582762
0.4009724003
