-8.8388e+00,-1.4547e+01
 1.3004e+01, 9.9678e+00
 5.7230e+00, 6.9962e+00
-1.4667e+01, 3.9224e-01
 1.2353e+01,-2.4394e+00
-1.4163e+01, 3.9919e+00
-3.0542e+00, 1.2502e+01
-1.6747e+01,-1.3147e+00
-1.1043e+01, 6.3787e+00
 1.1046e+00, 1.5613e+01
-3.4870e+00,-1.6025e+01
-7.9695e+00, 1.1475e+00
 1.6327e+00, 1.1982e+00
 1.3080e+01,-4.8888e+00
 1.3962e+01,-1.0338e+01
-7.7876e+00, 1.3883e+01
 9.1590e+00, 4.7127e+00
 7.4019e+00, 1.4421e+01
 5.7638e+00,-8.2099e+00
-1.3792e+01, 1.0221e+01
 7.3114e+00,-2.8617e+00
-5.8739e+00, 1.2229e+01
 1.5419e+01, 3.0195e+00
-1.3508e+00, 1.2760e+01
 5.7139e+00,-5.9421e+00
-1.3515e+01,-3.0070e+00
 2.0786e+00, 4.5398e+00
-3.9591e-01,-4.1418e+00
 3.1789e+00,-1.7076e+01
 6.6977e-01,-1.3146e+01
 4.9425e+00, 1.4169e+01
-6.9000e+00,-1.3457e+01
 4.6180e-01,-8.4486e+00
-5.1632e-01, 2.1397e+00
-6.3367e+00, 4.8912e+00
-9.2662e+00, 1.2495e+01
 9.7643e+00,-6.8422e+00
 1.2413e+01,-8.2813e+00
 1.0604e+01,-3.3766e+00
-1.2228e+00,-7.0766e+00
-7.2248e+00,-1.1392e+01
-7.3285e+00,-5.8583e+00
-5.6033e+00, 9.9575e+00
-3.6407e+00,-9.9364e+00
-1.6564e+01,-5.2013e+00
 7.5440e+00,-1.3750e+01
-2.6192e-01, 7.9196e+00
-3.8109e-01, 9.1868e-02
 4.0267e+00,-1.3461e+01
 8.8872e+00,-1.2520e+01
 1.0397e+01,-1.1443e+01
 2.4590e+00,-7.3652e+00
-8.6746e-01, 1.5528e+01
 1.1662e+01, 4.8941e+00
 1.0257e+01, 9.3173e+00
 6.5362e+00,-1.0608e+01
 6.1767e+00, 1.8605e+00
 1.4253e+01, 5.2491e+00
-3.3697e+00,-4.9688e+00
 1.5922e+01,-2.3173e+00
 3.0626e+00,-1.1191e+01
 2.1386e+00,-1.5550e+00
 1.4508e+01,-4.0785e+00
-1.6237e+01, 4.4132e+00
-7.2949e-01,-1.0479e+01
-5.8684e+00, 4.4759e-01
-9.4797e+00,-5.2375e+00
-1.9252e+00,-1.6222e+01
 1.9198e+00,-4.6329e+00
 1.0192e+01,-4.3124e-01
-2.8427e+00,-1.4957e+00
 2.6665e+00, 1.6001e+01
-1.3350e+01, 8.3517e+00
-1.4926e+00, 8.9780e+00
-7.1221e+00,-1.5607e+00
-1.4873e+01,-8.8851e+00
-1.3118e+01,-7.8018e+00
 2.1572e+00,-3.1381e+00
 7.3252e+00,-1.5312e+01
 1.5032e+01, 7.7453e+00
-3.6169e+00, 5.7531e+00
-1.2756e+01,-9.9470e+00
-7.5318e+00, 7.7399e+00
-1.0173e+01,-3.9889e-01
-3.5938e+00, 8.4337e+00
-4.3469e+00,-1.3616e+01
-1.5322e+01, 6.4353e+00
 7.9868e+00, 9.0963e+00
 1.7633e+00,-9.9879e+00
-7.5336e+00, 1.1973e+01
 5.4600e+00,-3.0049e+00
-2.4592e+00, 2.8394e+00
 1.2666e+01, 3.6180e+00
 1.0175e+01, 2.6187e+00
 3.7330e+00,-1.4947e+01
-1.2807e+01, 5.3711e+00
-1.5376e+00,-1.2119e+01
-6.0686e+00,-4.7136e+00
 7.9108e+00,-7.9530e+00
-9.2193e+00,-3.6304e+00
-5.8787e+00, 1.9736e+00
-1.0145e+01, 1.0687e+01
-3.7151e+00, 7.9589e-01
-1.1075e+01,-4.2163e+00
 9.0428e+00, 1.1659e+01
-4.0544e+00, 2.5749e+00
-1.0420e+01, 3.9746e+00
 8.3607e+00,-6.0041e+00
-4.9757e+00,-1.2195e+01
 6.6362e-01,-1.1610e+01
 8.3776e-01, 1.0265e+01
 2.5099e+00, 8.8338e+00
 1.1461e+01, 1.1933e+01
 9.3328e-01, 5.6168e+00
 5.9440e+00, 1.0235e+01
 1.2013e+01,-1.1592e+01
 7.7587e-01,-1.4900e+01
 3.6801e+00, 6.0601e+00
 4.1979e+00,-5.9914e+00
-4.1495e+00, 1.5148e+01
 3.2612e+00, 1.3656e+00
-8.7733e+00, 2.8821e+00
-1.3488e+00, 1.0616e+01
-7.7045e+00, 9.7538e+00
-1.2799e+01,-6.3242e+00
-3.2622e+00, 1.6365e+01
 1.1175e+01, 8.5794e-01
 1.4758e+01,-5.8856e+00
-9.3656e+00,-1.2654e+01
-6.0042e+00,-7.6066e+00
 9.7743e+00,-1.3995e+01
-3.2647e+00, 1.0378e+01
-2.4852e+00,-1.3906e+01
-4.0672e+00,-2.6001e+00
 3.8715e+00, 2.8512e+00
 5.3320e+00, 1.5690e+01
-1.4815e+01,-7.3795e+00
-2.2657e+00, 1.6630e-01
 3.3182e+00, 1.4094e+01
-5.6576e+00, 6.9270e+00
 7.4018e+00, 1.1765e+01
-1.2413e+00,-2.3617e+00
-3.8426e+00,-8.1125e+00
-9.1687e+00, 7.1695e+00
 7.7199e+00, 2.9241e+00
 5.7312e+00, 3.8930e+00
 1.0089e+01,-8.8381e+00
-2.3180e+00,-3.5267e+00
-1.3805e+01,-9.3680e-01
 5.2594e+00,-1.4615e+01
 1.2407e+01,-3.5031e-01
-1.1921e+01, 1.0456e+01
-2.7305e+00,-6.6948e+00
-8.6032e+00,-9.6680e+00
 1.9981e-01,-1.7640e+00
-2.2315e+00, 1.4601e+01
 3.6396e+00,-8.6736e+00
-1.0169e+01,-7.7220e+00
 9.1400e+00, 9.3241e-01
 8.3402e+00,-1.3541e+00
-1.6761e+00, 5.6141e+00
 9.6131e+00, 7.4643e+00
 4.1273e+00,-1.9761e+00
-9.6591e+00,-1.1057e+01
 2.6121e+00, 1.1752e+01
 1.3020e+01, 7.2112e+00
 5.1201e+00,-1.1631e+01
-1.2039e+01, 2.3048e+00
-5.2550e+00,-1.5389e+01
 9.1137e+00, 1.4590e+01
 6.7490e-02, 1.4313e+01
-4.6952e+00, 1.3243e+01
-1.2044e+01,-1.2371e+01
-9.1979e+00, 5.2798e+00
 6.0766e+00,-5.5357e-01
-2.2975e+00,-9.0374e+00
 1.7239e+01,-8.1172e-01
 1.4294e+01,-1.1394e+00
-8.4990e+00,-7.3888e+00
 6.8433e+00, 5.4042e+00
-5.9570e+00, 1.6238e+01
 1.5141e+01,-7.8395e+00
-1.5814e+01, 1.4216e+00
-1.3807e+01,-4.6188e+00
-1.1068e+01, 9.3801e-01
 1.0357e+00, 1.1993e+01
-4.6172e+00,-6.2910e+00
 1.3719e+01,-7.3461e+00
-7.6725e-01,-1.5171e+01
 2.1733e+00,-1.3363e+01
 8.2709e+00,-1.0802e+01
 7.5781e+00, 2.9651e-01
-1.0977e+01,-1.0301e+01
-1.0457e+01,-1.4022e+01
 5.6151e+00, 1.2386e+01
 4.1073e+00, 1.2174e+01
-4.7502e+00,-1.1068e+00
 1.1462e+01, 8.2453e+00
-7.2243e+00,-3.4339e+00
 4.6314e+00, 7.7582e-02
 9.5978e+00,-4.8458e+00
 2.3700e+00, 2.9919e+00
-1.3832e+01, 2.4051e+00
 1.3866e+00,-6.1794e+00
 1.4017e+01, 2.0576e+00
 3.8135e+00, 7.6911e+00
 4.5933e+00,-1.0042e+01
 3.7428e+00, 1.0306e+01
-1.1872e+01, 8.0677e+00
-6.0522e+00,-9.7728e+00
 1.1793e+01,-5.9652e+00
 1.7232e+01, 1.1927e+00
-5.9862e+00, 1.4562e+01
 1.5808e+01,-2.5595e-01
 1.6331e+01, 4.3804e+00
-1.7230e+01, 2.8213e+00
-1.6489e+01,-3.4710e+00
-1.5801e-01, 4.3987e+00
-1.1536e+01, 1.2640e+01
 1.5842e+01, 6.4169e+00
 1.2259e+01,-9.9472e+00
-8.6059e+00, 1.5154e+01
-1.1067e+01,-6.4777e+00
-1.0573e+01,-1.9571e+00
-2.9557e+00,-1.1582e+01
-7.2746e+00,-8.7554e+00
-1.2414e+01,-1.5859e+00
 5.4280e+00,-1.6309e+01
-7.9567e+00, 6.2041e+00
 3.8149e+00,-3.5792e+00
-1.5017e+01,-2.3453e+00
-1.0310e+01, 8.4250e+00
-6.0913e-01, 1.7383e+01
 1.0023e+01,-1.9889e+00
 1.2666e+00, 7.6049e+00
 1.4380e+00,-1.7371e+01
 6.6769e+00, 8.2271e+00
 1.1056e+01, 6.5349e+00
 7.9138e+00, 6.8317e+00
 1.0155e+01, 1.3095e+01
-1.6601e+00,-5.4812e+00
-7.1313e+00,-1.5031e+01
-5.1039e+00, 3.8128e+00
-7.6736e+00, 4.0744e+00
 4.8131e+00, 8.9432e+00
 8.5608e-01, 3.1282e+00
 1.2118e+01, 2.1012e+00
-8.5194e+00,-4.2025e-01
 4.1909e+00, 1.6698e+01
 5.0747e+00,-4.5106e+00
-1.0239e+01, 1.3976e+01
-2.8298e+00, 4.4060e+00
-5.7311e+00,-2.9253e+00
 1.5233e+00, 1.7406e+01
 1.1350e+01, 1.0430e+01
 1.9233e+00,-1.5923e+01
