0.3064035369
0.7717822873
0.7918609263
0.3896786844
0.5810340067
0.9345382058
0.8551077257
0.61401794
0.9373387896
0.5088825657
0.7859030971
0.5260104529
0.8711034363
0.5509833099
0.3869588087
1
0.9764143629
0.3565203317
0.2869144447
0.3089154503
0.5803530622
0.3559384567
0.6688006736
0.7038758138
0.3021780617
0.6813188371
0.2941346609
0.6710420999
0.7014603085
0.4989071948
0.2871716248
0.2981371457
0.4926723239
0.3487045317
0.2868950215
0.3517826641
0.3062412443
0.3720455554
0.3458272473
0.3830992032
0.3396073467
0.9137353138
0.2950154012
0.4318775246
0.6071888017
0.9304267809
0.3109390728
0.397653911
0.4738295877
0.3659557615
0.3007646849
0.475504006
0.3028356086
0.2892068386
0.8706100318
0.4554870637
0.4599704227
0.4879722322
0.7699452629
0.3444782647
0.8820768792
0.2955015205
0.9297943084
0.851470297
0.2934943153
0.5744562268
0.6946296996
0.2966890498
0.5204939119
0.8551077257
0.8376489495
0.2917050788
0.3240468358
0.7294847025
0.2867849479
0.4442368317
0.2900881099
0.3747578487
0.538448497
0.8938540702
0.6001321305
0.74501575
0.9890037559
0.9685712552
0.4875462728
0.9645335259
0.3992406883
0.7279821615
0.960287949
0.3152379988
0.4575206494
0.9933642369
0.4575206494
0.2981371457
0.5500851519
0.4416599164
0.3613997202
0.5669859087
0.2934943153
0.3240468358
0.3250439661
0.5257893384
0.3597577107
0.3203903948
0.3057582591
0.3846023669
0.3406443414
0.348566162
0.3000155591
0.3270746088
0.7517399778
0.435570277
0.4289840547
0.5067055019
0.28963051
0.3206006122
0.8343913818
0.4597658846
0.9767304906
0.4811842623
0.537556636
0.3990639603
0.4122332862
0.784304637
0.7234613111
0.7926509064
0.3523492716
0.4534607696
0.4879722322
0.3267328126
0.3123964756
0.2880543172
0.7016800828
0.2920410043
0.3074742159
0.8709390543
0.634253241
0.3373070918
0.3544929169
0.9566609005
0.5812610111
0.2879919373
0.2935909559
0.6019530405
0.3698380649
0.4120492996
0.3262791687
0.384267536
0.2872573327
0.3050447493
0.3659557615
0.5903493492
0.8114790873
0.8974638362
0.2867896732
0.2868057738
0.3207059501
0.3471899081
0.6471711136
0.4748756291
0.7999081492
0.452450391
0.5964909491
0.7167525553
0.3962506093
0.9286495657
0.6235739626
0.4226882252
0.5656296243
0.286973936
0.6299384874
0.3038849073
0.6489803272
0.2956666071
0.286888897
0.6060505489
0.606505849
0.6210720594
0.6258477176
0.3130468308
0.3369281805
0.5128126037
0.3266191782
0.2960577257
0.4692459458
0.2872319712
0.2896620712
0.3228446893
0.3326027886
0.323061902
0.8986552633
0.3605021637
0.5848945432
0.7918609263
0.2867847729
0.2869821595
0.3544929169
0.2917050788
0.2868771728
0.2871600797
0.9510720708
0.2868057738
0.3218747319
0.5789914905
0.2902945958
0.7782747751
0.2874853751
0.3435421606
0.2871716248
0.4862697426
0.3778299196
0.757994677
0.3912210295
0.8525132425
0.287517023
0.7409984473
0.286786523
0.5846673708
0.2868509239
0.2872833931
0.4251567796
0.3964256512
0.4390965973
0.3256031785
0.5853489169
0.2870258998
0.286811549
0.8756709482
0.625620375
0.3896786844
0.3335758975
0.4470269021
0.2869282681
0.3547809765
0.3915649767
0.7180542085
0.2875011118
0.6235739626
0.5742296068
0.4074814659
0.2869905578
0.4579282319
0.905390085
0.3088293861
0.4474267307
0.7884919238
0.290364806
0.9267237326
0.3872972374
0.7034369621
0.5851217253
0.3387073608
0.4632525472
0.3679649522
0.8207403478
0.7277673309
