 1.4982e+00, 1.5758e+01
-4.6894e+00, 5.5515e+00
-6.6263e+00, 1.8801e+00
-6.9943e+00, 1.1586e+01
 9.6712e+00, 3.7445e+00
 3.6796e+00,-1.3591e+00
 4.4542e+00,-3.6718e+00
-6.6322e+00, 7.1888e+00
 2.4179e+00, 2.9982e+00
-8.4282e+00,-7.6437e+00
 5.4626e+00, 4.5361e+00
 8.8280e+00, 6.9298e+00
 3.1151e+00,-4.4419e+00
-2.8257e-01, 1.0792e+01
 1.3467e+01,-2.2365e+00
 1.0017e+00,-8.2633e-02
 2.0284e+00, 1.4513e+00
-3.2666e+00, 1.3904e+01
 1.7382e+01,-2.4406e-01
-6.8505e+00, 1.4117e+01
-8.6530e+00,-5.5095e+00
-1.0873e+01,-9.1746e+00
 6.3670e-01,-8.9118e+00
 7.8865e+00, 3.0804e+00
-1.5810e+01,-1.9746e+00
-6.3415e+00,-5.9569e+00
-8.0579e+00,-1.4281e+01
 2.1226e+00, 8.7024e+00
-3.6064e+00, 7.6317e+00
-9.0208e+00, 7.2405e+00
-4.5595e+00,-1.6576e+01
-9.2157e-01, 1.6195e+01
-1.1247e+01, 3.0350e+00
 1.1437e+01, 8.9515e+00
 8.7361e-01,-1.7295e+01
 1.2626e+01,-6.9789e+00
-1.2397e+01,-9.7097e+00
 1.3322e+01, 4.2275e+00
 1.1403e+00,-1.4474e+01
-6.6354e+00,-1.1905e+01
-1.4306e+01, 3.1566e+00
-3.3130e+00, 2.9069e+00
 6.5586e+00, 1.5070e+01
 1.9708e-01,-1.2709e+01
 3.6063e+00,-9.2235e+00
-3.7922e+00,-1.0289e+00
-2.9976e+00,-1.5288e+01
-1.2093e+01, 5.6361e+00
 1.2064e+01, 1.6161e-01
-1.3774e+01,-2.4534e+00
-3.9474e+00, 1.5578e+01
 2.3442e+00,-1.1737e+01
 8.0745e+00, 1.3825e+01
-9.2516e+00, 1.4108e+01
 5.2895e+00, 1.4594e+00
 4.1080e+00,-1.1610e+01
-1.1970e+01,-2.2619e+00
-6.4655e+00, 9.8282e+00
-1.6200e-01, 7.3399e+00
-1.2528e+01, 7.3703e+00
 5.2311e+00,-1.3569e-01
-5.6090e+00,-1.5320e+01
-1.2102e-01,-3.9825e+00
-5.7122e+00,-7.4388e-01
 1.0902e+01, 1.2453e+01
-9.5338e+00,-4.0217e+00
-8.3778e+00,-1.3695e+00
 1.5896e+01, 3.8005e+00
 1.1174e+01,-1.7057e+00
-2.7944e+00, 5.0128e+00
 2.8325e+00, 5.4470e+00
 1.1249e+01,-1.2279e+01
-1.3026e+01,-7.6285e+00
-7.0219e+00, 3.7323e+00
-1.6914e+01, 4.1236e+00
 5.9448e+00,-1.1018e+01
 7.6584e+00,-1.4938e+01
-1.0426e+01, 9.0859e+00
 9.2813e-01,-1.0910e+01
-4.1380e+00,-2.5319e+00
 5.8772e+00, 8.1759e+00
-3.2366e+00,-6.9750e+00
-1.4661e+00,-9.2961e-01
 1.9074e+00,-2.0235e+00
-2.2838e+00, 1.1571e+01
-2.3218e+00, 1.7073e+00
 3.0787e+00, 1.3030e+01
 8.0737e+00, 8.5272e-02
-1.8390e+00,-2.3868e+00
-6.1941e-01,-1.5413e+01
 8.6761e+00, 8.7777e+00
-5.9342e-01, 1.3983e+00
 4.0053e+00, 1.1657e+01
 1.6133e+01, 2.0416e+00
-6.3687e+00,-8.6394e+00
 1.1556e+01, 5.0794e+00
 7.3643e+00, 1.2150e+01
 7.4277e+00,-7.4856e+00
 1.4532e+01, 7.9328e+00
-1.4040e+01,-5.5409e+00
 9.5203e+00,-1.1775e+01
-1.5458e+00,-1.1027e+01
-1.4044e+01, 1.6664e+00
 1.4086e+01, 6.0677e+00
 1.3010e+01, 9.1220e+00
 1.3674e+01, 9.5587e-01
 1.1247e+01,-9.4662e+00
-1.4377e+01,-9.4025e-01
-1.2963e+01, 9.4939e+00
 7.2566e+00,-1.3204e+01
 4.3957e+00,-6.2470e+00
-1.1947e+01,-4.0309e+00
-2.3081e+00,-1.2544e+01
-1.1412e+01, 2.7973e-01
-1.5277e+01, 6.9676e+00
-9.7786e+00, 1.1702e+01
 1.4595e+00,-5.9676e+00
 1.2106e+01, 2.2222e+00
-6.6781e-02,-2.3916e+00
-1.0521e+01,-5.3952e+00
 9.9706e+00,-4.7026e+00
 9.3330e+00,-9.5809e+00
 8.0681e+00, 1.0388e+01
-6.1164e+00,-3.4183e+00
 4.1175e+00, 7.0220e+00
 6.7346e+00,-1.8011e+00
 5.6510e+00,-1.3216e+01
-8.6084e+00, 8.8318e+00
 5.5171e+00, 1.0458e+01
-9.7674e+00,-1.1406e+01
 1.5433e+01,-2.3497e+00
-1.6849e+01, 2.1645e+00
 7.4883e+00,-3.9709e+00
-1.4321e+01, 8.3327e+00
 1.2913e+01,-9.0797e+00
 4.2151e+00, 3.4999e+00
 7.5368e+00, 5.8690e+00
 1.4013e+01,-4.7958e+00
-4.1991e+00,-1.3649e+01
-4.6212e-01, 3.1759e+00
 1.5354e+00, 1.0221e+01
 9.9180e+00,-1.3887e+01
 3.4060e+00,-1.6119e+01
-9.9022e+00,-6.9334e-01
-8.1660e+00,-1.1264e+01
-1.0592e+00, 1.3081e+01
-8.3062e+00, 1.2582e+01
-5.5261e+00, 1.2485e+01
-1.4965e+01,-8.3664e+00
 4.3866e+00, 1.5282e+01
 9.9069e+00, 1.0045e+01
-9.5042e+00, 3.4790e+00
-3.7175e+00,-5.3681e+00
-9.2017e-01, 4.7515e+00
-1.1713e+01,-1.2838e+01
 1.3308e+01, 1.1314e+01
-5.2720e+00, 1.4328e+01
 2.2020e+00, 1.4370e+01
-5.6148e+00,-7.3358e+00
-4.4780e+00,-1.1077e+01
 1.5581e+00, 6.6528e+00
-1.0658e+01, 6.2121e+00
-3.4251e+00, 9.4745e+00
 2.6797e+00,-7.7437e+00
 1.2430e+01,-5.1439e+00
-3.8233e+00, 1.1604e+00
 9.6023e+00, 1.4683e+00
 1.0811e+01, 7.1548e+00
 8.5023e+00,-6.2888e+00
-5.8549e+00, 1.6284e+01
-1.5592e+00, 9.4451e+00
 5.9196e+00,-1.4765e+01
-8.9857e+00, 2.0299e+00
-1.1794e+01, 1.1286e+01
-1.6806e+01,-4.0296e+00
 9.6500e+00,-2.5210e+00
 5.3619e+00,-8.3530e+00
-8.2733e+00, 4.9818e+00
-3.1305e+00,-9.0520e+00
-1.5464e+01, 6.6716e-01
 1.2874e+01, 7.3755e+00
 6.6175e+00,-9.2643e+00
 3.9017e+00,-1.4553e+01
 2.9664e+00, 1.6087e+01
 1.0235e+01,-6.4944e+00
-1.5717e+01,-6.8686e+00
 1.5322e+01,-7.0579e+00
 8.9387e+00, 1.2353e+01
 1.4931e+01,-8.1255e-01
-6.5960e+00,-1.3629e+01
-1.5663e+00,-4.4911e+00
 8.0064e+00,-1.1714e+01
 4.4612e+00, 9.2786e+00
-7.1886e-01,-6.8703e+00
-1.4238e+01,-1.0001e+01
-1.2835e+01,-1.1505e+01
 2.5075e-01, 1.4346e+01
 1.6224e+01,-3.8914e+00
 5.0697e+00, 1.6636e+01
 1.2965e+01,-1.1395e+01
 3.4132e+00, 4.1963e-01
 1.8211e+00, 1.7345e+01
-1.4165e+01, 5.4596e+00
-9.9960e+00,-2.3910e+00
-9.6697e+00,-1.3626e+01
-1.8946e+00, 6.9283e+00
 1.4772e+01,-8.7873e+00
 4.8426e+00, 1.3815e+01
 9.5344e+00, 1.4417e+01
-5.1285e+00, 1.0628e+01
-1.2349e+01,-5.9970e+00
-7.4510e+00, 4.8546e-01
-1.1281e+01,-7.3204e+00
-5.0602e+00, 2.7509e+00
 1.7005e+01,-2.5569e+00
 5.9660e+00,-5.0711e+00
-2.7437e+00, 1.7246e+01
 2.1423e+00,-1.0014e+01
-1.7268e+01,-1.1648e+00
-8.1110e-01,-1.7153e+01
 1.3460e+00, 1.2818e+01
-8.4896e+00, 1.0354e+01
-8.1972e+00,-9.5036e+00
-1.9837e+00, 1.4994e+01
 7.1641e+00, 7.4014e+00
-2.8602e+00,-1.7008e+01
 1.6504e+01, 5.7136e+00
 5.1677e-01, 5.3220e+00
-8.9811e-01,-9.5516e+00
 2.7064e+00,-1.3257e+01
-1.4276e+01,-3.9332e+00
-3.7581e+00, 1.1894e+01
 4.8199e+00,-1.6629e+01
 1.4128e+01, 2.6553e+00
-1.2838e+01, 4.0359e+00
-7.6574e+00,-2.6888e+00
-1.6141e+01, 5.6555e+00
 9.6918e+00,-5.6752e-01
-5.0140e+00, 9.1183e+00
-1.3132e+01, 1.8235e-02
-1.3352e+01, 1.0946e+01
 1.1959e+01,-2.9925e+00
 1.6871e+00, 4.3663e+00
 1.1410e+01, 1.0864e+01
 9.6809e+00,-7.8898e+00
 6.9284e+00, 1.3461e+00
-1.1009e+01, 1.2608e+01
 1.3804e+00,-3.8506e+00
 1.1243e+01,-7.6949e+00
 5.7626e+00, 6.2056e+00
 8.9133e+00, 5.1753e+00
 6.3835e+00, 1.3324e+01
-6.2376e+00,-1.0412e+01
-1.1108e+00,-1.3934e+01
-2.0662e+00,-6.0258e+00
-6.2159e+00, 5.0235e+00
