0.4733797546
0.8261061446
0.4105636043
0.4675593126
0.4164761258
0.5508529932
0.7677891321
0.9399421914
0.3595348246
0.7099155905
0.4408544094
0.4297398395
0.4572954344
0.3051439354
0.5940015358
0.7593754708
0.9060518362
0.6316806261
0.8694533279
0.3611787016
0.2956693077
0.7675850714
0.3567318062
0.3771345409
0.63711413
0.6178460224
0.5758662539
0.8344860594
0.3218955449
0.4338031111
0.5826599544
0.3044305851
0.2897762633
0.3357864022
0.4636389352
0.6842112166
0.9931935584
0.3501399339
0.3502802673
0.3295789265
0.8008078008
0.6875327189
0.5387843271
0.984313354
0.2980906539
0.2880824845
0.2870682861
0.3842310675
0.3252004434
0.4690096848
0.4775674385
0.337428304
0.9320479086
0.9917475486
0.4332203508
0.4353608293
0.4708791222
0.2893287745
0.3049046919
0.466318699
0.7393159873
0.3279410187
0.5327818131
0.3535445235
0.6520147546
0.6128508855
0.6881961692
0.2982187427
0.7231094049
0.3151061465
0.4954097244
0.3031190845
0.3817314919
0.6906263366
0.8643345252
0.2866443692
0.2874856979
0.3003585437
0.2969678931
0.4708791222
0.4771475669
0.290678803
0.668624241
0.9344867595
0.3205055553
0.8096365988
0.7906542191
0.3107736134
0.3549854742
0.6479579073
0.6105798493
0.6058101607
0.7769104828
0.764926996
0.3249759229
0.4911263023
0.3229821569
0.3560018976
0.6008133957
0.2865923669
0.2891969476
0.5265823431
0.4424356509
0.3310056665
0.8437618396
0.9548976307
0.3152040087
0.3190373823
0.2966056805
0.3729478996
0.3651248476
0.2873586149
0.3699393492
0.3182118769
0.4777774651
0.2883515426
0.316690562
0.9260308322
0.4373154581
0.4336087734
0.380738829
0.4607658617
0.8727119063
0.4480095934
0.5307862016
0.7941892703
0.3509839306
0.8065823845
0.3769720451
0.5808473069
0.2925898524
0.3000817894
0.2910840493
0.9160370801
0.5985424277
0.4240014507
0.5103396232
0.3558563045
0.7566879237
0.3181093788
0.2928279273
0.7079560598
1
0.293466819
0.3930902162
0.2871047357
0.8952771103
0.3818973355
0.6226118936
0.8860144227
0.3502802673
0.763286416
0.3422314673
0.8211132186
0.2975849684
0.5794882734
0.8608205102
0.6855406591
0.9716110726
0.288161383
0.3193494729
0.295161517
0.6042202282
0.3536880297
0.6137592249
0.9289427589
0.2971512598
0.748151615
0.3887939068
0.8886299032
0.2861519533
0.5356690472
0.4480095934
0.9641086662
0.3080424707
0.4906991225
0.6614564689
0.4392782981
0.7057751006
0.3782752767
0.3096982514
0.704683182
0.584019864
0.2869631134
0.3146191693
0.3930902162
0.3971021083
0.8334022025
0.2879044546
0.4424356509
0.6859835587
0.2867865727
0.7118719075
0.502305527
0.4811460275
0.3100541657
0.8776938363
0.4524311728
0.3009199771
0.2866578055
0.5370034276
0.3617802761
0.3507020664
0.5114300343
0.7250425227
0.5656985496
0.3854062248
0.3640541044
0.5964988236
0.2862987854
0.7965340744
0.9801007888
0.3331849712
0.2924024578
0.5358913658
0.3114114438
0.2888180383
0.6661630533
0.7757013367
0.2891969476
0.3009908983
0.2870864239
0.8704345355
0.584019864
0.2882690065
0.8199963465
0.3450420358
0.6502124238
0.286209572
0.3035765894
0.4351658222
0.6271480065
0.7710461185
0.3488829423
0.454047942
0.9300678324
0.5414592646
0.3542633646
0.3200830284
0.2883794009
0.978013655
0.5885552291
0.3955255544
0.2872974194
0.7284701845
0.3477747317
0.2906392216
0.2884925651
0.3487439458
0.389818818
0.2872377885
0.5910510018
0.2861336192
0.584019864
0.3742275837
0.310412621
