-1.3527e+01, 5.0428e+00
 9.1570e+00, 5.9621e+00
-2.5245e-01,-7.8846e+00
-6.8094e+00, 5.1704e+00
-6.5724e+00,-1.7227e+00
-8.2516e+00,-1.5334e+01
-7.5745e+00,-1.0239e+01
 9.6572e+00, 1.3643e+01
-2.3934e+00,-1.1301e+01
 6.8473e+00, 2.8936e+00
-1.1464e+01,-2.8924e-02
 3.8795e+00,-1.6944e+00
 1.1393e+01,-8.0883e+00
-1.6439e-01, 2.1683e+00
 8.0788e+00, 1.4814e+01
 4.4768e+00,-8.3293e+00
 1.0235e+01,-1.0273e+01
 9.5653e-01, 1.1386e+01
-9.9981e+00,-3.2157e+00
-1.0611e+01,-7.5188e+00
 1.6008e+01, 1.6757e+00
 1.1150e+01, 1.2457e+01
 3.7391e+00,-1.6569e+01
 1.4321e+01,-3.3651e+00
 2.4097e+00, 5.6678e+00
-1.1070e+01, 1.1205e+01
 7.9713e+00,-5.9738e+00
 1.2840e+01,-2.9951e+00
-5.9049e+00, 1.5681e+01
-3.9716e+00,-6.3130e+00
-1.6472e+01, 7.7307e-01
 8.0333e+00,-1.4166e+01
-7.8918e+00, 1.2445e+01
-3.6366e+00,-9.8217e+00
-1.0651e+01, 1.3147e+01
 3.6285e+00, 1.3382e+01
 7.0510e+00,-4.1124e+00
-8.6309e+00, 1.4758e+01
-5.9643e-01,-1.4155e+01
 1.1227e+01, 2.1330e+00
 2.6212e+00,-9.9428e+00
-1.9866e+00, 8.4765e-01
 1.4241e+00,-5.5406e+00
 6.7726e-01, 7.6369e+00
 8.2825e+00, 9.0930e+00
 1.5843e+01,-4.9724e-01
 7.8284e+00, 6.8569e+00
-7.9862e+00, 1.0964e+00
-5.9614e+00, 1.2567e+01
 1.2580e+01, 4.4269e+00
 1.4409e+01, 2.0991e+00
-9.3807e-01,-1.6201e+01
 1.3509e+01,-1.5452e+00
 1.3820e+01, 8.9230e+00
-6.6461e+00,-1.5464e+01
 5.5316e+00, 8.9524e+00
-1.3573e+00, 8.4739e+00
 6.6363e+00,-8.6500e+00
 2.6650e-01,-8.9603e-01
 7.7982e+00,-1.0773e+01
-1.5029e+00, 1.0612e+01
 3.1348e+00, 1.1330e+01
-9.1697e+00,-1.0770e+01
 1.0970e+01,-3.6361e-01
 1.3802e+01,-7.0562e+00
-1.4026e+01,-3.6602e+00
-2.2975e-01,-1.1445e+01
 6.4006e+00,-1.5178e+01
-1.3613e+01, 3.5255e+00
-6.4672e-01, 1.5529e+01
-4.3994e+00, 1.3980e+01
 5.9011e+00,-1.0984e+01
-4.7696e+00,-1.3475e+01
-5.4963e+00,-1.1376e+01
 1.7158e+00,-1.7563e+00
-9.0509e+00,-9.2534e+00
-6.2062e+00,-6.8726e+00
-8.3302e+00,-5.2860e+00
-1.2465e+01, 1.1949e+01
-4.0173e+00,-3.3988e+00
 9.5881e+00, 7.5709e+00
-3.6813e+00, 9.0761e+00
-4.8668e+00,-1.5647e+00
 1.1419e+01, 1.0956e+01
-3.7213e+00, 9.7901e-01
 4.2322e+00, 9.9455e+00
-1.7301e+01, 2.0458e+00
-1.0956e+01, 4.8063e+00
-2.3775e-01,-5.8883e+00
-4.8934e+00, 7.4578e+00
 2.9405e+00, 1.6735e+00
 5.9287e+00,-1.9854e+00
-1.3048e+01, 8.3313e+00
-1.0565e+01,-1.2713e+01
 3.2943e+00,-3.3902e+00
-1.1524e+01, 7.2442e+00
-1.3528e+01, 1.2145e+00
-6.3280e+00, 9.7709e+00
-1.5949e+01, 4.4011e+00
 6.5106e+00, 1.4211e+01
-2.7943e+00, 6.5144e+00
 9.4884e+00, 1.0768e+01
-5.4004e+00,-9.5947e+00
 5.4126e+00, 5.1295e+00
 5.9367e+00,-6.8351e+00
 8.3626e-01,-1.4929e+01
-4.0724e+00, 1.5851e+01
-1.4389e+01, 6.4507e+00
-2.7427e+00,-1.3987e+00
-9.9309e+00, 6.7142e+00
 5.2959e+00, 2.9338e+00
-7.2527e-02, 6.0470e+00
-8.7479e+00, 9.5378e+00
 1.0351e+01,-1.2600e+01
 1.2372e+01,-5.4661e+00
 3.1427e+00, 3.7330e+00
 7.6948e-01,-1.7361e+01
-1.3922e+01,-7.4626e+00
-4.3812e+00, 5.7103e+00
 1.4299e+00,-1.2908e+01
-1.6177e+01,-3.2259e+00
-2.8434e+00,-1.4470e+01
-1.3111e+01,-2.4281e+00
-6.1515e+00, 1.6178e+00
-5.0280e+00,-1.5974e+01
 1.6937e+01, 3.4871e+00
 4.3268e+00,-1.0016e+01
 1.6995e+01,-3.6535e+00
-3.5895e+00, 1.1506e+01
-1.4832e+01,-9.0325e+00
-1.4850e+01, 8.6562e+00
-1.0618e+01, 2.6565e+00
 1.2576e+01, 2.8100e+00
 1.3240e+01,-9.4340e+00
-7.2332e+00,-1.4052e+01
 9.4539e+00,-8.5835e+00
 6.5673e+00,-1.3155e+01
-1.0058e+01,-1.0054e+00
 3.0309e+00, 1.4941e+01
 3.1929e+00, 8.5302e+00
 1.3451e+01, 3.5627e-01
 1.5958e+01, 6.2313e+00
 7.6496e+00, 1.1964e+01
-1.5209e+00,-1.2583e+01
 1.2227e+01, 8.2360e+00
-2.6395e+00,-1.6806e+01
 7.3615e+00,-7.6397e-01
 3.4019e+00,-1.4481e+01
 4.9780e+00, 1.5058e+01
 1.9208e+00, 1.3600e+01
-2.5425e+00, 3.5951e+00
 2.5270e+00, 1.6873e+01
 4.7689e+00, 8.7932e-01
-1.3772e+01,-5.7890e+00
 9.8210e+00, 1.6076e+00
-1.0897e+00,-9.6361e+00
 1.2974e+00, 3.2032e-01
 1.2459e+01,-1.0729e+01
 8.7690e+00,-4.3201e+00
-1.2127e+01,-9.0200e+00
 3.5211e+00,-5.7039e+00
-1.4992e+01, 2.2195e-01
-7.7948e+00,-2.8115e+00
-2.1918e+00, 1.6733e+01
 3.4232e-01, 1.3307e+01
 1.1004e+01,-2.1007e+00
-9.1768e+00, 1.1061e+01
 9.9705e+00,-6.2686e+00
-9.0751e+00, 4.5334e+00
 9.5130e+00, 4.4545e+00
 4.0247e+00,-1.2408e+01
 3.4131e-01,-3.6180e+00
-1.3086e+01,-2.5780e-01
-1.2237e+01,-5.3497e+00
 8.7566e+00,-2.2089e+00
-2.0369e+00,-4.4199e+00
 1.9009e+00,-7.0266e+00
-7.6566e+00, 1.0609e+01
 1.4349e+01, 7.4170e+00
 5.2829e+00,-4.9721e+00
-1.5685e+00,-6.7890e+00
-8.2637e+00,-7.2978e+00
-7.2343e+00, 2.8265e+00
 1.4927e+01,-5.5831e+00
 1.4811e+01, 3.6296e+00
 1.8228e+00, 9.9872e+00
-4.6833e+00, 2.3544e+00
-5.9829e+00,-5.7445e-02
-5.1476e+00, 3.8649e+00
 1.1589e+01, 6.2442e+00
 1.6282e+01,-6.3281e+00
-8.2036e+00,-1.2555e+01
-6.6006e+00, 1.4335e+01
-6.8238e+00, 7.1218e+00
 5.4505e-01,-9.3037e+00
-1.6215e+00, 1.2956e+01
 1.0484e+01, 9.5857e+00
-1.1621e+01,-1.0607e+01
-1.0941e+01, 9.5846e+00
 4.4735e+00, 6.8522e+00
-9.5365e+00,-1.4205e+01
-5.2668e+00,-4.7898e+00
 7.0495e+00, 5.2717e+00
-1.5486e+01,-5.8537e+00
 5.9398e+00, 1.1042e+01
 3.8135e-01, 4.3772e+00
 5.1914e+00,-3.3181e+00
 1.1998e+01,-1.2293e+01
 1.0268e+01,-4.7223e+00
 1.4315e+01, 5.3244e+00
-1.4298e+01,-1.3849e+00
-1.4181e+01, 1.0014e+01
-1.2393e+01, 2.5701e+00
 1.1317e+00, 1.6003e+01
-3.4678e+00,-8.2647e+00
-1.7028e+01,-1.1896e+00
-2.2534e+00,-2.8578e+00
-4.8418e-01, 1.7448e+01
 9.1462e+00,-8.3985e-02
-9.7751e+00, 5.1157e-01
-1.2076e+01,-3.7716e+00
 1.7089e+01,-1.5828e+00
-1.2702e+01,-1.1884e+01
-8.3841e+00,-8.1277e-01
-9.5735e+00,-6.1747e+00
-8.2775e+00, 5.8601e+00
 7.4241e+00, 1.3411e+00
 3.2091e+00, 2.5604e-02
-1.2796e+01, 6.3666e+00
 1.4462e+01,-8.4227e+00
-1.5252e+01, 1.8976e+00
 1.2791e+01, 1.0143e+01
-1.1539e+01,-2.0346e+00
 2.2502e+00,-1.6179e+01
-6.6269e+00,-8.3455e+00
-1.4727e-01, 9.7800e+00
 1.2658e+01, 1.1859e+01
-1.3487e+01,-1.0524e+01
-8.7563e+00, 7.9769e+00
-1.0629e+01,-5.0071e+00
 8.1524e+00,-7.6085e+00
 6.2692e+00, 1.5908e+01
 1.7453e+01, 5.9477e-01
-2.5251e+00, 1.4953e+01
-5.4833e+00,-2.9521e+00
 5.1736e+00, 1.2364e+01
 5.1491e+00,-1.3938e+01
 5.6934e+00,-3.7742e-01
-1.5865e+00, 5.0580e+00
 1.4183e+00, 2.8054e+00
-1.6714e+01,-4.9326e+00
 7.3038e+00, 1.0413e+01
 8.3446e+00, 3.2121e+00
-6.6495e+00,-3.9510e+00
-1.5941e+01, 6.5460e+00
 4.1972e+00, 1.6775e+01
