0.5227194099
0.6858873206
0.8390696184
0.2879492198
0.3150652395
0.7007727996
0.3507353255
0.3602466861
0.2915389429
0.3837445595
0.5668876201
0.3299303117
0.2889379303
0.3595061231
0.667488787
0.4664932889
0.4937158699
0.6557378556
0.5921441153
0.754525915
0.2982993429
0.5884946951
0.9258347124
0.3142133931
0.2936129599
0.8244911803
0.3608414599
0.2950921069
0.2888779589
0.2882546509
0.3007752656
0.3189035034
0.6905685337
0.4754532369
0.8844630479
0.4788175478
0.2879114715
0.803626179
0.8494655191
0.3635433363
0.731769146
0.330398596
0.2884394318
0.4656660724
0.93361503
0.7699126202
0.7657843175
0.3023546278
0.4815626833
0.5260389733
0.4864442208
0.4798721503
0.7608004202
0.4449620242
1
0.3279665856
0.4986705253
0.9703496646
0.3467404552
0.2888977745
0.5472454571
0.9048444336
0.9945614312
0.4758728979
0.4439675034
0.5682482253
0.2879413191
0.5823417303
0.3097154019
0.5750605275
0.7117794279
0.368447944
0.7699126202
0.4995350166
0.9275508088
0.6638792254
0.8352406612
0.4283374186
0.2909808848
0.2898336255
0.4603162122
0.9503536522
0.8276680429
0.3443188765
0.7098051812
0.4275704021
0.7803335347
0.6019601937
0.2880378772
0.6912361558
0.4173585022
0.3409006383
0.334107579
0.3044710254
0.4875095056
0.2980598604
0.6282203941
0.3093728652
0.3190050391
0.3261577788
0.5172066923
0.5914596924
0.3119145071
0.2959729682
0.2881674221
0.3322953233
0.4952208512
0.9447235402
0.3013827885
0.9787979865
0.7564133814
0.4687737315
0.3656732769
0.7306922245
0.4507691269
0.3559966876
0.4094245119
0.9564820759
0.315160678
0.4218638537
0.4576592625
0.3072094462
0.3130975334
0.6430269291
0.6305010912
0.9156105895
0.3635433363
0.5526459914
0.3254893901
0.3532721088
0.6368821255
0.2994736792
0.4216750552
0.3542703323
0.616121966
0.5418608655
0.5637155189
0.3988401475
0.6773834755
0.6582282511
0.5923722712
0.9186664394
0.8576918365
0.601731816
0.7049662404
0.817122923
0.3009762722
0.6816405278
0.4390252812
0.2891491969
0.2904366053
0.3024961197
0.3590633386
0.3505956702
0.3726851203
0.3228703038
0.4354989102
0.357158134
0.4066998026
0.3969069227
0.5104076709
0.6509772888
0.3752379423
0.9903772128
0.2881793574
0.351435624
0.5329259471
0.3223356895
0.4212977365
0.28872573
0.3869309213
0.3644531342
0.5490439357
0.9737499094
0.2879114715
0.8096455175
0.2959729682
0.2900542816
0.895086013
0.3063272139
0.296791037
0.2899150653
0.456437115
0.944488476
0.382249655
0.7574600917
0.4527866423
0.3679826939
0.8173132295
0.2933017631
0.3948127248
0.4435702563
0.2879655475
0.7770809803
0.9127920581
0.2910482155
0.6484806456
0.4127237567
0.9943408363
0.5823417303
0.3082774643
0.8652280024
0.8735933096
0.3448531321
0.2910144634
0.340512336
0.9767425386
0.5353778405
0.9157505063
0.6065282852
0.8857344238
0.2883362547
0.2991587581
0.3129137784
0.9026273617
0.3228703038
0.2877674846
0.3097154019
0.5295892065
0.5150088814
0.2878119126
0.2989718214
0.3511551005
0.4932863587
0.340512336
0.2887815039
0.9521381014
0.7553653245
0.6661358774
0.2889582705
0.7987242089
0.2885511917
0.8379791071
0.4294906105
0.7411955745
0.7628809618
0.6625241829
0.2877834649
0.6679395726
0.3415506294
0.3839112354
0.388284782
0.5784718901
0.5614521228
0.2948920096
0.8590740372
0.4937158699
0.2878159514
0.6580019479
0.2880782526
0.2877834649
0.2880678956
0.5939695612
0.2878659955
0.3060112977
0.4786068117
