0.3214897142
0.3301277626
0.2947030548
1
0.3326638518
0.3851664102
0.403609858
0.6433284063
0.3692250554
0.5161188395
0.4549921699
0.38265477
0.2867028432
0.2875262432
0.8069323022
0.7255683452
0.2857311777
0.2873238656
0.5756578084
0.2860264622
0.6306870403
0.8316124725
0.9522360534
0.6191449745
0.3604813232
0.9694873256
0.9866208583
0.7924603636
0.5244635728
0.3569214681
0.6141605501
0.5849287696
0.4499486697
0.7298345949
0.3821554783
0.2856909267
0.4296796437
0.5903627639
0.3914682117
0.4916719343
0.2855926429
0.3026095062
0.7583210762
0.5353005176
0.4708008518
0.4374495791
0.3124825407
0.6419760451
0.774606095
0.2889384655
0.557635507
0.8703791492
0.3394742181
0.8279851396
0.4874105642
0.4358849499
0.3170874933
0.4214801323
0.3071920194
0.4483445115
0.3094555006
0.4517590495
0.944132625
0.4724657338
0.7926558175
0.3115471553
0.2907728994
0.3170874933
0.6241265193
0.8914567501
0.8844579467
0.4362756157
0.8272560198
0.8167360484
0.3341415202
0.5833447192
0.8480699844
0.4352995685
0.6019201226
0.2877671501
0.2980956098
0.3725463873
0.7652877387
0.288383678
0.5194061701
0.3612321543
0.4012846724
0.7477508459
0.7687460898
0.2873238656
0.5335257834
0.3808290198
0.3418352201
0.3849981842
0.2857536546
0.2971355574
0.2861739754
0.2899605564
0.702231796
0.4739257916
0.9639701333
0.2965163369
0.3045547511
0.3142056385
0.4590593821
0.3844941756
0.5547180331
0.8793195057
0.9524411405
0.8779012712
0.8813553597
0.3301277626
0.3402562283
0.3786891002
0.6780156269
0.5533727507
0.3427654714
0.3603315353
0.306017952
0.534412898
0.2914719764
0.7485849345
0.551580315
0.9398562049
0.3465534242
0.5359665596
0.2858398972
0.5899097767
0.3930235588
0.2860517173
0.5951204697
0.2882299826
0.5772393455
0.3196755509
0.7517052088
0.2860140956
0.7154722736
0.2855821865
0.8097800883
0.3612321543
0.3550240203
0.2877124051
0.5198451482
0.4871980639
0.465418312
0.3085721959
0.3351380523
0.5117499357
0.6487320298
0.2873984593
0.4123405862
0.3038427782
0.6211832833
0.5408591623
0.2922625233
0.358395823
0.4260365521
0.3157795639
0.9181411532
0.3143028459
0.820824933
0.3056062697
0.67156903
0.6437790691
0.5905892668
0.3684420887
0.3244604154
0.31637999
0.6543499178
0.479164738
0.4495471805
0.381657205
0.8232243078
0.6868673722
0.2865688323
0.2855889832
0.7760129752
0.2914719764
0.3214897142
0.2867628796
0.7011401054
0.7490016623
0.7922648437
0.3077908209
0.3066849994
0.308049845
0.4070387109
0.2882909434
0.4693474084
0.3959849625
0.291073372
0.2871325669
0.6651002322
0.7630410342
0.4910313656
0.4493465481
0.2919778949
0.9315920367
0.3041575912
0.8636608505
0.7072413784
0.6241265193
0.3736651951
0.2914719764
0.7315358895
0.850315458
0.7104973964
0.3524329841
0.4327715441
0.9595426509
0.2898830883
0.3531484745
0.5493418926
0.9742551188
0.2870636879
0.6347547322
0.9803322853
0.3958099175
0.3573624302
0.9190636733
0.7812121093
0.2864433285
0.2898063058
0.2855811408
0.5468824674
0.734929359
0.3297706745
0.3427654714
0.6055472203
0.3088355196
0.3543000539
0.5240230168
0.5473294085
0.3557512267
0.2909435738
0.4229932305
0.8911564634
0.4743435088
0.31637999
0.2857536546
0.3246847999
0.30487539
0.285703647
0.6084941975
0.9182732354
0.7448249443
0.2859106264
0.5969334558
0.3914682117
0.4660371243
0.358395823
0.2994337368
0.5084843808
0.9359043964
0.4637710699
0.2858592351
