0.5368509778
0.4732580109
0.2889951034
0.2884364596
0.5377406849
0.6183221442
0.7867466703
0.5209269767
0.3113776263
0.2877787184
0.5648528971
0.6185489676
0.3566290939
0.3656380142
0.4808102131
0.5180718746
0.9570438435
0.3204938872
0.2994624642
0.28652748
0.740277753
0.3621309439
0.4622884177
0.2884070645
0.614238507
0.4846151055
0.8996629365
0.9522754331
0.7924598058
0.3225383568
0.3794852482
0.8971710152
0.2913461188
0.6925688074
0.6890409526
0.7337150996
0.2860769825
0.6298813198
0.496566996
0.3027564335
0.7861525524
0.5910920264
0.5041185829
0.2867291866
0.9136329772
0.3193352625
0.3339353152
0.6470548719
0.2865864109
0.3089533685
0.4401524808
0.4600352209
0.8124835186
0.3059837786
0.2860565706
0.8209115672
0.3078274734
0.9566471127
0.8819750244
0.3185042142
0.2895033246
0.6151461026
0.2956928467
0.3473941789
0.3153767417
0.560123686
0.4509067654
0.3286439084
0.2971286072
0.420868348
0.4753479349
0.3698383015
0.9773310534
0.5388535006
0.5856513196
0.8922572899
0.4115611357
0.5671077165
0.8286430734
0.3853054421
0.2898268495
0.2896453934
0.2894682376
0.2917421427
0.3245253394
0.2867459205
0.7094201071
0.2955775603
0.285995157
0.3897178272
0.3768713209
0.365791986
0.4100939998
0.3138207569
0.919010529
0.5768212705
0.5551787179
0.3681163221
0.5684614192
0.3193352625
0.4946349742
0.6065222149
0.3231952874
0.3031353824
0.2859344366
0.9546380483
0.8853960316
0.3598794673
0.8745222302
0.3785015489
0.2871171116
0.7698988602
0.8566711035
0.3160699857
0.7729390474
0.6470548719
0.5865577994
0.310285917
0.2869414714
0.6253507395
0.5983516025
0.4331120196
0.7286026896
0.2878297218
0.7266786363
0.365791986
0.3916069073
0.3224293947
0.3110111951
0.3165698007
0.4115611357
0.353872178
0.3836283806
0.8615618294
0.2871374959
0.5364063084
0.8510208472
0.4519137756
0.7167881761
0.2859862586
0.7024435362
0.2874872556
0.3045333105
0.4210568592
0.4427207164
0.2860565706
0.4460992633
0.8394551288
0.4077231992
0.6450254718
0.8149333605
0.324749107
0.415070207
1
0.6176416427
0.2865864109
0.3082573166
0.296578892
0.7096374835
0.4437120633
0.5043352055
0.422378979
0.5650783007
0.7944170875
0.6634597089
0.4711743394
0.2860317963
0.8169967859
0.3665636946
0.3964741143
0.5506925858
0.9882788883
0.4924931783
0.4547431895
0.3468442292
0.7809795735
0.3601780194
0.294140122
0.6562817357
0.2870768642
0.380638136
0.7755629493
0.673513102
0.9231999558
0.3834612927
0.6781865416
0.3949005594
0.2860769825
0.4732580109
0.6371216205
0.5091125007
0.3730065859
0.4336946255
0.2862638057
0.8396329577
0.2859365304
0.3699955728
0.2859906206
0.2895385837
0.9649811416
0.3159704864
0.3063959694
0.2895385837
0.3117465807
0.482287673
0.3182979816
0.2859742194
0.356922016
0.8260805909
0.4653742538
0.3171746707
0.7332901035
0.9713441384
0.3461598327
0.3746086347
0.4709663203
0.2880406633
0.5264356016
0.3414645183
0.7763682404
0.5032525609
0.2859339131
0.669721135
0.2859375774
0.5722999955
0.4616730834
0.4903566405
0.9925898489
0.5610238396
0.6558323908
0.914177722
0.9198037069
0.2861743245
0.6425433389
0.90155031
0.5130371692
0.2860632001
0.3091289754
0.7965624278
0.3070638408
0.3046125165
0.8227643432
0.7467924384
0.7041913505
0.8100215991
0.7011311095
0.2883487928
0.2859820711
0.7215299606
0.3168715421
0.4531246255
0.3066452156
0.370625866
0.2860841353
0.3141094677
0.2859862586
