0.374332876
0.8921460722
0.3404718821
0.9912105443
0.8206202057
0.4072212715
0.979815343
0.2892861136
0.7668594511
0.5067830011
0.2905177311
0.4863675594
0.8439898744
0.330122167
0.5203342672
0.6036769431
0.7037051899
0.3041508715
0.7137197043
0.5665174953
0.2925939782
0.53203785
0.9171148335
0.8068461565
0.3304790193
0.7467847878
0.8935001891
0.390618312
0.3260563972
0.3503690651
0.2910825908
0.6120793374
0.3213105188
0.4108696662
0.3177559471
0.4931926625
0.6734381649
0.626375423
0.7238622653
0.3502286192
0.5803086735
0.6885367711
0.4772870871
0.7264364257
0.4306403631
0.9526959837
0.2883649073
0.5061315283
0.3118257909
0.9373401588
0.4360773804
0.4747726224
0.3042289843
0.3062345012
0.7161018956
0.3033786959
0.4491456326
0.8943987975
0.2987593249
0.7578177382
0.7398409534
0.99111172
0.4090405681
0.8858837818
0.2940910237
0.2860977145
0.8443420009
0.3007342799
0.6512429788
0.4998556772
0.6966912616
0.5400416267
0.3547884708
0.2880924254
0.7499225381
0.3904466997
0.3686312759
0.427371974
0.7389955522
0.3171470458
0.5141943055
0.3838397152
0.4106863183
0.5220942415
0.5451754137
0.3014475027
0.5993623947
0.30947561
0.4209116735
0.7124182295
0.6618075523
0.3231536316
0.5821208852
0.4431628251
0.9240963331
0.4770772125
0.5852938003
0.2866710179
0.5159453336
0.789354753
0.3159459056
0.3466240297
0.2863799685
0.4138163479
0.5223144105
0.3708300377
0.3026228322
0.2880924254
0.5384821986
0.3048597344
0.5258421954
0.3495283895
0.9595303119
0.8955917796
0.3575592306
0.2896277009
0.2870995427
0.3733718278
0.694051636
0.4421725101
0.2866429298
0.4212888125
0.5941409207
0.363543472
0.7861890139
0.3656855051
0.7532563492
0.8296470345
0.8685052065
0.3899325163
0.3911338009
0.4566177901
0.2896277009
0.520993969
0.2874870531
0.2962058215
0.8874252399
0.4197824499
0.6627045108
0.9575710632
0.9631353412
0.6832235537
0.4489450935
0.5521172261
0.2952857189
0.8102778468
0.7944635764
0.6032227527
0.2888989743
0.8826174171
0.7002028767
0.4850941155
0.8434610863
0.2883090258
0.2874433087
0.7613241305
0.311182526
0.4054118811
0.9078983988
0.3617269324
0.2891217855
0.3068141414
0.31604515
0.6243346405
0.2983035071
0.3823391664
0.674998569
0.2939344493
0.8270863165
0.3448559725
0.5260629941
0.2995596608
0.30947561
0.6197974543
0.3013754399
0.2875994527
0.3060703402
1
0.4541833894
0.5322596188
0.2867903378
0.5236362163
0.2870624027
0.3083407947
0.801656307
0.686767705
0.4009324297
0.948772717
0.4167874204
0.4194067759
0.4401978477
0.4927644847
0.3459412888
0.2990234486
0.6480878636
0.3033023747
0.3553678983
0.310547004
0.3001064735
0.2909998398
0.9747608414
0.8358036162
0.3423134469
0.2888678347
0.4857305845
0.93495228
0.4625430848
0.2867144567
0.6272822215
0.2863139961
0.2872350102
0.7966115654
0.3197205832
0.8975177497
0.290917774
0.4343225786
0.2863900907
0.38602328
0.2867903378
0.2888989743
0.3815095013
0.3376332368
0.3916502657
0.8035843407
0.7341192912
0.3502286192
0.2860914294
0.3253775767
0.638829522
0.3701993973
0.5216540178
0.341916539
0.2866021041
0.3375058233
0.3477234531
0.3193023855
0.5683230267
0.2879882825
0.9052065328
0.473518721
0.3463505264
0.9462619126
0.3117334227
0.4908403016
0.37162105
0.3717796132
0.2866998029
0.6275088993
0.5624591488
0.4654243139
0.4218552034
0.3328914237
0.7889599385
0.9142726889
0.3498080811
0.4631593733
