0.4105302699
0.2930503263
0.6418539912
0.6260315412
0.6785851775
0.2869507911
0.2857542112
0.2968524444
0.3953133287
0.3441477091
0.6226344519
0.3117068589
0.9041975002
0.850061539
0.3016457507
0.5431430031
0.3083813246
0.7424793859
0.3746598502
0.334188817
0.9886314804
0.3099720785
0.4724994894
0.5442587449
0.7792169504
0.6199155909
0.3223055575
0.418685849
0.3759509458
0.3425414691
0.4339645366
0.6167424805
0.3099720785
0.3384840327
0.2858086093
0.2975403577
0.5424738882
0.3519010708
0.8560527819
0.7748018396
0.5322472664
0.5949720975
0.6434327153
0.8284095767
0.688102367
0.3995353521
0.2945216304
0.4849008141
0.4372819734
0.3633851844
0.4495768896
0.4745866641
0.9170183854
0.3836857607
0.5085275715
0.4013121354
0.6420795688
0.3566643995
0.5619687469
0.3253020214
0.8687096814
0.4727079266
0.5931585195
0.3830176662
0.4218851082
0.5800229593
0.4249200169
0.9105048685
0.3557878153
0.4895763555
0.5868138931
0.9460460911
0.8796129501
0.3210088998
0.5520871511
0.3140758663
0.9008995958
0.2896176604
0.3200506887
0.286441232
0.9043397554
0.9014767207
0.2898409185
0.2881406706
0.2858501028
0.4247296664
0.8118970903
0.2895810518
0.3036084656
0.2994503709
0.297667599
0.4228310552
0.4038167543
0.6332717862
0.7699518377
0.9664990642
0.4222632169
0.2865056854
0.8295015394
0.3038420186
0.5070065577
0.3146589429
0.9574345491
0.9522093617
0.303299337
0.4224524064
0.7954036207
0.2964857304
0.6750299288
0.3334478847
0.7531284889
0.6183291702
0.3497831441
0.3036084656
0.5626439227
0.6479390505
0.8118970903
0.5696300322
0.7287168656
0.318377598
0.2884694804
0.4048962153
0.9124276453
0.2858849695
0.2932016237
0.3097927883
0.7143264759
0.3536167628
0.8111414035
0.2891551544
1
0.294357658
0.9822137137
0.6958051014
0.3748208258
0.2960061432
0.6106204584
0.4308642798
0.3185845994
0.697778997
0.3099720785
0.3373311747
0.7834033572
0.2869715077
0.846418739
0.2884081432
0.3374587079
0.3328343801
0.3002814326
0.410896983
0.8785093131
0.7804158839
0.2857371239
0.3949642184
0.5698556537
0.427785843
0.8073459474
0.5113580424
0.2858635267
0.7861788182
0.7391108663
0.5009449504
0.2997247514
0.6282952078
0.6801382944
0.5619687469
0.4416100864
0.6975598173
0.2858776476
0.3185845994
0.4235894288
0.2860157059
0.5520871511
0.9703968345
0.2873502295
0.7576792612
0.9894013383
0.3667632852
0.4376738221
0.5843229236
0.6506395713
0.5065723862
0.4942779602
0.6770306459
0.7609720658
0.5836437502
0.8505790137
0.2983793163
0.5267177257
0.319944979
0.9405668838
0.5231903261
0.2953642206
0.2861014571
0.9273736284
0.3175557138
0.2866789864
0.2947426192
0.4947066312
0.2858086093
0.3757891482
0.7019365318
0.3683184598
0.4353276474
0.405076476
0.8734090569
0.4949210435
0.5480572496
0.7447877218
0.4493762293
0.6362099276
0.4599075231
0.3868836634
0.3012809733
0.6839040898
0.3815210629
0.3823513767
0.3722594078
0.3416136327
0.2918030699
0.7646591486
0.2864570845
0.3127371727
0.2862112467
0.4949210435
0.2922691892
0.5320256808
0.3991812292
0.9791294166
0.30943611
0.5462687763
0.9587923772
0.9110561572
0.8122745055
0.2873265648
0.2857275339
0.3184810223
0.8340217465
0.6162890956
0.3185845994
0.2858140141
0.7282902042
0.4836303425
0.313116533
0.3457736094
0.4114477764
0.2857280569
0.3321029161
0.7012809585
0.9166178352
0.2888191663
0.5074409094
0.7568538279
0.3486658022
0.2860258153
0.2890525502
