0.2951382159
0.4090105848
0.2884353457
0.2864689743
0.7923665138
0.2917453305
0.5170256932
0.3033225769
0.3064852758
0.8716717314
0.6966018022
0.3733579211
0.347044946
0.3744788133
0.2939173707
0.7190673871
0.4102896086
0.5384775143
0.9954851523
0.2874503357
0.3673759408
0.4290658185
0.609626114
0.7235948488
0.3371467371
0.6748821932
0.4957423071
0.2864619863
0.9449195275
0.7511632892
0.4557722154
0.6495211329
0.2863624012
0.4649802152
0.8149192726
0.6751052637
0.7553285954
0.6650414886
0.3330419336
0.8224080618
0.32735249
0.3866772803
0.4465108898
0.6214404758
0.4467105227
0.4762088906
0.4874038443
0.2883020262
0.287411077
0.6815621743
0.2872075979
0.2894238136
0.8909059918
0.3887139273
0.8795558603
0.3543570649
0.9285588451
0.9361991272
0.6046258585
0.3858333999
0.4649802152
0.8139750146
0.4421387089
0.4739064841
0.4553662931
0.5767057315
0.4119410877
0.3341459629
0.6395789498
0.7016534511
0.5640473935
0.6314245935
0.9003109722
0.3263234038
0.3975445111
0.2891355528
0.3272375546
0.7147380199
0.4929538228
0.2874902904
0.3220037391
0.5291483262
0.4672521777
0.348146351
0.385328413
0.2875309408
0.6472642417
0.3410123221
0.3679973533
0.3412745077
0.3079929314
0.9392873899
0.290600295
0.3195638612
0.7974589391
0.4553662931
0.2924599061
0.7921697597
0.2923225921
0.3492563813
0.468080337
0.3741579637
0.7964831155
0.939990276
0.6994594108
0.3282772913
0.2917453305
0.6422933744
0.9633646501
0.849933495
0.3288600816
0.9881195928
0.3966664782
0.7308834293
0.478518727
0.9742148843
0.2880977331
0.6255267962
0.297722244
0.6309711434
0.3357611867
0.5518959664
0.9763349493
0.2863372409
0.5998532108
0.5748945187
0.287572287
0.2898299134
0.2864619863
0.5298127523
0.3132027565
0.6037167301
0.2866668821
0.2949194662
0.2867975122
0.8549414341
0.8739457683
0.3256440275
0.5329174681
0.6549303887
0.3014068575
0.9075117114
0.348839112
0.2866246147
0.7270313023
0.5320297332
0.4608703466
0.2974739095
0.5554897997
0.9270355635
0.5161486372
0.8149192726
0.3148303821
0.819613461
0.6831170972
0.4385900989
0.3865082811
0.6173521322
0.9510522222
0.7972639082
0.7513720637
0.596444873
0.2885729982
0.2977847456
0.2869345805
0.5715008889
0.4319598365
0.2863257088
0.7852425006
0.5032922223
0.3432585849
0.3090269257
0.4998333262
0.8831835346
0.3018390944
0.286735518
0.2864237262
0.3254187597
0.4427326706
0.3684646999
0.3257568848
0.3209330381
0.323198984
0.3744788133
0.9289374217
0.4193746139
0.8647481778
0.5719531833
0.2900064504
0.3194596082
0.6768888443
0.7090853002
0.5460693317
0.9849106956
0.3428592796
0.3041663862
0.2950285032
0.7860381711
0.6103079388
0.3245236595
0.3016943572
0.7203628966
0.3989548161
0.7792428472
0.3041663862
0.286396646
0.3687768758
0.3676864015
0.4596427683
0.3096407165
0.8404272255
0.2941232561
0.5789708971
0.2887729867
0.5640473935
0.7055934307
0.3509375026
0.2892939702
0.5577388887
0.9552319892
0.3861706172
0.3584417742
0.2864986724
0.858694347
0.2898648761
0.2880729772
0.3112548344
0.9415005543
0.2873346477
0.5146153777
0.7058119611
0.8272125127
0.2864420703
0.438786556
0.3340227177
0.4571952138
0.9011874774
0.4148963257
0.6835610916
0.3905947914
0.32430138
0.343926849
0.8845902085
0.3803345036
0.286747568
0.6100806654
0.428105474
0.3164034392
0.8151079086
0.4961720808
0.2865311643
0.8637467976
1
0.3865082811
0.3890549152
0.3018390944
