0.4774075048
0.6245031948
0.4404889981
0.4348039932
0.9282953904
0.2991655728
0.6160856897
0.3084111743
0.6598321424
0.3304577048
0.3204004733
0.8139785656
0.993245015
0.7664865115
0.3978423137
0.8941850367
0.2885936856
0.2977141609
0.2925746709
0.474262734
0.2894538837
0.5183104173
0.3655065766
0.3213512908
0.9095620804
0.7206756332
0.6085738497
0.6771023945
0.3282339046
0.2872410066
0.4318911102
0.6535191004
0.4328599423
0.2872285875
0.3900329284
0.4361698484
0.5398041921
0.5302351809
0.302551237
0.2882826366
0.4198722331
0.3311709685
0.6600573145
0.3039706481
0.7221887784
0.9694902594
0.3418324235
0.3530716229
0.4320847053
0.5451698707
0.4448474032
0.6292766819
0.3915772942
0.7546886231
0.3470639461
0.3086674486
0.5409206549
0.2909986044
0.8074830298
0.3038184489
0.655549975
0.2875421537
0.5012991084
0.2978368551
0.9694902594
0.6553243987
0.2991006296
0.2872410066
0.4847982877
0.7456718496
0.6679244247
0.8585652112
0.4559075421
0.8179494032
0.3809562748
0.2921358906
0.8745629711
0.3773538964
0.5674559955
0.3258381606
0.3499669318
0.3647412429
0.3138094247
0.2882373924
0.5694919765
0.4020951268
0.9308343443
0.523376002
0.7615411091
0.527354498
0.5242590674
0.7740453693
0.9478080545
0.7403857775
0.7578108122
0.924412347
0.5134851424
0.2948656869
0.3555146035
0.4901207768
0.2869302946
0.2893335234
0.2978368551
1
0.487774568
0.2917556462
0.4363653054
0.7799127207
0.5742476704
0.7977852067
0.830402205
0.7847293154
0.8885231822
0.4542846952
0.2950246815
0.7265002523
0.556623092
0.2875101557
0.5465138392
0.8285648404
0.325613421
0.8520189377
0.3690670662
0.3788207835
0.6040207372
0.3776790515
0.9250657119
0.3822801236
0.6333651052
0.6566775641
0.7991531235
0.3194620432
0.7267153601
0.9754861248
0.2871465464
0.4778278575
0.6097121267
0.6793341283
0.2895770158
0.6199540966
0.3432867434
0.4084029457
0.8892955776
0.5498779726
0.4274623431
0.5624852464
0.9732707999
0.3262894324
0.3539295083
0.5375735459
0.6469652392
0.3071515288
0.7697650687
0.9683330519
0.6469652392
0.2873748057
0.4926878219
0.4385208123
0.7940558296
0.4091316613
0.5137040308
0.5004343346
0.3133377773
0.3016142677
0.9999684284
0.3752518769
0.3081563464
0.8740750106
0.2921358906
0.3253892798
0.6385840967
0.5137040308
0.8246818954
0.8919047389
0.427079423
0.6815630297
0.4307313467
0.5041150048
0.363826972
0.2876252023
0.2879005112
0.3039706481
0.2874944186
0.3498273459
0.3581424733
0.5128287353
0.3102353839
0.7312221428
0.3768670451
0.6304126714
0.902075822
0.2936001914
0.3503864944
0.3908898149
0.3085818632
0.5990130008
0.9167904533
0.28983159
0.2895151034
0.3571155224
0.4803550725
0.9049853801
0.6490007422
0.3334642418
0.3946924413
0.3566773457
0.2872042734
0.3594721335
0.3076510359
0.4257419981
0.8514970817
0.3115814918
0.3741283184
0.3106801082
0.7613343436
0.3599176669
0.4450464264
0.2898969639
0.9512101699
0.2880216164
0.7100262064
0.8467675621
0.5328994958
0.2922657258
0.2877671514
0.9804908834
0.3819484722
0.2872924302
0.5351234516
0.2881928443
0.3446233855
0.5762878202
0.3430210729
0.2874183511
0.3652000685
0.960614205
0.7361346461
0.4462422129
0.2867937943
0.2876423355
0.4918312766
0.4700917964
0.6033378006
0.2908097079
0.313431792
0.5251427356
0.2871140075
0.2874332155
0.6078908768
0.8181376968
0.2877856798
0.2879805511
0.309011395
0.4288053411
0.4299599002
0.3626149852
