0.6322640343
0.2962146074
0.5575803059
0.3001094478
0.3079706264
0.3444283235
0.5745706409
0.7201856067
0.3142579713
0.7679131218
0.3364210129
0.3134164695
0.9510374371
0.5675352542
0.7606611028
0.3515560249
0.981799741
0.2893420846
0.4335478787
0.288436043
0.390664037
0.5927858798
0.2876886924
0.7525006515
0.5909614981
0.7573231757
0.5271283034
0.3083868907
0.3039573165
0.425083701
0.4057916029
0.3155923895
0.5501425102
0.4229947231
0.3618718034
0.5251343829
0.3005712366
0.4664870795
0.2881229791
0.4535909465
0.3715660021
0.3898090499
0.6306689144
0.3707786228
0.3939380852
0.342047822
0.824114561
0.3191647186
0.4714723374
0.7672942422
0.5759340909
0.356123513
0.4611306063
0.6891402617
0.2983443822
0.8256115426
0.8932958768
0.5623265812
0.2962146074
0.2943654936
0.9682419128
0.3618718034
0.4656599679
0.4681445577
0.2915521458
0.2877176523
0.6210901775
0.6915874361
0.8003242928
0.4911318036
0.7320801889
0.6558910848
0.295731633
0.3742658301
0.2925296056
0.7643993437
0.9057506149
0.7050846693
0.396550592
0.4056112511
0.356123513
0.2970501174
0.832104693
0.2891753253
0.5605173549
0.8829424117
0.3542515748
0.9284352013
0.3564134798
1
0.5483435606
0.8821421595
0.619036216
0.9515924788
0.4052508529
0.6475034968
0.5503674979
0.2894412125
0.7123303223
0.8102398708
0.9387844074
0.2897281925
0.4654533608
0.4048908627
0.6363635542
0.3068266623
0.3135093365
0.6752794977
0.9742596342
0.288084561
0.4509659301
0.996512462
0.2922851806
0.5722994373
0.2884528765
0.3635285202
0.5875421667
0.2950583387
0.3734681314
0.3129545136
0.3159793149
0.3052478194
0.7387237252
0.3472623403
0.2892220985
0.774481954
0.3394561166
0.3419168994
0.5112677668
0.3086385912
0.808116352
0.2879898233
0.2959982525
0.3967256196
0.3406154022
0.2976870354
0.5514928254
0.851018005
0.931917359
0.4642151604
0.2878966536
0.8992276512
0.4248933385
0.4310293736
0.700894516
0.8942175464
0.8366858544
0.3545381117
0.8939106887
0.2927380305
0.9186596874
0.3575785899
0.8125467851
0.3243487691
0.5809376813
0.3285046311
0.4952097518
0.7480731045
0.7746862586
0.5454239815
0.3608255785
0.3953284028
0.6669585603
0.4425744732
0.2941736914
0.406875846
0.3511348268
0.7689434365
0.5040737405
0.3008387892
0.2986499154
0.6217747454
0.5639107357
0.9989418408
0.288084561
0.3181521534
0.2935692583
0.6552119112
0.2987115268
0.4181015723
0.5227015683
0.2947573059
0.3321435341
0.6973560192
0.8735242602
0.4306432151
0.9899876664
0.5047256186
0.297805035
0.3186564971
0.4693904869
0.2919689374
0.3340768893
0.9602186994
0.5716183844
0.7195330368
0.2879466613
0.2954692669
0.4949946393
0.304710687
0.5145541855
0.6660570322
0.2876765816
0.6547590358
0.4864348628
0.9357008416
0.4059720565
0.762117012
0.2882924174
0.3012451198
0.4077821622
0.7856286292
0.936570615
0.426992295
0.4832482895
0.4292944235
0.3609746543
0.7151730311
0.476285201
0.6705609286
0.7922260254
0.2902432323
0.2879161306
0.8515455403
0.415864655
0.3343211794
0.2883231088
0.9315340449
0.6461412199
0.3314281757
0.8451673553
0.2884029009
0.4785988287
0.3007046792
0.2880010521
0.4121672372
0.4047110209
0.4758653533
0.8284055705
0.2876456894
0.2876377906
0.2876360353
0.2878598037
0.3766769297
0.555323641
0.412351184
0.2876476202
0.309573927
0.2876628909
0.3658123959
0.8687055676
0.2876409501
0.4693904869
0.3200892633
0.5238068123
0.3082198992
