0.4898976764
0.8635508695
0.3284146993
0.3170895557
0.3750690056
0.4926751599
0.854600655
0.3809440039
0.5350485797
0.3366832665
0.3055263375
0.7390729786
0.2860962972
0.3776615153
0.2895402715
0.2896810156
0.5987997125
0.7812681539
0.286485605
0.3739442535
0.5261884279
0.9734805734
0.28854304
0.2908650385
0.8698218123
0.8530576075
0.9922741653
0.2920760141
0.3155918834
0.9138340962
0.7432902265
0.3274861088
0.4845822277
0.768759498
0.4606144107
0.8282183692
0.5475365575
0.9053273592
0.6777700119
0.6797706191
0.3130787041
0.941479529
0.6106061946
0.3175964967
0.7228717231
0.5012759796
0.3989093862
0.3836029858
0.8057427958
0.3313769458
0.3062612967
0.3497446704
0.9004324853
0.3518589412
0.3532849877
0.3876454924
0.4189555113
0.3349265767
0.2867540463
0.4896843989
0.6135574859
0.2930720147
0.7564392049
0.5266301253
0.3044091067
0.5272929392
0.4354127549
0.377335814
0.2896102992
0.514101096
0.67487621
0.4146670268
0.2934711637
0.2972383995
0.5272929392
1
0.3631736157
0.5738677806
0.570252109
0.6031134048
0.3206123132
0.3483518166
0.7685558556
0.6031134048
0.8043999349
0.4649276068
0.3776615153
0.3996171637
0.3528557918
0.30536479
0.7597445338
0.3482132684
0.369503699
0.8065086163
0.5614563146
0.5863211148
0.3656192162
0.3222224325
0.8969120703
0.2863804011
0.379461173
0.297487154
0.6536009919
0.4250030319
0.8958751963
0.8823009237
0.2948432691
0.9587731736
0.3339352991
0.288513634
0.6804369679
0.2876168289
0.5368269178
0.4005042115
0.2866624831
0.975205105
0.3594166477
0.684650962
0.6549505986
0.5922179434
0.3834359489
0.4261471793
0.6551754644
0.3871366719
0.2878598045
0.300190404
0.3299436871
0.3124201346
0.6726470634
0.7070696921
0.4858547651
0.8351125616
0.2862533698
0.3019018062
0.3558848819
0.2968702815
0.2861207328
0.9127387936
0.9897111367
0.7954919789
0.3247571056
0.7898032926
0.6654964333
0.379461173
0.6405218643
0.5204597667
0.3392409143
0.2961521274
0.3349265767
0.2863804011
0.5716075446
0.2866773083
0.2867074812
0.4369759453
0.4678195575
0.846294599
0.88088842
0.2871829423
0.4717648261
0.2911552135
0.9323548436
0.8063172657
0.4543034903
0.6203657218
0.6719778
0.3217897398
0.7211509582
0.2910714503
0.2888154708
0.9619332623
0.7935366236
0.3226575382
0.6643768784
0.3351758249
0.5010599893
0.2923529246
0.5495515915
0.9313723663
0.4963206296
0.2869381866
0.5281771867
0.3836029858
0.3842722606
0.2904650681
0.3187252892
0.3138407568
0.7451813889
0.2902333208
0.5406123801
0.9407902461
0.2868351361
0.5006281539
0.294733666
0.6146924632
0.2996410444
0.4464636124
0.4484629335
0.4280611387
0.4365846524
0.5412812902
0.6142384828
0.8490841126
0.3456064824
0.5058227537
0.3821037281
0.6298875441
0.7131567432
0.2865635828
0.2862800691
0.822883351
0.8637174724
0.3067585243
0.3004690489
0.2917607113
0.7284445119
0.66818092
0.329117312
0.2866624831
0.6472939657
0.9524191571
0.3222224325
0.3514336995
0.2862620952
0.364239646
0.4075104577
0.4884058743
0.5299473555
0.453696413
0.2862533698
0.5426198842
0.4387408195
0.9120510957
0.4271030628
0.3327091076
0.316186777
0.3809440039
0.2862202127
0.962681813
0.2860395688
0.3980270011
0.9103908123
0.4557225442
0.3220057842
0.2868021781
0.7661075865
0.4434790985
0.2860919336
0.3208250268
0.5567319689
0.4042577511
0.6396179023
0.2883126346
0.286485605
0.8265694291
0.9699570839
0.4606144107
