 9.8622e+00,-6.6475e+00
-3.9502e+00, 3.8066e+00
-2.5269e+00,-1.5057e+01
 1.3704e+01,-7.3524e+00
 1.3923e+01,-8.3702e-01
 2.1435e+00, 1.1446e+01
 5.5122e+00,-1.7751e+00
-1.3473e+01, 3.0023e+00
-1.0987e+01, 1.4958e+00
 1.0408e+01,-1.0775e+01
-9.9180e+00, 1.2355e+01
-7.8467e+00, 6.0272e-01
 1.4834e+01, 9.1853e+00
-6.9943e+00, 1.1875e+01
-1.3620e+01,-1.0178e+01
 1.1411e+01,-1.2590e+01
 8.2275e+00,-5.9784e+00
 5.7036e+00,-4.4350e+00
 4.2910e+00,-1.6962e+01
 1.3582e+01, 3.1129e+00
-7.2392e+00,-8.7420e+00
 1.7096e+00,-1.9147e+00
-1.5881e+01, 6.0160e+00
-4.4430e+00, 1.6055e+01
 3.1260e+00, 4.3083e+00
-5.0543e+00,-2.9915e+00
 1.4140e+00,-1.1753e-01
-1.3887e+01, 9.1375e+00
-6.5065e+00,-1.4265e+01
-3.1628e-01, 4.2590e+00
 5.9166e+00, 4.9358e+00
 6.7943e+00,-1.3681e+01
 1.1639e+01,-2.6452e+00
-7.1971e+00,-1.7609e+00
-1.2314e+01, 4.8738e-01
 2.9818e+00,-5.6681e+00
-6.6488e+00, 8.5068e+00
-1.9807e+00,-4.3190e+00
 1.3958e+00, 8.6175e+00
 3.7021e+00,-8.1540e+00
 1.5627e+01, 1.7265e-01
-3.3320e+00,-1.6133e+00
 5.4077e+00,-8.4414e+00
 1.5308e+01,-2.3601e+00
 4.5581e+00,-6.8749e+00
-1.1141e+01,-3.5404e+00
-6.0607e+00,-1.2157e+01
-1.2526e+01,-5.8763e+00
 6.3412e+00, 2.0291e+00
 1.3686e+01, 6.0730e+00
-1.4894e+01,-5.7649e+00
 1.4027e+01,-3.9470e+00
-2.2030e+00, 4.0694e+00
 1.3753e+00, 1.4286e+01
-8.3630e-01, 1.4295e+01
 1.2015e+01,-6.6646e+00
-1.1580e+01, 5.9394e+00
 4.0350e+00,-1.4516e+01
 1.6855e+01,-3.9928e+00
-1.8652e+00, 1.1547e+01
-6.8884e+00, 6.9417e+00
 1.3642e+01,-9.6070e+00
 3.2761e+00, 6.6925e+00
-9.0695e+00,-6.7732e+00
-1.1168e+01, 1.1317e+01
 1.0187e+01,-4.8172e+00
-7.6962e+00, 1.0051e+01
-1.1597e+01, 7.5477e+00
 5.6069e+00, 1.5805e+01
-1.0119e+01,-5.4751e+00
-4.3466e+00,-7.9255e+00
 3.5493e+00, 1.2519e+01
 1.4907e+01, 7.1151e+00
 7.8184e+00, 1.4216e+01
-1.1218e+01,-7.0658e-01
-4.1231e-01, 3.0650e-01
 6.2648e+00, 1.2624e+01
-3.1472e+00,-1.0146e+01
-3.4480e+00, 9.8319e+00
 9.6916e+00,-2.6956e+00
-1.5354e+01, 8.3919e-01
 1.1791e+01, 8.4240e+00
-4.7206e+00, 5.5360e+00
 7.9575e+00, 5.9619e+00
-6.4347e+00, 1.8832e+00
-6.2030e+00, 1.0429e+01
-4.9888e+00, 1.2834e+01
-3.0251e+00, 1.2962e+01
 1.3632e+00,-1.4537e+01
-1.5768e+01, 2.3328e+00
 7.1406e+00,-2.4711e+00
-1.2235e+01,-8.0873e+00
-1.3996e+01,-1.7094e+00
-4.7858e+00,-4.8311e+00
 5.7023e+00, 8.8862e+00
 3.0972e+00, 9.6757e+00
 8.9136e+00, 1.0862e+01
-1.0948e+01,-1.0867e+01
-3.4217e+00,-3.5518e+00
 1.5633e+01,-7.7496e+00
-1.3865e+01, 1.4462e-01
 1.5660e+01, 4.4826e+00
-6.3228e+00,-6.8952e+00
-3.3785e+00,-1.2648e+01
-4.8626e+00,-1.8503e-01
 5.1458e+00, 1.9107e-01
-8.6247e+00, 1.3932e+01
-2.2635e+00, 1.9320e+00
-3.3248e+00, 1.4456e+01
-1.2579e+01,-1.1620e+01
 5.5356e+00, 6.7259e+00
 1.7078e+01,-1.4979e+00
-1.0223e+01, 4.1324e+00
 1.2535e+01, 4.6388e+00
 1.0484e+01, 1.3642e+01
-5.1632e-01, 2.2060e+00
 1.1182e+01,-9.0476e+00
 7.1792e-01,-8.8641e+00
-8.4717e+00,-3.8196e+00
-1.0710e+00,-1.0286e+01
-1.5314e+00,-1.3825e+01
-7.4685e-01, 1.2776e+01
 8.8569e+00, 2.4023e+00
-9.5612e+00,-9.9535e+00
 1.1735e+01, 1.2305e+01
 2.5918e-01, 1.6053e+01
-1.4532e+01,-4.2181e+00
-6.4735e+00, 1.4133e+01
 7.8860e+00,-4.3448e+00
-2.8296e+00, 7.7728e+00
 1.1781e+01, 1.4285e+00
-1.3311e+00,-6.1484e+00
-1.7430e+01,-1.0500e+00
 8.6976e+00,-1.3687e+01
 1.4307e+01, 1.3135e+00
 1.3268e+01, 9.4422e+00
-1.3263e+01, 1.1309e+01
-4.2419e+00, 1.2001e+00
-1.2204e+00,-1.1975e+00
-1.1575e+00, 6.6630e+00
-1.2155e+01, 9.0713e+00
 1.8759e+00,-6.8775e+00
-1.8897e-01, 8.9205e+00
 1.3659e+01,-2.4007e+00
 9.4336e+00, 2.7368e-01
 1.0739e+01, 3.4367e+00
 1.0994e+01, 9.7891e+00
-9.4552e+00,-1.3565e+01
-7.8454e+00,-1.2858e+01
-1.7389e+01, 7.0466e-01
-5.8664e-01, 1.0370e+01
 1.6214e+01,-6.1957e+00
-1.1009e+01,-1.3503e+01
 4.8445e-01,-1.2862e+01
-8.7354e+00, 8.3873e+00
 1.5289e+00, 5.5901e+00
 3.5691e+00,-3.9088e+00
-3.1622e+00,-1.7061e+01
-4.1788e+00, 1.1252e+01
-1.4395e+01,-8.7456e+00
 3.1551e+00, 2.1514e+00
 6.6868e+00,-2.0197e-01
 8.8822e+00, 8.5483e+00
-9.4126e+00, 2.5023e+00
-8.7194e+00,-2.2404e+00
-2.1333e-01,-1.5471e+01
-7.2114e+00, 3.7174e+00
 2.2521e+00, 1.6481e+01
-1.6820e+01,-2.6093e+00
 2.9196e+00, 1.2681e-01
-3.7634e+00,-5.9659e+00
-1.3975e+01, 6.1380e+00
-1.6988e+00, 8.7820e+00
 4.4323e+00, 1.4116e+01
 6.0635e+00,-1.0072e+01
 1.6466e+01, 2.3865e+00
 7.1100e+00, 8.0721e+00
 3.5505e+00,-1.8071e+00
 4.1830e+00,-1.1084e+01
-1.5185e+01, 8.0870e+00
 2.0006e+00,-1.1162e+01
 8.1959e+00,-1.1195e+01
-9.5725e+00, 9.7495e+00
 6.7713e+00,-1.5532e+01
 1.4514e+01,-5.3740e+00
 9.3385e+00, 1.2364e+01
-6.5017e+00,-4.4087e+00
 1.2502e+01,-1.1414e+01
 4.3457e-01,-1.1137e+01
 1.1643e+00, 3.3214e+00
-5.5362e+00,-1.6513e+01
-2.2456e+00,-1.1571e+01
-1.2505e+00,-1.6594e+01
-8.1025e+00, 5.4834e+00
 3.9639e+00, 1.5589e+01
 7.2955e+00, 1.0087e+01
 1.0005e+01, 7.3931e+00
-1.2151e+01, 4.2209e+00
 1.2047e+01,-4.2654e+00
 9.6692e+00, 5.0840e+00
 2.7108e+00,-9.6137e+00
 6.2855e-01,-5.9760e+00
-4.1075e+00,-1.4204e+01
-5.7086e+00,-1.0203e+01
 1.2152e+01, 6.3796e+00
-4.7975e+00, 8.2041e+00
-1.8435e+00,-8.2328e+00
-1.5829e+01,-7.2515e+00
-2.3064e+00, 1.7144e+01
-6.3911e+00,-4.8885e-01
 4.4921e+00, 3.1423e+00
-1.5891e+01,-6.8504e-01
 1.5255e+00,-1.6242e+01
-1.6201e+01, 4.0095e+00
 7.2284e+00, 3.3804e+00
 6.5115e+00,-6.3679e+00
-9.3031e+00,-1.2050e+01
-7.3041e+00,-1.5849e+01
-9.3503e+00,-4.5796e-01
-2.0889e+00,-2.6760e+00
-1.3188e+01, 7.6786e+00
-1.3729e+01, 4.5573e+00
-1.6879e+01,-4.5679e+00
 7.7100e+00, 1.1773e+01
-8.1618e+00,-1.0630e+01
 4.1114e+00, 1.0973e+01
 1.1158e+01,-6.1430e-01
 7.9982e+00,-9.6576e+00
 1.7409e+01, 7.9817e-01
 8.0066e+00,-7.6343e+00
-1.2468e+01,-2.6308e+00
 1.5429e+00,-4.3106e+00
-1.1004e+01,-6.9190e+00
-1.1685e+01,-9.5593e+00
-1.5313e+01,-2.7726e+00
 5.1929e+00,-1.2945e+01
 1.3314e+01, 1.1143e+01
 2.5180e-01,-3.0408e+00
-8.0353e+00, 1.5544e+01
 6.5112e+00,-1.1925e+01
-9.8152e-02,-4.6325e+00
 9.3914e+00,-8.2307e+00
 1.3191e+01, 7.6558e+00
 5.4457e-01,-1.7419e+01
 2.5866e-01, 7.2739e+00
 5.8295e+00, 1.1050e+01
-1.1182e+01, 1.3372e+01
 9.3912e+00,-1.2294e+01
-1.0577e+01,-2.1444e+00
-1.0300e+01,-8.6395e+00
-7.8762e+00,-5.4060e+00
 1.0257e+01,-1.3750e+01
-6.1548e+00, 1.6106e+01
-3.2400e+00, 5.2922e+00
-2.6343e+00,-1.1862e-01
-9.9309e+00, 7.1694e+00
