0.3150880649
0.2898802005
0.3760063035
0.6780378616
0.4237650279
0.3182564783
0.2939094397
0.3549039395
0.6042287679
0.2883352313
0.287974795
0.4143902892
0.9617989908
0.7276701258
0.3246221319
0.7991434965
0.9751325607
0.2953981981
0.3029162741
0.5123235418
0.2924766154
0.3726432549
0.770934016
0.5075224487
0.5478053546
0.5361778856
0.4443725121
0.5828347718
0.3680866358
0.7203294259
0.5057820708
0.3466315086
0.3028428289
0.6090129772
0.2952909377
0.3247328575
0.4731411548
0.5439954156
0.8781073859
0.5511734803
0.6156191974
0.3913436983
0.3705879549
0.5462355937
0.3290512209
0.4016717964
0.2870217523
0.4116240649
0.493901348
0.430463016
0.9517882735
0.4798577025
0.8038166152
0.7261629717
0.7844947087
0.809410617
0.6429008976
0.4302701455
0.9734696028
0.8790721873
0.7898806798
0.600811834
0.5958016334
0.5699029037
0.8672875852
0.5751156248
0.3219030816
0.5202250122
0.4857853989
0.2903747491
0.5996729885
0.4706390851
0.5755692772
0.2870245545
0.4469637153
0.2922183018
0.6681818334
0.4934722324
0.7762287412
0.3370557895
0.5299519983
0.298802544
0.3016194864
0.304805765
0.2871819865
0.7449432039
0.3498008002
0.3242908585
0.437267467
0.2922609251
0.2896932896
0.4207398083
0.3795855474
0.9876755568
0.2870191252
0.8687851421
0.607190399
0.2899119587
0.6612094673
0.9444130221
0.7635374409
0.4521853186
0.8020687761
0.7816838621
0.3012687681
0.2874358424
0.462162194
0.3203172485
1
0.4433794465
0.3203172485
0.3872502072
0.3072078296
0.3563518779
0.316850696
0.3864054569
0.3627255972
0.7468425627
0.8494893614
0.3734391916
0.3781144436
0.3402511994
0.930367598
0.2870033626
0.6697531335
0.9399626574
0.3205267057
0.2904783291
0.3845569078
0.7334625281
0.8449013676
0.2969709192
0.382389962
0.758773287
0.6822777157
0.8352014877
0.2871819865
0.2899438901
0.3531837668
0.4463645698
0.2892253803
0.8966409262
0.7211956497
0.3291677587
0.8535024827
0.2881280138
0.3361769877
0.3683975821
0.5570247335
0.5642468555
0.5939803016
0.4594984581
0.3146074354
0.8433006398
0.3930679968
0.2979902894
0.3150880649
0.2902055737
0.9306212777
0.2898486156
0.416805169
0.7222774636
0.3098428829
0.9144234001
0.4664898835
0.5785193446
0.5478053546
0.7343177821
0.9266444245
0.6580537672
0.2963940248
0.3033604
0.6026341363
0.2870669364
0.2870375145
0.3951514518
0.3310523831
0.5025270126
0.6587303298
0.3682420473
0.3385785437
0.3908285373
0.300511774
0.2889294753
0.8313682251
0.419611425
0.2870450452
0.5460114509
0.6627857601
0.5027436802
0.3477257312
0.9935038524
0.7466317272
0.3469042467
0.8619072185
0.2873649461
0.7355992436
0.4153171818
0.4538022471
0.2905834645
0.419799257
0.2881883486
0.8777850818
0.2870340118
0.2872704077
0.6295033585
0.3984817415
0.6415403988
0.9283237852
0.8997775826
0.6037731498
0.3643939727
0.4429827778
0.2873649461
0.6909468914
0.4090620588
0.3440678336
0.2880692485
0.6192629843
0.3231964192
0.5846529956
0.3520475732
0.500579206
0.3240707629
0.7364525984
0.6263190108
0.2870070406
0.2880692485
0.7725674482
0.3663852691
0.8330151839
0.3670022134
0.3422106898
0.2870007355
0.3249547597
0.9951377494
0.4588854449
0.2909451408
0.308975981
0.4767014219
0.4982040184
0.3148953427
0.3375611001
0.2884453753
0.3124471924
0.3507795454
0.2966803633
0.3764910271
0.446564207
0.4739772273
0.9025801618
0.3393475758
0.2887521232
0.7177266824
0.8330151839
0.7076949544
