0.3251086983
0.3638255541
0.8352223661
0.2885760256
0.4800009322
0.7685294877
0.3227793912
0.9401628419
0.3211561564
0.4489298562
0.7312136055
0.4869835744
0.743278107
0.2949762169
0.7447485716
0.3132695429
0.5464781008
0.3597556362
0.6038409035
0.2919430845
0.4551805095
0.3153988823
0.518327648
0.3387522976
0.4529544302
0.2869616157
0.2860970662
0.4475283492
0.961363066
0.7615751728
0.9146494721
0.3534659871
0.672222815
0.6675339658
0.8942677703
0.8179892244
0.2859942959
0.6430399152
0.4844372424
0.5194252554
0.3690796703
0.3119539016
0.2918977136
0.8617897127
0.4543700083
0.7333415832
0.606564795
0.4709993839
0.2859871416
0.9092833549
0.4248758724
0.2896657276
0.3326095622
0.3055970707
0.7085999485
0.5382235036
0.2871372683
0.3056783857
0.3121399661
0.2867327549
0.2977127516
0.5280191579
0.5429038249
0.8427031205
0.7664910401
0.773599775
0.4220304037
0.3730327723
0.9151915446
0.5536463847
0.5610632255
0.2980957772
0.2952564626
0.3980841288
0.4222194725
0.5934017712
0.3667441506
0.5449135031
0.2859618393
0.6353572698
0.5736960813
0.7380062624
0.2860639159
0.3003791496
0.3795118894
0.3816575833
0.6855529035
0.6599198299
0.5970320084
0.3188370931
0.8953101593
0.3186299276
0.4405776444
0.2890480694
0.9301050876
0.4019870619
0.2890809192
1
0.2873489399
0.5630898451
0.3092387257
0.3302012129
0.4635534689
0.8662774467
0.4188301612
0.6808992693
0.8641244148
0.979061568
0.3141315194
0.3048725086
0.3062521084
0.9061920205
0.2861677238
0.6475511243
0.442949923
0.2890809192
0.2868173
0.5893193647
0.8565613349
0.4044965024
0.3701789512
0.3453672745
0.835761285
0.7715761268
0.2914970527
0.7422262477
0.7652651779
0.5788981511
0.9641435457
0.335200342
0.6056568294
0.5694041836
0.974603817
0.3754404491
0.3198820828
0.7020554922
0.721795668
0.3695500638
0.3109418097
0.337089399
0.3108507481
0.4774775201
0.529788797
0.3013026828
0.7850176977
0.6919565576
0.6373924265
0.2961815004
0.4073885319
0.4509384207
0.2860832828
0.4073885319
0.3556329007
0.2945365873
0.8220818304
0.4633478662
0.353179286
0.9888338823
0.6301519857
0.3772229164
0.365971772
0.9467958783
0.2859675978
0.3103077002
0.5386686913
0.2979035149
0.8437604274
0.5317822509
0.2899209874
0.6303784215
0.9822096107
0.452550638
0.286749316
0.388549825
0.6373924265
0.880467518
0.676010074
0.2860766528
0.3397874076
0.2859749268
0.4158425162
0.9272271166
0.3055159171
0.4382169017
0.4617054946
0.7428575154
0.3868515071
0.3169946835
0.2860351265
0.5165735464
0.3553422865
0.293132692
0.4537628942
0.4658195402
0.415470743
0.402881012
0.3549073393
0.3024774476
0.9249380036
0.2859602688
0.9446990601
0.4730825704
0.314228075
0.5642164007
0.2859602688
0.3151040823
0.9715760581
0.8174283935
0.8826622137
0.7748110751
0.4983227677
0.6531805016
0.3220176575
0.3441511736
0.4701678877
0.7305742934
0.802620875
0.7407515243
0.6371663488
0.2859539867
0.5451369369
0.3036168156
0.3887202624
0.2919430845
0.3115836612
0.2862226753
0.4136175442
0.8218965766
0.6335474112
0.3172982954
0.8614548313
0.2864511624
0.3833212262
0.3071696105
0.5130731863
0.4197686645
0.4030601067
0.8039672043
0.9733482313
0.5451369369
0.3167930459
0.3190448701
0.3099488358
0.3416203145
0.2861042195
0.6145085494
0.4732912354
0.3476943703
0.2861764465
0.2860063359
0.2861591754
0.7177022411
0.2899581407
0.4848610688
0.4656131992
0.4720401873
