 1.4448e+01, 5.4001e+00
 3.7793e+00,-6.2476e+00
-2.8883e+00, 9.9476e-01
-1.1028e+01, 9.3783e+00
 1.3676e+01, 1.0507e+01
 1.5616e+01,-1.0460e-01
-8.0865e+00,-4.7368e+00
-9.1501e+00, 4.8640e+00
-1.0198e+01,-3.8177e+00
-9.3227e+00, 7.5767e+00
-1.2953e+01, 2.7297e+00
-7.6413e+00,-1.1932e+01
 1.0621e+00, 7.4985e-01
 2.7019e+00, 1.5973e+01
 6.4693e+00,-1.5278e+01
-6.1803e+00, 7.7529e+00
-1.5454e+00,-3.4600e+00
 2.6723e+00, 8.0900e+00
-5.6688e+00,-6.3471e+00
 3.9436e+00,-9.6081e+00
 5.8951e+00,-5.8453e+00
 3.1058e+00, 1.3836e+01
-5.6123e+00,-1.5358e+00
-6.3460e-01, 9.1939e+00
-2.4578e+00,-7.7228e+00
-1.7355e+01, 1.8604e+00
-1.5115e+01,-1.1447e-02
 1.4703e+01, 6.9065e+00
 9.4349e+00,-1.3051e+01
-7.9280e+00,-1.1475e+00
-9.1833e-01, 5.7111e-01
 8.5741e+00, 1.0473e+01
 2.0311e+00, 1.1932e+01
-2.9798e+00, 2.8882e+00
-2.4520e+00,-1.6308e+01
 5.1138e+00,-1.1731e+01
-3.3501e+00, 1.0287e+01
-1.2644e+01, 1.1823e+01
 4.2914e-01, 2.4937e+00
 5.4362e+00, 1.5677e+01
 1.0995e+01,-1.4971e+00
 3.0698e+00, 4.2271e+00
-4.8301e+00,-1.4391e+01
-1.2712e+01,-2.7443e+00
 6.5306e+00,-7.3402e-01
-1.6708e+01,-1.0326e+00
 4.9457e+00,-2.0871e+00
-7.7636e-01, 6.6375e+00
 1.2249e+01, 7.0905e+00
-5.1632e+00,-1.2714e+01
 9.5759e+00, 1.2950e+01
-7.4332e+00,-1.3993e+01
 8.3504e+00,-4.8707e+00
-7.8085e+00, 1.2898e+01
 9.5018e+00,-7.4678e+00
 3.4237e+00, 2.7505e+00
-7.5905e+00, 1.2139e+00
-2.9096e+00,-6.2278e+00
 1.0488e+01, 1.1406e+01
-2.2814e+00, 1.6213e+01
-1.2328e+01, 8.1710e+00
-1.0568e+01, 6.6119e+00
 1.3860e+00,-1.5795e+01
 9.9331e+00,-4.4040e+00
 7.5670e+00,-1.2240e+01
 1.1465e+01,-1.1121e+01
-1.2064e+00,-1.1335e+01
 1.6922e+01,-4.3084e+00
 2.9714e+00,-4.4754e+00
-3.5925e+00,-3.5781e+00
 8.6445e+00, 3.3893e+00
 1.7037e+01, 1.3316e+00
 1.0964e+01, 4.2880e+00
-1.3047e+01, 3.9216e-01
-5.7676e+00, 1.4282e+01
 3.6767e+00,-1.6174e+01
 8.1604e-01,-4.7637e+00
 1.4369e+01,-2.7792e+00
-1.0090e+01,-1.8662e+00
 7.3135e+00,-2.5894e+00
-1.5326e-01, 1.4170e+01
 1.5681e+01, 2.2618e+00
 6.4831e+00, 6.3217e+00
-1.1993e+01,-7.8117e+00
 6.8674e+00,-8.8272e+00
 6.8083e+00, 1.2023e+01
-1.5556e+01, 3.8577e+00
-5.4743e+00, 9.1241e+00
-1.1418e+01,-1.4554e-01
 3.9758e+00, 6.3162e+00
-9.8099e+00, 1.0717e+01
-1.4604e+01, 6.3295e+00
-1.3239e+01,-5.9548e+00
 9.9629e+00, 5.8919e+00
-9.9977e+00, 3.3283e+00
 4.6800e+00, 1.1096e+01
 7.9721e+00, 6.6910e+00
 5.7752e-01, 1.1427e+01
 6.8848e+00, 3.1133e+00
-8.9136e+00,-1.0330e+01
-3.4853e+00, 1.3090e+01
-8.2397e+00, 9.7868e+00
-1.1940e+00,-1.3115e+01
-2.1087e+00, 1.4481e+01
 6.6549e+00,-1.0836e+01
-2.5963e+00, 8.7302e+00
 3.8759e-01, 4.2990e+00
 7.6165e+00, 1.4742e+01
-4.3209e+00, 4.2890e+00
-1.5032e+01,-5.2376e+00
-1.4709e+01,-8.4263e+00
 1.2983e+01, 8.4978e+00
-1.3284e+01, 5.3015e+00
-8.1358e+00, 6.3588e+00
 4.3524e+00, 8.1761e-01
-1.0557e+01, 1.2238e+01
 6.8498e+00, 8.9865e+00
 1.0383e+01,-9.5158e+00
-9.4709e-02,-1.6778e+01
-4.6445e+00,-9.5638e+00
 1.6164e+01, 3.9611e+00
 1.2255e+01,-5.5375e+00
-1.2388e+00, 4.9478e+00
-1.6138e+00, 1.9274e+00
-1.2385e+01,-1.2281e+01
 3.2263e+00, 1.0135e+01
 1.6055e+00,-8.6220e-01
 1.3688e+01, 7.0874e-01
 4.1637e-01,-2.0800e+00
-6.5279e+00, 1.1255e+01
-5.4476e+00, 2.2987e+00
 2.6800e-01,-1.0653e+01
 2.1110e+00,-1.0592e+01
 1.3554e+01,-8.3516e+00
 3.6560e+00,-1.3818e+01
-1.3937e+01, 8.2930e+00
 1.0137e+01, 9.3848e-01
 9.6745e+00,-1.0859e+01
-6.3872e+00,-4.8545e+00
-3.6294e+00, 6.4464e+00
-9.0303e+00,-1.3041e+01
 1.4802e+00,-7.3163e+00
 8.7729e+00,-8.7996e+00
 1.5690e+00, 1.4577e+01
 1.3147e+01, 2.7185e+00
 1.4483e+01,-5.7288e+00
-1.0713e+01,-1.3296e+01
-8.6132e+00,-2.5307e+00
-8.6525e+00, 2.6038e+00
 1.2149e+01,-7.8166e+00
 2.2409e-01,-1.3705e+01
 2.3387e+00, 1.5852e+00
-2.5162e+00,-1.0538e+01
-3.9057e+00, 1.6609e+01
 2.2605e+00,-1.7215e+01
-1.1578e+01, 5.0806e+00
-5.9663e+00, 1.0490e-01
-6.9997e+00,-9.2475e+00
 4.7233e+00, 4.3649e+00
 9.8963e-01, 7.7943e+00
 1.3629e+01,-1.0501e+01
-9.7380e+00,-6.5121e+00
-3.8631e+00,-2.0307e+00
-5.3870e+00, 6.3205e+00
-1.6133e+01,-6.7263e+00
 5.3548e+00, 1.3939e+01
-7.6001e+00, 1.5022e+01
-1.5356e+01, 2.0598e+00
-1.2424e+01, 6.5613e+00
 1.0030e+00,-1.2399e+01
 1.1691e+01, 1.0207e+00
-1.6172e+01, 5.5866e+00
 1.0725e+01, 2.7202e+00
 8.2281e+00, 5.2056e+00
 5.2098e+00,-8.3099e+00
-1.4482e+01,-3.2740e+00
 1.2559e+01,-4.5996e-01
 4.4167e+00,-3.9252e+00
-6.2591e+00, 1.2841e+01
 9.1009e+00, 8.6001e+00
-1.5181e+01,-1.9225e+00
 7.7626e+00,-1.3899e+01
-7.3280e+00, 3.6726e+00
-4.2436e+00, 7.9162e+00
-5.9544e+00,-1.0863e+01
-2.1463e+00, 1.1409e+01
 1.5175e+01,-4.3705e+00
 1.5406e+01,-7.0726e+00
 1.3009e+01,-3.8581e+00
 5.0605e+00, 2.1975e+00
-1.1937e+00,-6.7557e+00
 4.3510e+00, 1.2662e+01
 1.9775e+00,-1.4293e+01
-1.2840e+01, 1.0190e+01
-1.3495e+01,-1.1079e+01
-1.1433e+01,-5.9984e+00
-6.5773e+00,-1.5509e+01
-3.5873e-01,-9.2050e+00
-9.3633e+00,-8.2489e+00
-3.8158e+00,-1.1819e+01
-1.1745e+01,-3.9622e+00
 8.0280e+00, 1.6345e+00
-3.9431e+00,-1.6843e+01
 1.0562e+00, 5.7315e+00
 1.0595e+01,-5.8526e+00
-1.1854e+01,-9.3194e+00
 1.7099e+01,-2.5335e+00
 1.4138e+01,-7.3441e-01
 1.1827e+01, 9.9429e+00
-4.2362e+00,-7.8986e+00
 8.0778e+00,-6.9304e-01
-7.0475e+00,-7.5744e+00
-9.6459e+00, 1.2220e+00
 1.4500e+00, 9.7813e+00
-1.7183e+01,-2.9215e+00
 7.4465e+00,-6.8283e+00
 1.5257e+01, 8.5588e+00
 4.8298e+00, 8.9031e+00
-6.3184e+00,-3.0278e+00
-1.0938e+01,-1.0977e+01
 1.2158e+01, 1.1490e+01
-2.1305e+00,-1.4775e+00
-2.5768e+00,-1.3966e+01
 5.1987e-03, 1.7375e+01
 9.3148e+00,-1.6469e+00
-4.2194e+00,-5.3893e+00
 2.8988e+00,-1.3528e-02
 1.2986e+01,-1.9459e+00
 3.2131e+00,-2.3768e+00
 1.7480e+01,-6.8067e-01
-5.8556e+00, 4.8619e+00
 1.5591e+01,-1.6268e+00
-8.1663e-01,-5.1178e+00
 9.3449e+00, 1.4791e+01
 1.5143e+01,-8.5896e+00
-8.5470e-01,-1.4938e+01
-1.1785e+01, 1.4136e+00
 3.9681e+00, 1.6897e+01
-1.2029e+00, 1.3063e+01
 1.2401e+01, 4.9297e+00
-4.3836e+00, 6.4117e-01
-9.2866e+00,-1.4744e+01
-1.5570e+01, 7.7422e+00
-9.2287e+00, 1.3992e+01
 1.6331e+01, 5.6842e+00
 6.2266e+00, 1.0992e+00
-4.8327e+00, 1.0982e+01
-1.3532e+01,-9.3632e+00
 3.4458e+00,-1.1948e+01
 2.1382e+00,-8.7918e+00
-5.7799e+00, 1.6437e+01
 8.0266e+00, 1.3265e+01
-7.7775e+00, 7.9757e+00
 1.1263e+01,-1.3147e+01
-5.1064e+00,-4.0159e+00
 1.1499e+01,-3.3882e+00
