0.9289721231
0.8112045368
0.6884208749
0.4296083368
0.4608381992
0.7210576523
0.2867745149
0.425393934
0.431151351
0.7191109683
0.3630856593
0.5706389563
0.7546180041
0.2868383623
0.2987320197
0.3218729607
0.8534374524
0.5690551866
0.3071207677
0.2895011408
0.4940060872
0.424062007
0.9344675909
0.9468996911
0.7751795437
0.919295427
0.9350797499
0.4234925312
0.3916045762
0.3241576576
0.4789132203
0.4482759348
0.2964145265
0.2991200337
0.6229083059
0.2884869698
0.521639146
0.3943725765
0.5067514927
0.3063812321
0.8587592696
0.3194475314
0.2878537981
0.9874054867
0.2882451818
0.3009402165
0.935323906
0.991424759
0.2938848698
0.2867244829
0.7485513345
0.3898887025
0.3383369826
0.4202809664
0.3370665663
0.2885121045
0.2960707893
0.289627689
0.7986624705
0.6260904808
0.6786369672
0.4852556208
0.4199048785
0.4989540891
0.3156184834
0.5751681842
0.8489132311
0.3751131167
0.3050201438
0.3099439573
0.8058375635
0.3055749086
0.5449682785
0.3261687775
0.2926467225
1
0.2962992732
0.2971800855
0.5476561952
0.416350618
0.3405290901
0.3034791166
0.3234980914
0.5726763709
0.3957668979
0.7600185345
0.325157153
0.2896597585
0.7123797579
0.5378204802
0.5106729565
0.7774056231
0.4892992397
0.5302608667
0.3129409166
0.3632371648
0.4668079617
0.5355931515
0.60448008
0.7322352008
0.4115423323
0.7305235645
0.3559632549
0.505447632
0.7589828588
0.3593392083
0.3137881509
0.5606981789
0.2925562607
0.287624221
0.7354364184
0.2866940422
0.7941557503
0.2884126083
0.2868609263
0.8405968115
0.8909636043
0.3731913078
0.3518050489
0.8596101661
0.6190425398
0.3306913506
0.2889659607
0.4261570043
0.3063812321
0.3047848284
0.2918572149
0.6140377293
0.6299524629
0.3615775486
0.5242859866
0.9991115138
0.5240652075
0.2869768845
0.3549494291
0.3854791067
0.2910063612
0.4381623609
0.5892404597
0.5928777512
0.9719858698
0.3499771899
0.5161430731
0.4559420662
0.2875188446
0.3317667638
0.5041454574
0.6076660917
0.345574773
0.6213167224
0.2935889139
0.598108988
0.4573658549
0.6388013163
0.8590998783
0.3768897938
0.6631869908
0.4672217693
0.4015898888
0.3050201438
0.8601197026
0.6853141458
0.8752127837
0.3385927648
0.4119098896
0.7593972956
0.878594193
0.2867244829
0.9502080187
0.2945471116
0.292070956
0.7692760285
0.4305720714
0.7483413486
0.9018885693
0.35815721
0.3537986327
0.2952380339
0.3330971598
0.290554212
0.3227354601
0.3109237386
0.3036302773
0.4602239486
0.5207580995
0.4084338901
0.291202072
0.3770520176
0.8756982088
0.4434908661
0.6512458126
0.2871994832
0.3948946455
0.8232619032
0.3209142671
0.6694709609
0.673724144
0.5744884267
0.2868042527
0.6383479618
0.7670238091
0.4071622348
0.6351730926
0.3304539762
0.7171608483
0.4736692753
0.2867538727
0.7347970286
0.3299809844
0.8607979137
0.3754350844
0.3011499219
0.2868107249
0.2874685106
0.6822014219
0.8434476719
0.4206574234
0.6523746784
0.324600377
0.3013611154
0.5382663219
0.2869196946
0.9774149526
0.6428790917
0.3577160869
0.2868311907
0.5327024409
0.3113754559
0.6970418814
0.8371852887
0.286687744
0.8806679861
0.3537986327
0.4330878673
0.700563664
0.3037820929
0.9408273893
0.4017681132
0.5799298278
0.4993856217
0.2867538727
0.9669818968
0.962783584
0.9337296683
0.442103762
0.4206574234
0.3695562234
0.3029552165
0.3061376326
0.3414435041
0.3673751009
0.4157925195
0.2868042527
0.6172228331
0.2868934593
0.6249541527
