0.2866356929
0.2881474645
1
0.3879300799
0.3336878932
0.7130291442
0.6180963789
0.982087651
0.511855571
0.3993791617
0.8889899836
0.8997787038
0.6283093265
0.3118134679
0.2878752233
0.9364296193
0.3294766328
0.8291922689
0.8382393911
0.287221073
0.294253579
0.2876239869
0.7553353649
0.6162794535
0.2925209417
0.3626819836
0.3581988613
0.3224589901
0.392211787
0.5528713263
0.5928797733
0.9561986882
0.7216803867
0.9399737087
0.5912905007
0.3013983098
0.3004107869
0.7644167869
0.2969062931
0.4018668748
0.3215953886
0.725336316
0.4887644344
0.3085976099
0.3394899659
0.296428513
0.7231873152
0.5799496563
0.4121994985
0.7032189818
0.5956048709
0.7362250084
0.3774500374
0.5876591053
0.3951619973
0.2951148215
0.294306138
0.4070834837
0.5749679251
0.2870127321
0.2904463938
0.9309423337
0.3446416206
0.9116145417
0.7772252934
0.7772252934
0.6554314265
0.3688350323
0.4418233504
0.8673380652
0.9257658166
0.6337492284
0.2899293257
0.9248652985
0.2924745003
0.9514368051
0.4299139737
0.5033749081
0.2883586388
0.7285513927
0.3988487175
0.6844884648
0.3932494997
0.2884962547
0.4512031318
0.4410330473
0.3764757214
0.5434649972
0.4603384189
0.4975455403
0.3555643235
0.4981914745
0.5325538188
0.8284602293
0.7227569836
0.3382031579
0.2919305124
0.2868294718
0.5074979026
0.6167337118
0.2984039038
0.822931575
0.2892170349
0.3247718081
0.7457284592
0.6664329882
0.4632097677
0.310358785
0.3291239684
0.3211672211
0.7285513927
0.8936936223
0.3166185862
0.3204237733
0.2982114428
0.6813809187
0.5038081144
0.3807279976
0.3787556607
0.904849228
0.7332480991
0.9972802553
0.294096918
0.8626805014
0.324995524
0.3848899303
0.9847122061
0.2937881721
0.834463077
0.5430182452
0.4731539989
0.4853622453
0.2863789927
0.3256702526
0.4477908192
0.9644993311
0.3074871163
0.473571572
0.9485383885
0.5068457959
0.4932510352
0.334303955
0.409997533
0.6153708872
0.6249066446
0.5241462037
0.3740584596
0.2988588085
0.2922448514
0.2878046202
0.4007982391
0.2884131655
0.6056011877
0.347915653
0.4185131679
0.3470898183
0.3375650328
0.8472659764
0.7012476704
0.3509850966
0.45687018
0.2863789927
0.6239989563
0.5018601854
0.2890586596
0.970921722
0.5912905007
0.2866016456
0.3548399647
0.5144785201
0.5221625701
0.4746166001
0.3551293173
0.2907965885
0.4224666353
0.7238324817
0.2993886765
0.3682108467
0.2893797276
0.2908363576
0.8009386667
0.3093822508
0.3007597616
0.3110810614
0.4018668748
0.3239935136
0.7828409343
0.3858992987
0.3151360838
0.6682239621
0.5369984612
0.5427949114
0.3297124747
0.3435677374
0.2933860129
0.8421585242
0.3375650328
0.3005498813
0.6904644498
0.5053258174
0.3189592793
0.6128720336
0.3629849086
0.4554480633
0.2868153328
0.8483142682
0.6337492284
0.4777609529
0.6319365884
0.3877602379
0.7193080503
0.8348242002
0.7389807918
0.5105464171
0.3388448056
0.8477904854
0.5772316003
0.5307796241
0.7860278365
0.2865798197
0.2863534927
0.6784901599
0.5826693442
0.7949027065
0.7469878471
0.2865691685
0.2864147961
0.3580514013
0.3500014332
0.3297124747
0.3383312059
0.4960401281
0.3426353087
0.4213329554
0.7891984129
0.8633499427
0.3072346992
0.8948931655
0.4314580774
0.4054554777
0.2865691685
0.6443823798
0.2868437851
0.8308349171
0.3067342078
0.2866959266
0.5808560461
0.2862705247
0.6314833209
0.2883858155
0.4704459479
0.2862495629
0.4915390676
0.3458602073
0.4151570113
0.6484460863
