0.8151923697
0.5081365067
0.8780512432
0.3349452746
0.7276147134
0.8174353297
0.5868398555
0.4506284302
0.472129776
0.6845549499
0.5230115994
0.6645433647
0.2911230962
0.8019036185
0.6206099056
0.8142547223
0.369916788
0.898123183
0.6999484072
0.7384365585
0.2999689335
0.3820545292
0.380728753
0.2872284114
0.8043975233
0.2891604937
0.3123475587
0.5232317129
0.2994848891
0.5376135568
0.3780991506
0.2858793178
0.3016161277
0.3205785828
0.2867518207
0.87946972
0.568758901
0.9168383997
0.5845759858
0.4562872901
0.2874981588
0.5698865455
0.7576265802
0.6754662612
0.2867916783
0.289230765
0.686763981
0.2859812473
0.2964451286
0.5173019798
0.3250780152
0.4078347916
0.4456249995
0.4917559267
0.3113227754
0.3754991499
0.4026033351
0.2860037222
0.2938805322
0.3142593143
0.5617767732
0.2859281062
0.2902866722
0.6366700956
0.3000387421
0.3652492915
0.9711248189
0.7106187708
0.3628052064
0.4688055372
0.300603138
0.4779856005
0.2861805374
0.785316766
0.5518985531
0.6732422044
0.3158335086
0.405659892
0.8153796823
0.8861471082
0.8649658064
0.4406696803
0.8410424576
0.8102969911
0.3343226909
0.289971264
0.9090870263
0.6393789163
0.8172488165
0.3632610486
0.4784056939
0.5983955452
0.9227345067
0.487281292
0.4092925896
0.5033662912
1
0.4775657461
0.5703377106
0.2859281062
0.5757561481
0.9126616618
0.2892661586
0.9768760361
0.4488217598
0.4074713218
0.9702295338
0.2907803233
0.4767267574
0.3022842859
0.5884250305
0.3144539178
0.9127978481
0.4657040594
0.3211137677
0.9838841969
0.5469758914
0.5012054254
0.7995912477
0.3488251345
0.9418357925
0.6654372991
0.9790031724
0.3734087217
0.2995535434
0.8181806519
0.2877344371
0.315337314
0.603383327
0.4560842125
0.2894457038
0.3333339758
0.3713383114
0.3244038548
0.3294711692
0.2856299267
0.4548672481
0.2861134743
0.4904750471
0.3586052114
0.6104118648
0.6973215244
0.7455801268
0.3664832036
0.3075002112
0.9007362129
0.3820545292
0.2919342411
0.4889831136
0.3692881301
0.2861397777
0.2922645796
0.3471625299
0.5223514819
0.9472422232
0.5814080565
0.2858265184
0.2859812473
0.6761329398
0.3638705823
0.403140617
0.3271325035
0.3719732159
0.3086249093
0.6927122029
0.3477145863
0.4911152486
0.402782328
0.7491296144
0.7520412487
0.345791818
0.9346411632
0.7222656222
0.2874981588
0.2889878249
0.2856414308
0.4800884387
0.3884500953
0.8349934317
0.2874225137
0.6636490504
0.2911230962
0.6072377907
0.2859812473
0.3093304038
0.4105732746
0.2923604914
0.3766329821
0.3997532813
0.3135831018
0.3150414536
0.6364442741
0.7743358385
0.334695814
0.9463765403
0.4887701956
0.580503286
0.5771119464
0.8643049364
0.6002091832
0.3372159393
0.3249652835
0.957009729
0.3837219379
0.4149999069
0.4484211023
0.7274012943
0.2867916783
0.2864922617
0.7293204046
0.8934033535
0.9341635453
0.6387018948
0.3112305561
0.6285330434
0.3390135664
0.2878163094
0.9260501436
0.2863752491
0.3093304038
0.791029469
0.3708633895
0.4161150881
0.7916173139
0.7080142243
0.3830536215
0.41020688
0.7303849509
0.5929558911
0.2871816178
0.8380292836
0.2865993337
0.990713761
0.5151130467
0.2865629483
0.3088003295
0.4611822625
0.3995760227
0.382553567
0.3069057853
0.3175493981
0.7753418387
0.3379829855
0.3696022176
0.2859180003
0.5825392464
0.3248527004
0.4811420634
0.4675631829
0.2860152208
0.4172336327
0.6849970076
0.3678807343
0.287654121
0.4512319942
0.7713087659
