0.3567886604
0.7820373239
0.3388657079
0.4563887807
0.4985987821
0.5263872376
0.4687201944
0.3649932251
0.3769524943
0.9720833742
0.4592434579
0.3162523711
0.3010164214
0.2873709261
0.294172171
0.3201882645
0.288008249
0.3619649667
0.897589377
0.6719215731
0.2997483946
0.4515285302
0.6090751443
0.8305478103
0.2938837258
0.3379748506
0.3287575635
0.6245805729
0.3506487227
0.7613657971
0.6033727884
0.3965095311
0.6545660722
0.4300259745
0.4413471403
0.3384830592
0.9071824643
0.2969288233
0.9935083695
0.6090751443
0.2958683402
0.3266987211
0.3373427949
0.2874962932
0.7028489728
0.816704301
0.2900791246
0.7170834894
0.6665262451
0.8105948049
0.522186344
0.6660760171
0.6047412854
0.6241248247
0.299296418
0.4904338239
0.3774388775
0.2977492795
0.2878005975
0.8316523775
0.2983555377
0.9890118406
0.3108397715
0.948758603
0.9802981275
0.3952870454
0.4119447315
0.525501698
0.7416156608
0.4189993318
0.6835602296
0.6163737653
0.8165144843
0.2961414861
0.6779739473
0.3711997513
0.2979293902
0.4680977435
0.2895520823
0.4800237215
0.9243671191
0.3068475028
0.900136421
0.3863729535
0.6721460722
0.4112102576
0.3041073128
0.6913498299
0.5228487199
0.7081237901
0.287510845
0.8507061762
0.4656139812
0.6104437467
0.2876949107
0.8855633269
0.4844681536
0.5482521953
0.3514906906
0.2874508828
0.2942696861
0.4016294559
0.4195621179
0.5647121744
0.9041264245
0.3858678455
0.2885212718
0.2922001329
0.5235114461
0.2994891187
0.80207728
0.395984966
0.8578352227
0.3977372487
0.7920408411
0.6220736489
0.5915180498
0.3440888222
0.5563541264
0.4861680789
0.3573722095
0.3217645594
0.3067664395
0.3393778918
0.3367143095
0.2874140617
0.562224367
0.7315733797
0.5617722987
0.6106718449
0.2903637372
0.582184266
0.9406371336
0.6640488648
0.3089267388
0.3044865011
0.2901724344
0.5552269627
0.2944172394
0.3560621648
0.7894552383
0.2937889451
0.3205007629
0.2876949107
0.325687448
0.3065242248
0.2873525139
0.8206737693
0.4427323961
0.6746138781
0.441544791
0.3383557937
0.7607427838
0.9431264909
0.2875502912
0.2874287903
0.4108436097
0.3721476954
0.3569343519
0.5595132067
0.4863808288
0.5597390205
0.3113749591
0.5151435657
0.4639635771
0.485317654
0.3764671765
0.7138133252
0.2893096812
0.2882027082
0.4171294903
0.6857896617
0.4437242818
0.6615688001
0.9048578211
0.3355920649
1
0.2994891187
0.7343615372
0.4014514393
0.2933709029
0.5155824949
0.3512094979
0.7822389368
0.9694060827
0.3592831135
0.2896078624
0.7159944539
0.3192590798
0.2932346385
0.8307320942
0.4437242818
0.6527559176
0.5042281131
0.7231627631
0.3480145181
0.2913017539
0.7255418456
0.856282118
0.9492074001
0.3612158413
0.2962519313
0.2875587062
0.6620199155
0.3300394211
0.3028488221
0.3097866703
0.8542009427
0.5846868608
0.5020590297
0.825543718
0.3259111256
0.829255708
0.8767548834
0.3867102561
0.2896078624
0.7118468748
0.3634727677
0.9548898949
0.4158262383
0.321552396
0.4968735245
0.965016081
0.4718413622
0.8968351571
0.3387380164
0.5257230267
0.2890568815
0.4716328265
0.287379343
0.2926191509
0.6250362946
0.8125118239
0.3944170639
0.3456992313
0.8695174177
0.4495162063
0.57672902
0.7352178395
0.3612158413
0.5780921412
0.3942433912
0.9060231618
0.288582728
0.4670616627
0.6191100545
0.4007404131
0.2880234921
0.8287008196
0.2875672964
0.9498774775
0.2996833248
0.2882552565
0.4269538308
0.3598754839
0.3314581558
