 3.3196e-01, 1.4282e+01
 7.1886e+00,-5.6510e-01
-1.2630e+01, 7.6033e+00
 2.8585e+00,-1.2117e+01
 1.1339e+01,-2.9889e+00
-2.0610e+00, 1.0963e+01
 7.5204e+00, 9.5274e+00
 1.3944e+00,-1.4158e+01
 1.3873e+01,-1.3120e+00
-6.5582e-01, 2.5542e+00
-4.7612e+00,-1.1421e+01
 1.5109e+01, 3.5978e+00
-1.2027e+01,-1.0809e+01
-1.3383e+01, 1.1157e+01
-1.6366e+01,-2.3720e+00
-1.2423e+00, 1.5256e+01
-8.2162e+00,-1.5201e+01
 1.1677e+01, 8.1132e+00
-2.2368e+00,-4.3916e+00
 5.2545e+00, 7.2329e+00
 7.8809e+00, 1.4134e+01
-1.6084e+00,-1.2417e+01
 8.0442e+00,-5.9604e+00
-6.1390e+00, 1.1154e+00
-1.3496e+01, 9.5219e+00
 1.3932e+01, 5.1324e+00
-1.4858e+01, 2.4197e+00
-9.2775e+00,-2.7786e+00
-1.0103e+01,-1.0431e+01
 1.6843e+00,-7.4082e+00
-7.8658e-01, 9.9306e+00
-8.0785e+00,-1.0830e+01
 9.2441e+00, 7.1945e-01
-1.0014e+01, 7.9303e+00
 5.1152e+00, 1.1512e+01
-4.0037e+00, 1.4192e+01
 4.6231e+00, 7.7107e-01
 9.2953e+00,-1.3578e+01
-1.2265e+00, 9.9458e-01
 9.7583e+00,-2.1441e+00
 1.5030e+01, 6.7017e+00
-6.9333e+00,-1.3531e+01
-1.4348e+01,-3.7576e+00
 1.4264e+01,-1.0087e+01
-8.4381e+00, 2.4605e-01
 5.2976e+00,-3.9644e+00
-6.9920e+00, 1.5331e+01
 2.1706e-01, 8.1884e+00
 1.8435e+00, 8.8061e+00
 6.2535e+00,-2.4591e+00
-9.3541e+00, 6.2086e+00
-7.9569e+00, 4.1996e+00
-9.3813e+00, 3.3251e+00
-5.0453e+00, 8.2071e+00
-1.5490e+01,-4.8422e+00
-9.9941e+00,-6.2897e+00
-2.3915e+00,-1.3731e+01
 1.5164e+01,-6.2195e+00
-1.4819e+01,-8.9189e+00
-1.4532e+00, 6.0220e+00
 1.6287e+01, 1.1600e+00
 1.2246e+00, 1.4453e+00
 1.0632e+00,-1.5746e+01
-2.8508e+00, 1.9568e+00
-1.4349e+00,-1.9082e+00
-1.1327e+01,-7.3679e+00
-2.3649e+00, 1.2895e+01
-6.6883e+00, 8.9399e+00
-6.0561e+00,-5.0182e+00
-1.2351e+01,-4.1627e+00
-6.8218e+00, 5.4273e+00
 6.8705e+00, 6.9990e+00
-3.5149e+00, 5.4405e+00
-4.0828e+00, 1.5840e+01
 7.8715e+00,-4.2341e+00
 7.9765e+00, 1.1485e+01
 3.6182e+00, 1.5860e+01
-6.0385e+00, 1.0490e+01
 1.6874e+01,-2.3442e+00
-1.1662e+01, 2.4977e+00
-7.8276e-01, 4.0806e+00
 1.5253e+00, 1.5746e+01
-7.2499e-01,-4.8317e+00
 1.3086e+01,-4.2088e+00
-2.0767e+00,-8.7799e+00
-1.3049e+01, 1.6314e+00
-4.1763e+00,-1.5504e+01
 3.2450e+00, 7.9834e+00
 7.1715e+00,-8.8049e+00
 4.9684e+00,-6.8618e+00
-1.0107e+01,-1.4195e+01
-5.0522e+00,-3.0381e+00
 6.0614e+00,-1.0695e+01
-3.4501e+00, 9.2222e+00
 1.7359e+01,-4.6543e-01
 1.8474e+00, 4.7687e+00
 1.1935e+01, 3.4582e-01
 2.1214e+00,-1.0745e+01
 1.2963e+01,-6.5900e+00
 1.6689e+01, 5.0712e+00
 6.5984e+00,-1.5267e+01
-1.0132e+01,-8.7627e+00
-4.4953e+00, 1.2159e+01
-7.5452e+00,-7.5113e+00
 3.9065e+00,-2.7962e+00
 8.9269e+00,-1.0488e+01
 1.2054e+01, 1.2156e+01
 9.9404e+00, 1.3404e+01
-1.1050e+01,-2.0999e+00
 4.4909e+00,-1.5675e+01
-3.5443e-01,-6.8688e+00
 1.3286e+01, 2.4971e+00
 3.1880e+00,-4.8763e+00
 1.3488e+01, 3.8803e-01
 2.2744e+00, 6.5624e+00
-6.5593e+00, 7.1017e+00
 9.2547e+00, 4.3287e+00
 1.0488e+01, 1.0228e+01
 8.8134e+00, 6.1538e+00
 1.6958e+00, 1.1693e+01
-4.9925e+00,-1.3490e+01
 7.2795e+00,-1.3568e+01
-8.8346e+00,-1.3241e+01
-1.2837e+01,-7.3544e+00
 1.4769e+01, 1.9401e+00
-1.6040e+01,-6.8538e+00
-9.9814e-01,-1.0681e+01
-4.9566e+00,-6.3380e+00
 5.8580e-01, 1.0592e+01
-5.0088e+00,-8.6025e+00
 1.5097e+01,-7.7224e+00
-1.0319e+01,-1.4501e-01
-3.3091e+00,-1.8083e+00
-8.0636e+00,-4.1960e+00
 1.3521e+01,-8.2837e+00
-1.1197e+01, 1.1306e+01
 1.1792e+01,-1.2228e+01
 5.7044e+00, 9.0973e+00
-1.5960e+01, 4.1625e+00
 5.0513e+00,-1.3528e+01
-6.3493e+00, 2.8986e+00
-1.4444e+01, 8.0297e+00
 1.5291e+01,-1.9012e+00
 2.9436e+00,-1.7146e+01
-5.7093e+00, 1.4001e+01
-1.7169e+00,-1.5863e+01
-1.7284e+01, 2.7080e+00
-6.3453e+00,-1.1525e+00
 3.4285e-01,-1.2679e+01
 3.3669e+00,-8.3501e+00
 1.0059e+01, 7.6333e+00
-6.9630e+00, 1.3001e+01
 5.4293e+00, 5.1989e+00
 2.5699e+00, 2.6289e+00
 1.4155e+01, 1.0069e+01
-1.3991e+01,-1.0429e+01
 3.8158e+00, 1.2586e+01
-1.2913e+01, 5.2439e+00
-8.0980e+00, 1.1753e+01
-9.6712e+00,-4.5813e+00
 9.9975e+00,-6.5234e+00
 4.5163e+00,-9.7882e+00
 1.2188e+01,-1.0000e+01
-6.0626e+00,-9.7033e+00
-8.4501e+00, 8.7623e+00
 1.0910e+01,-4.8798e+00
 1.1414e+01,-8.0501e+00
-2.3256e+00, 7.8997e+00
-9.6327e+00, 1.3942e+01
 7.6528e-01, 1.7118e+01
-1.2966e+01,-1.5134e+00
 7.5513e+00, 4.4213e+00
-1.8251e-01, 1.2530e+01
 8.7590e+00, 2.6427e+00
-3.0652e+00, 3.4884e+00
 1.3337e+01, 6.6560e+00
 9.7872e-01,-7.3187e-01
-5.8318e+00,-1.5202e+01
-7.4491e+00,-2.8063e+00
-1.1997e+01,-5.9253e+00
 6.1733e+00, 1.5383e+01
 1.0781e+01, 3.7434e+00
-1.4450e+01, 3.9275e-02
 7.1283e+00, 9.7678e-01
 1.7970e+00,-2.2604e+00
-1.3790e+01, 3.5459e+00
-1.0891e+01, 1.2935e+01
-3.1929e+00,-7.6794e+00
 1.0541e+01,-1.1337e+01
-1.1348e+01,-1.2190e+01
 5.1474e-01, 6.2013e+00
 9.0561e+00,-8.8596e+00
 6.6385e+00,-6.5726e+00
 3.2535e+00, 1.1059e+01
-4.0895e+00, 6.9688e+00
-1.0874e+01, 9.5836e+00
 1.6093e+01,-5.0050e+00
 7.8403e+00,-2.3039e+00
 1.7094e+00,-5.6020e+00
 3.4193e+00,-1.0153e+00
 2.4436e+00, 1.3975e+01
-1.5048e+01, 6.4243e+00
-1.3942e+00, 1.7252e+01
 1.3822e+00,-9.0897e+00
 1.4656e+01,-3.6985e+00
-1.5960e+01, 1.3890e+00
 1.2052e+01, 1.0129e+01
 3.7300e+00, 4.4406e+00
 4.2030e+00, 9.3742e+00
 1.1599e+01,-1.1898e+00
-2.2682e+00,-6.0191e+00
 9.7695e+00, 1.1596e+01
 5.8540e+00, 2.3892e+00
-4.5563e+00, 2.6882e+00
 6.5480e+00, 1.1969e+01
-1.6945e+01,-1.7927e-01
-5.6485e-01,-8.3803e+00
 7.5711e+00,-1.2093e+01
-3.2570e+00, 4.1319e-01
-1.1224e+01, 6.6435e+00
 2.6438e+00,-1.5170e+01
 1.0392e+01, 5.3816e+00
 2.8780e+00, 8.2897e-01
 8.6719e+00, 8.4324e+00
 4.2983e+00, 2.3651e+00
 4.8092e+00, 1.3960e+01
 1.1114e+01, 1.8295e+00
-7.9444e-01,-1.7099e+01
-8.4574e+00,-8.7064e+00
-1.2273e+01, 1.2352e+01
 1.4401e+01, 8.4247e+00
-7.8138e+00,-5.7571e+00
-5.0060e+00, 4.2338e+00
-6.5521e+00,-1.1876e+01
-1.3524e+01,-5.5491e+00
 5.4706e+00,-9.7565e-01
-1.2455e+01, 2.4262e-01
 9.4208e+00,-4.6452e+00
-7.6842e+00, 1.8715e+00
 1.0649e+01,-9.5663e+00
-3.0577e+00,-1.0013e+01
-8.6166e+00, 1.0335e+01
-4.6085e+00,-6.8647e-01
 1.6893e+01, 2.9922e+00
-1.1412e+01, 4.1300e+00
-9.6605e+00, 1.2651e+00
 1.3184e+01,-2.6608e+00
-5.5821e+00, 1.6232e+01
-3.8133e+00,-5.0803e+00
 1.3901e+00,-1.7382e+01
 5.3082e-01,-3.5222e+00
-1.4509e+01,-7.2480e+00
-3.1664e+00,-1.6953e+01
 5.1013e+00,-1.1930e+01
-1.6953e-01,-1.4338e+01
-1.1973e+01,-9.0850e+00
