0.9875582995
0.6779360142
0.7202920638
0.3002537161
0.2879234874
0.2868918764
0.2890449712
0.5543115795
0.3768631981
0.9370645395
0.4551186846
0.5848081078
0.289362638
0.7037746156
0.2866172137
0.6047936678
0.3167717596
0.3237164706
0.3924502556
0.2889530413
0.824180844
0.3213278992
0.354899456
0.3964522009
0.3046050034
0.356351669
0.9327048804
0.6485548025
0.3301226724
0.8915780887
0.6589152164
0.6505849519
0.450876133
0.7393163626
0.4967682728
0.472607334
0.7310251092
0.4905530505
0.4950493491
0.4606202788
0.3229485507
0.7517155299
0.3155809027
0.536420873
0.2864863963
0.3885053933
0.346054296
0.3755685859
0.9333182232
0.2875232522
0.8037779782
0.3023948792
0.3160743796
0.99807888
0.3736408373
0.2932871693
0.4195211189
0.4373700642
0.456133571
0.3210078577
0.2864139046
0.5169748544
0.3656412603
0.8638289581
0.5191701142
0.9154764609
0.3781653094
0.6361206386
0.7469032807
0.4490679448
0.2946208591
0.4807885672
0.5759697873
0.550047245
0.6143380749
0.3846188448
0.9678127489
0.2928522604
0.3011633459
0.6892540014
0.3600387274
0.6458457943
0.3059642393
0.2886865922
0.2908453425
0.7042122004
0.3137411942
0.2866067351
0.8694594169
0.4305645428
0.6000214535
0.7092334662
0.3240478333
0.4064270564
0.4082417284
0.310321233
0.9000760481
0.5145647758
0.2941982849
0.5200493342
0.8738598337
0.3489437527
0.4290236287
0.2904950891
0.4723987962
0.2970165587
0.3821161371
0.3647210889
0.721154791
0.3518924085
0.2878066643
0.2863038442
0.290610294
0.6910220192
0.379803418
0.3413722389
0.7416415221
0.7622844014
0.2960688993
0.2983896021
0.3948795032
0.4826895222
1
0.3696799768
0.3131719595
0.8247354889
0.4111656925
0.6568914255
0.2930921746
0.4385469726
0.608429881
0.5718969435
0.6429084346
0.4914076848
0.8295141396
0.4657596461
0.3966274742
0.4126370168
0.2867439931
0.2997078342
0.2958960022
0.7055240501
0.2893953547
0.5757434011
0.2871619052
0.4328862227
0.6566664572
0.3166716694
0.587076844
0.5174135841
0.4997841779
0.9010988642
0.8569091879
0.2864628154
0.5279897254
0.9669257506
0.8131383545
0.287232757
0.2892977227
0.9840437431
0.3162728565
0.9042835066
0.947384611
0.7600170057
0.4894859726
0.7340098382
0.7936639051
0.2930921746
0.7775570264
0.3931421804
0.458576619
0.3816186637
0.5558847762
0.8641628884
0.3718887982
0.5200493342
0.2863499667
0.3296497392
0.7363484414
0.5920708292
0.7179160229
0.7031179579
0.5759697873
0.7431180174
0.2906490393
0.7618726547
0.3217567449
0.2862986028
0.9653019444
0.4460679899
0.3303600158
0.3938358252
0.3567898653
0.2863955623
0.3091710931
0.4399237445
0.5748379897
0.8437156111
0.4474658216
0.8424769822
0.9264335128
0.342427543
0.346054296
0.2943029125
0.2868220412
0.4259585429
0.3081333609
0.7799693444
0.4464669846
0.489912641
0.2868356596
0.701584458
0.2862975546
0.6272804616
0.2868494523
0.8484564937
0.3226217008
0.4104323558
0.3073702015
0.9658470952
0.4709408125
0.2871446275
0.5687324961
0.8282325909
0.654415676
0.6361206386
0.8636618659
0.3224045551
0.2915875462
0.3488048108
0.5766490244
0.2868220412
0.5612866429
0.8355053596
0.3231672041
0.307035197
0.3112242289
0.5121597677
0.2904950891
0.9651193658
0.3077077782
0.299372045
0.3452397217
0.4257677239
0.841412207
0.2885726705
0.3749241075
0.3973296212
0.3624403167
0.2865569601
0.4405150046
0.3213278992
0.2890449712
0.2864015018
0.5034593023
0.6665447201
