0.42982489
0.4592210569
0.3923031627
0.3560723545
0.3140060815
0.6995673872
0.4888762195
0.6181953488
0.7072240801
0.6557455613
0.784472975
0.5685193314
0.4488996311
0.3650437434
0.4374020079
0.2930794424
0.3623044717
0.2947799401
0.4624974882
0.3100262945
0.648762817
0.4026767629
0.368758605
0.3957786185
0.7303241353
0.3337416485
0.3034071385
0.3090552138
0.4586087146
0.307423401
0.5100046806
0.5417895709
0.5176583812
0.7703857255
0.2965449617
0.822761053
0.889111816
0.9666524932
0.2907760926
0.4699328876
0.8717478399
0.5348859285
0.471805009
0.3540454912
0.2862562623
0.286412892
0.8231316443
0.8046314602
0.2926006459
0.3267389832
0.3047272052
0.4808192681
0.375266584
0.31110758
0.2866878349
0.6068387739
0.3328843717
0.2966643822
0.6451521664
0.2970876335
0.7499726814
0.9262141045
0.2897981505
0.8467404091
0.4071804808
0.8606542027
0.8063589045
0.3019145301
0.9670966369
0.5420127447
0.3461971044
0.3154626209
0.2865097876
0.5918489171
0.2890932503
0.286459159
0.7776681102
0.3205689871
0.2982136233
0.3159559128
0.967801645
0.3304740326
0.3989427451
0.3285877012
0.5359974249
0.4132200552
0.5592749879
0.3185833308
0.9387255641
0.2862269234
0.513934422
0.2870199067
0.5231557854
0.8479640093
0.337113984
0.6656230211
0.29101826
0.2907760926
0.9186369662
0.6703215295
0.4032138814
0.4167449203
0.350912368
0.4296323045
0.6329383904
0.2872175472
0.3363556052
0.2884086107
0.2887843404
0.7915982584
0.4726387204
0.5893524271
0.4863231015
0.5825486076
0.2862305908
0.2939841066
0.3332509124
0.6993479601
0.3069201182
0.7172145454
0.40736193
0.8486614335
0.4799760078
0.7762582293
0.8633381597
0.5117495079
0.6166059167
0.2881135414
0.6830158223
0.2996631318
0.3170547875
0.5820953143
0.2989942947
0.5662618073
0.335103009
0.7422072474
0.780679136
0.8330240663
0.8912439193
0.348258213
0.9156766304
0.3408509895
0.3125847109
0.601159459
0.9642994745
0.6478605545
0.5406741338
0.296724344
0.712230006
0.3134333013
0.9770909974
0.6116093128
0.3776974646
0.4952930635
0.3270827388
0.5904870957
0.7711987175
0.9235089589
0.2861902484
0.4545428077
0.2871987099
0.4547454191
0.2865647771
0.2885496612
0.9934796901
0.4559626091
0.8872701179
0.6295393673
0.5780176295
0.294245154
0.7949336644
0.7154832746
0.2980222022
0.3970050707
0.6286325817
0.4106448596
0.2967844734
0.437990119
0.8448096497
0.2973949784
0.4747274027
0.3420346405
0.5191951893
0.8871160542
0.5224948233
0.3833040242
0.337495085
0.2865879938
0.3390321824
0.6927487737
0.535330432
0.3679788401
0.4084527025
0.6969319061
0.437206135
0.3670471629
0.3617012638
0.2864890128
0.3502092307
0.5845889178
0.4068178801
0.3248162713
0.2964262123
0.3776974646
0.9343083806
0.9199669674
0.5730391894
0.7026355463
0.3504900863
0.802705511
0.5514105569
0.6841249048
0.4059131199
0.2866365195
0.5121861487
0.9673618262
0.2961322763
0.3129602925
0.54469303
0.7503904039
0.6437971068
0.40000497
0.3245929005
0.7699788744
0.2866618285
0.2881394994
0.3970050707
0.4290550669
0.3359783317
0.2861939159
0.2861981074
0.9093355249
0.286347939
0.7533084986
1
0.5266865599
0.2864401287
0.6953921985
0.3790046774
0.2918258076
0.2865422581
0.2868134908
0.3108351191
0.4925065756
0.357241991
0.2884645116
0.6480861457
0.6340708624
0.4437127139
0.2870893395
0.6958322889
0.3673572311
0.3106542702
0.2864788871
0.7379807879
0.9497465888
