0.29021152
0.3390283644
0.5966045757
0.5804636147
0.7246775005
0.8827197357
0.6520421636
0.4859372343
0.7491573662
0.2870898502
0.2946509399
0.4561832614
0.678995969
0.4910536723
0.5591904082
0.4403618323
0.3288662505
0.5378819972
0.2954485785
0.3689695746
0.2981939384
0.4227687439
0.8137281269
0.4099271377
0.3425458615
0.3120877597
0.6330116488
0.4722491535
0.7751838744
0.3097562322
0.5203728604
0.3183825912
0.5522117401
0.747054581
0.3149109436
0.8518065563
0.5975149491
1
0.2872380507
0.4281054564
0.3147183298
0.5504144831
0.669600891
0.555810895
0.4707906556
0.3156876552
0.7898335444
0.3177739511
0.3694384949
0.8056852773
0.7381674365
0.5972873491
0.9146014063
0.8201470413
0.9549778212
0.5555857725
0.6150454974
0.2871187226
0.3692820657
0.7743716674
0.3008219781
0.5300976662
0.5387741522
0.8825615487
0.3181790933
0.7430451573
0.4158265339
0.6155007749
0.3089742961
0.6887850525
0.4275303224
0.7351857393
0.3183825912
0.2918020441
0.381347183
0.9416767036
0.3792083393
0.6457101813
0.3029671936
0.2883744298
0.3667959095
0.7171061787
0.4337055058
0.2871811884
0.8360015051
0.4292580988
0.8519805359
0.3155900195
0.2902458545
0.3090605371
0.8076114437
0.8526756393
0.7510454145
0.2875401388
0.8192083336
0.7140631938
0.2871286965
0.7682498045
0.555810895
0.3225814429
0.2879267185
0.3870325212
0.2873923453
0.9554993931
0.3162767441
0.3861882458
0.4527385446
0.3303918736
0.6277857407
0.4141573469
0.5850059608
0.2879660477
0.3075327872
0.3212961218
0.3130130645
0.9154286614
0.2868394031
0.2877763755
0.3476675761
0.2898776819
0.5693562192
0.7153683164
0.2876709433
0.3394141466
0.4053881514
0.7721331629
0.9579661962
0.3436076025
0.2879267185
0.3203465272
0.4374133898
0.3280550799
0.450118841
0.3312236346
0.5294323621
0.4294505125
0.3601236956
0.5142236999
0.923903419
0.4804314633
0.38958206
0.3421499983
0.3349928151
0.6343740611
0.6207353127
0.2978842201
0.2873514129
0.287637195
0.3841734585
0.3401895122
0.5142236999
0.5225766382
0.584097157
0.3555711409
0.2868962901
0.623237827
0.6111752054
0.3132000206
0.2917194202
0.291556234
0.3237788323
0.5809176527
0.9653736991
0.4874262101
0.299018789
0.4261914409
0.4223902539
0.6495561754
0.3258899786
0.8440714593
0.4588316422
0.3911237113
0.3409699317
0.8338228887
0.711666685
0.9245593562
0.7317666577
0.9132149308
0.2877053895
0.2881091892
0.6139072502
0.8547530984
0.2874063388
0.7468440181
0.4743381559
0.3880493384
0.8764848074
0.9192430527
0.403948929
0.2881091892
0.287812915
0.4193755478
0.4248569264
0.2879660477
0.6368707703
0.3457575835
0.3080362446
0.6468418415
0.4563865505
0.4002021144
0.2905626368
0.2906349316
0.2870898502
0.7852539286
0.2879859737
0.2978842201
0.4136026745
0.9788528378
0.2872499475
0.3544165847
0.3129198231
0.3589369587
0.6098090891
0.5126915396
0.3961511228
0.9884153154
0.5175138873
0.677210074
0.4090143692
0.2900424397
0.2883744298
0.707297136
0.9902363988
0.9029503075
0.389752915
0.8530227011
0.4842389642
0.4288735339
0.8279594303
0.973341986
0.324772092
0.3070351381
0.4972776077
0.2872034089
0.3159814983
0.7604205875
0.2925320586
0.788045548
0.9931498813
0.5483945057
0.8825615487
0.3176730521
0.2872866865
0.2874493671
0.4594445239
0.7192747552
0.7396547223
0.3622201681
0.8403252446
0.5506390528
0.2880263486
0.9648113608
0.9185675012
0.2868411535
0.2884684132
0.389752915
