 1.0571e+01, 4.2852e+00
-7.8928e+00,-3.4635e+00
-5.6332e+00,-2.0898e+00
 1.7159e+01,-3.1369e+00
-1.2567e+01, 9.0838e+00
 1.2333e+00, 8.5249e+00
-1.1646e+01,-8.3790e+00
 1.4084e+01, 2.8705e+00
-3.3579e+00,-1.6338e+01
-1.3057e+01,-3.8219e+00
-9.8582e+00, 3.6572e+00
 7.0692e+00,-1.3258e+01
-1.4203e+01,-9.2914e+00
 9.7257e+00, 1.0629e+01
-4.8338e+00,-7.4830e+00
-1.1564e+01, 3.6167e+00
-8.3877e+00, 8.1901e+00
-4.4727e+00, 8.0881e+00
-3.1523e+00, 9.7478e+00
-7.4656e+00, 1.1180e+00
-4.8200e+00, 1.5618e+01
 6.3145e+00, 8.2445e+00
 3.1212e-01,-4.1217e+00
 1.3404e+01,-8.0212e+00
 7.7626e+00,-1.4650e+01
 5.3871e+00,-3.5531e+00
-6.3133e+00, 1.2796e+01
-6.8879e+00, 1.5028e+01
-1.6912e+01,-1.7419e+00
-1.6485e+01,-4.6451e+00
 1.4480e+01, 7.4686e+00
 3.8558e+00,-1.4857e+01
-7.5487e+00, 4.1719e+00
 1.2045e+01, 1.6593e+00
-2.1322e+00, 4.7869e+00
-1.1870e+01, 5.6957e-01
-1.7209e+01, 1.4644e+00
 6.8554e+00,-7.0151e-01
 4.6587e+00, 3.8916e+00
-7.7371e+00,-1.1724e+01
 5.1558e+00,-6.1434e+00
-1.3024e+00,-1.4884e+01
-1.3083e+01,-1.0964e+01
-4.4176e+00,-1.1252e+01
-3.5378e-01, 4.0626e+00
-4.8525e+00,-5.3830e+00
 3.7280e+00, 6.6022e+00
 6.1171e+00, 1.4997e+01
-1.1114e+01,-3.9957e+00
-6.6290e+00,-8.8911e+00
 1.0002e+01,-6.4509e+00
 1.0188e+01, 6.5394e+00
 7.1844e+00,-2.5118e+00
 8.7000e+00,-9.0796e+00
-5.7053e-01, 1.1720e+00
 1.5077e+01,-1.9794e+00
 3.0848e+00, 1.1360e+01
 2.8759e+00, 6.6028e-01
 2.3815e+00,-1.4322e+01
-1.3735e+01, 1.0154e+01
-3.1847e+00,-1.0296e+01
-3.0302e+00,-3.4651e+00
 1.7159e+00,-3.5680e-01
-1.1668e+01,-2.3990e+00
-5.2761e-01,-1.2480e+01
 7.3111e+00,-7.6416e+00
 1.7422e+01, 1.2786e+00
-1.4932e-01, 1.0429e+01
 4.3262e+00, 1.5260e+01
-1.0312e+01,-8.3544e-01
-5.5182e+00, 6.2445e+00
 1.1884e+01,-7.6009e+00
 8.5338e-01,-7.2597e+00
 3.7270e+00,-1.0985e+01
 4.1711e+00,-8.4162e-01
 8.5275e+00,-3.3461e+00
-6.1016e+00, 3.1115e-01
 1.2856e+00, 1.2894e+01
-1.1681e+01,-1.1944e+01
 1.6962e+00,-1.6813e+01
 6.6445e+00,-1.0330e+01
-2.8094e+00,-1.8752e+00
-4.2646e+00, 4.6989e+00
 1.4331e+01,-3.4149e+00
 5.2336e+00, 6.7038e+00
 1.2260e+01, 4.3362e+00
-2.6318e+00, 6.7497e+00
-8.6134e+00,-4.9053e+00
 1.6612e+01,-5.1587e+00
-3.3012e+00,-7.8805e+00
 5.7761e+00,-1.1686e+01
 1.3643e+01, 5.9184e+00
-3.7889e+00,-1.4324e+01
-9.2537e+00, 1.3033e+01
 7.7702e+00, 9.1128e+00
-3.3416e-01,-1.6216e+01
 9.9693e-01,-9.5153e+00
-9.4864e+00,-1.2422e+01
-1.1064e+01, 1.0687e+01
-1.0888e+01,-1.0363e+01
-6.7237e+00, 9.1678e+00
 1.0210e+01,-1.3712e+00
 5.5093e+00,-1.4615e+01
 1.2525e+01, 1.0859e+01
-1.6418e+01, 5.1237e+00
 1.3765e+01,-6.0665e+00
 8.9967e+00, 7.7196e+00
-2.1593e+00, 2.9916e+00
-1.4432e+01,-6.8966e+00
-2.2074e+00, 9.9170e-01
 7.5116e+00, 1.8522e+00
 6.7207e+00, 1.0283e+01
 1.1558e+01, 8.3552e+00
-7.9092e+00,-4.7132e-01
 1.4195e+00,-1.2308e+01
 9.0976e+00,-1.1105e+01
-1.2424e+00, 1.3232e+01
 1.9365e+00,-2.6810e+00
-1.4580e+01,-4.9885e+00
 1.2994e+01,-1.4771e+00
-1.0803e+01, 5.8638e+00
-1.5704e+01, 1.2521e+00
 1.2515e+01,-9.3963e+00
 3.0264e+00, 9.0374e+00
 8.0318e+00,-5.3482e+00
 4.2067e+00, 1.8839e+00
 2.8830e+00, 1.3987e+01
 9.7477e+00,-4.7940e+00
 1.5208e+01, 1.6962e+00
-6.4356e+00,-1.2765e+01
 6.8226e+00, 6.8170e+00
 1.1946e+01,-1.1011e+01
 1.2255e+01,-4.4966e+00
-2.6022e+00, 1.4227e+01
 3.2439e+00,-9.2299e+00
-4.8257e+00,-9.7162e+00
-1.0396e+01, 1.7533e+00
-1.2307e+01, 5.1910e+00
 8.9130e+00, 1.2374e+00
-8.8152e+00,-2.0775e+00
-8.3628e+00, 5.7568e+00
-4.2774e+00,-3.0156e-01
-1.0332e+00,-5.5680e+00
 8.9945e+00, 4.7771e+00
-1.7342e+00, 8.3325e+00
-5.0939e+00,-3.8987e+00
-1.4883e+01, 6.0935e+00
 4.2394e+00,-7.7011e+00
-2.1124e+00,-1.2389e+01
 3.7036e+00, 1.6775e+01
 1.0709e+01, 1.3247e+01
 9.7410e+00,-1.2775e+01
-9.0497e+00, 1.1046e+01
 6.5335e+00, 1.3070e+01
 1.0510e+01,-9.2356e+00
-1.4721e+01, 3.7474e+00
-3.7435e+00, 1.2223e+01
-1.9967e-02, 1.4411e+01
 1.3372e+01, 3.4104e-01
-7.1297e+00, 1.1438e+01
-9.1695e+00,-6.6639e+00
 4.5944e+00, 8.2249e+00
 7.4733e+00,-1.1718e+01
 1.3724e+00, 1.5280e+00
 4.1827e+00,-1.6699e+01
 8.4659e+00, 1.1894e+01
 1.3876e+00, 1.1126e+01
-1.5098e+01,-1.5239e+00
 4.6467e+00, 1.2260e+01
 1.5249e+01,-7.9597e+00
-8.6928e+00,-1.0370e+01
-1.2088e+01, 7.2762e+00
-4.9328e+00, 9.7095e+00
 4.9824e-02,-2.6076e+00
-1.0709e+01, 1.3677e+01
 3.4401e-01, 6.7669e+00
-1.4419e+01, 7.7796e+00
 9.4990e+00, 1.4193e+01
 1.0165e+00, 4.9687e+00
 2.6542e-01, 1.5978e+01
-7.0042e+00,-1.4675e+01
 1.4005e+01, 9.8105e+00
-1.2093e+01, 2.0942e+00
-1.4475e+00,-3.2633e+00
 4.4224e+00,-1.2983e+01
 6.7537e+00, 3.7558e+00
-9.1592e+00,-8.1951e+00
-1.2778e+01,-5.5777e+00
-6.1244e+00, 2.0900e+00
 1.5996e+01, 4.9987e+00
-1.3357e+01,-9.5851e-01
-6.0669e+00,-1.0885e+01
-6.1338e+00,-1.6098e+01
 2.1120e+00, 7.0660e+00
 2.5429e+00, 3.9263e+00
-2.3959e+00, 1.6734e+01
-6.9371e+00,-6.0327e+00
-9.8225e+00, 8.7150e+00
-9.6425e-01,-1.2133e+00
 5.3327e+00,-8.8457e+00
-1.5390e+01,-3.0289e+00
 2.4466e+00,-5.0179e+00
 5.5477e+00, 5.1766e-02
-1.4529e+01, 1.5142e-01
 7.9476e+00, 1.4987e+01
-4.6160e+00, 1.4058e+01
 3.1253e-01, 2.6483e+00
-1.6146e+00,-1.0857e+01
-3.8670e+00, 2.1418e+00
 9.7065e+00, 2.8028e+00
 3.4587e+00,-3.8609e+00
 1.6079e+01, 6.5519e+00
-1.6135e+01,-2.4766e-01
 1.4866e+01,-5.0361e+00
 4.2064e+00,-2.3923e+00
-5.5298e+00,-1.4107e+01
-1.2140e+01, 1.2600e+01
 2.0022e+00, 1.5719e+01
 4.5800e+00, 1.0319e+01
 1.1495e+01,-3.4677e-01
 6.6234e+00,-1.6084e+01
 1.6360e+01,-2.7752e-01
 1.3934e+01, 4.3632e+00
 1.1599e+01,-2.3599e+00
 3.2191e-01,-1.4661e+01
 1.6864e+01, 3.6665e+00
 2.7240e+00, 2.3447e+00
-7.2554e+00,-1.9132e+00
-8.5088e+00, 2.8828e+00
-8.8638e+00,-1.4478e+01
-3.3031e+00,-5.8937e+00
-8.8819e-01, 1.7240e+01
 5.8498e+00, 2.3047e+00
-1.0686e+01,-6.8702e+00
 2.4485e+00,-7.4214e+00
-8.6883e-01,-7.3538e+00
-1.7415e+00,-8.8402e+00
-1.6035e+01,-6.5824e+00
 9.1295e+00,-2.5756e-01
 1.4825e+01,-3.0207e-01
 1.2091e+01, 6.7771e+00
-1.3480e+01, 1.2518e+00
 1.0448e+01, 1.2592e+00
 1.0271e+01,-3.1520e+00
-1.6158e+01, 2.9372e+00
 1.0471e+00,-5.5774e+00
-1.4341e+00, 1.1727e+01
-9.0433e+00, 1.4921e+01
-9.0691e+00, 5.1124e-01
-1.0444e+01,-1.3631e+01
-1.6274e+00,-1.7291e+01
 1.3502e+01,-1.0874e+01
-6.6801e+00, 7.6580e+00
 8.7567e-01, 1.7463e+01
-7.9500e+00, 1.3800e+01
-9.5456e+00, 7.1976e+00
