0.7175832057
0.2887571366
0.6825706743
0.6675766132
0.3040689007
0.9505786293
0.6177323923
0.6783309265
0.3140681125
0.5740406943
0.7134487531
0.4096515042
0.4669515606
0.3164871349
0.43147298
0.5760821457
0.4634431834
0.4524336358
0.4530397113
0.3083256834
0.8279561575
0.3178843717
0.2871533396
0.9926090825
0.7722387492
0.3850992496
0.3668854681
0.3178843717
0.5778977084
0.3437028832
0.4694397606
0.7819653453
0.5436035428
0.2880988345
0.5478616167
0.3114755837
0.2898469694
0.8839392077
0.8286947279
0.407285751
0.7773221341
0.2897846593
0.5760821457
0.423239482
0.7540574295
0.4236187702
0.7488146631
0.3661151405
0.2942859164
0.2871405548
0.8275864215
0.2899736687
0.6124930862
0.3789694733
0.775293282
0.5847130422
0.4989024276
0.4490120172
0.4673655952
0.3609600939
0.8389067816
0.9076039396
0.9061649447
0.3411967487
0.8301682509
0.2873097172
0.6113539317
0.6029238517
0.3300215428
0.2875835219
0.3038416428
0.4486109208
0.8227526979
0.9715162016
0.7907558383
0.4478096518
0.3929354297
0.5400257916
0.3272403505
0.8631802081
0.7022806014
0.340935875
0.2958644021
0.3477614442
0.9225341058
0.9540315273
0.2880795929
0.3160935238
0.8378241863
0.7125764734
0.2871064027
0.4669515606
0.415731301
0.5333387898
0.9057314018
0.3014395148
0.4873244643
0.325099322
0.915624147
0.287030387
0.6102147409
0.3272403505
0.7007401051
0.2905430385
0.3594718381
0.5543790959
0.5803954522
0.9638378152
0.3673491545
0.33288744
0.3468034241
0.2871958956
0.3386133173
0.3199330287
0.6549613718
0.4820189418
0.6887992672
0.8955272487
0.3585850528
0.3503952612
0.670270689
0.3829276381
0.6669025537
0.9613074267
0.5645308531
0.3056215743
0.448210132
0.3010220883
0.4065612204
0.2961423204
0.5130325877
0.811218079
0.2870302118
0.3049147861
0.5040964683
0.47969612
0.8048678984
0.4845610853
0.3383580789
0.3825952549
0.4702712734
0.3784794048
0.2912384882
0.3924172701
0.6263833366
0.3023643754
0.5742674648
0.3847639056
0.2907200099
0.6671272638
0.7339656233
0.2872535089
0.3111153686
0.9214669817
0.7123583034
0.7320392035
0.5516796522
0.5071391555
0.3232296129
0.287490397
0.3189009905
0.2888567516
0.7264530162
0.5670185987
0.328620294
0.677213514
0.3562430794
0.9557176778
0.5803954522
1
0.4624150741
0.9091758789
0.33288744
0.291471038
0.3542212689
0.9877140558
0.4074671342
0.3796245326
0.3797885887
0.5169792585
0.5785787612
0.8193770367
0.2872624395
0.3016504641
0.6675766132
0.2881182506
0.2879319418
0.8174914615
0.7167140274
0.57903286
0.7625825865
0.4871115552
0.2889076028
0.2883648447
0.2874777928
0.4038586122
0.2925503113
0.3035409286
0.9355838753
0.8920279202
0.4788532603
0.4622096602
0.2871170863
0.378642644
0.9957107161
0.3344747978
0.8705303567
0.558885642
0.3891584441
0.2998718378
0.3349681274
0.9154861311
0.345176678
0.62342479
0.287271545
0.339511108
0.448210132
0.3199330287
0.5304502931
0.2919547287
0.8309031973
0.7441741451
0.4939520739
0.3112051837
0.4650917364
0.6704950362
0.4835008361
0.9720354285
0.4624150741
0.2923767119
0.5988234694
0.2929057388
0.2872624395
0.3042976332
0.3997593541
0.2874291246
0.2900380576
0.2900380576
0.3024366747
0.4410495428
0.2965385065
0.3127563469
0.396940222
0.287350689
0.2881576059
0.3781532777
0.902672861
0.6821248739
0.3084103741
0.2872277673
0.7055756285
0.3797885887
0.2876552835
0.4202183534
0.2878623052
0.3198291329
