0.3237127067
0.296611281
0.5115427949
0.621160489
0.6816993121
0.4288725051
0.4726493855
0.2862176641
0.4169407911
0.4070083147
0.3094130864
0.3048131978
0.4584150854
0.3447128089
0.3270901194
0.6200255293
0.4145240609
0.7794939836
0.6113959562
0.5545655364
0.795147212
0.5260356965
0.545823303
0.8824721832
0.9609432243
0.566274585
0.3347375641
0.5128530042
0.3335035181
0.3189003827
0.9560221237
0.3978932415
0.505449469
0.286393688
0.6876843068
0.4483086043
0.7710129559
0.339945833
0.34059717
0.8543847829
0.5701134427
0.6309134906
0.7784899744
0.5233879913
0.809053072
0.3507793895
0.8699725124
0.3907620529
0.743909006
0.716581802
0.2931838589
0.2999420765
0.8437714658
0.4044798324
0.6336322049
0.7137654509
0.293887505
0.6338586932
0.6098057966
0.7176631369
0.4891003737
0.401792669
0.31221869
0.9634897588
0.4350668012
0.4210665619
0.5563632906
0.4842125825
0.3244887612
0.4662149307
0.2998056539
0.2914848344
0.4547556804
0.294624377
0.9945415015
0.5198661467
0.615030148
0.517231325
0.2864106247
0.5163543376
0.5977658904
0.5714694399
0.2982203525
0.799433722
0.2891958175
0.9072443763
0.7564403705
0.3593167969
0.3247118381
0.2913151613
0.9317606909
0.3371215909
0.6555353887
0.2877748328
0.2881200426
0.5189872365
0.6066252832
0.3061011003
0.9913771194
0.3873493476
0.345118111
0.2877514764
0.4176875942
0.577577818
0.4660084146
0.2956204509
0.2885276153
0.5391259166
0.9206490704
0.3473004143
0.3147856423
0.3269753836
0.7254169959
0.4128603305
0.2944636835
0.3743100938
0.9845936921
0.3459323983
0.8387998761
0.291231352
0.3338722254
0.366745862
0.2966710764
0.4998238477
0.3031859165
0.3423069228
0.5866432136
0.8886726683
0.7830955544
0.8255518597
0.3985984949
0.2913996555
0.2861967062
0.9555154269
0.3292981145
0.430605811
0.3597629357
0.3933501817
0.6179822458
0.4869716204
0.7386326867
0.4093736258
0.9128276554
0.2869927106
0.8086716313
0.3332584322
0.5240494188
0.2877282936
0.4110208593
0.4139686254
0.5264774925
0.2907826539
0.4239049853
0.3275505406
0.4275292396
0.6611534401
0.3153715446
0.3000791612
0.3467515815
0.8512844249
0.8936788368
0.2879679321
0.2875274634
1
0.2864282595
0.3970140291
0.5139460189
0.5898195826
0.3588718073
0.2869597344
0.3630695053
0.7273465044
0.2917444772
0.3956127603
0.3467515815
0.3090621876
0.2888817172
0.6521585115
0.7732444785
0.4413465281
0.7782889876
0.2925603042
0.6736859788
0.2863067288
0.5093625876
0.9644130826
0.2988036235
0.2866812133
0.7024324808
0.6916615165
0.6539600512
0.6665338447
0.845004641
0.4783031328
0.7908285433
0.4269548668
0.96075149
0.8871360719
0.8190573782
0.8730663767
0.3333809032
0.4447161625
0.3398159845
0.3078541667
0.2869927106
0.2869435075
0.3638294988
0.9373293627
0.3222909881
0.8151175521
0.8841916609
0.3752750518
0.3040293456
0.726703742
0.866019989
0.2881721332
0.4178745282
0.3273200345
0.5911813174
0.2977760281
0.2938361415
0.3550637417
0.8804261461
0.4465092595
0.3061829689
0.5271404562
0.4916620744
0.7241286344
0.7008990052
0.5821084492
0.7585101078
0.3441743212
0.8036874812
0.9306461987
0.4150803514
0.3120330975
0.2906638835
0.7105072261
0.3137260662
0.2864753999
0.2943574001
0.3861653301
0.479565554
0.5687580092
0.3277816371
0.2937849477
0.2861968809
0.4842125825
0.6304602245
0.9058247058
0.3466147117
0.8521482988
0.7418022375
0.7046200055
0.7746607626
0.3751139299
