0.9733374219
0.8407537805
0.5105542504
0.3241369141
0.5434820475
0.3217377276
0.5933693466
0.5468372694
0.7019965659
0.4281810533
0.698704115
0.289093605
0.7129102316
0.3498763748
0.2986004937
0.3001302516
0.7044057884
0.3222765831
0.8512988665
0.2865125594
0.3072868275
0.7092104847
0.2911259461
0.6131432925
0.5109905662
0.5261447339
0.6471526906
0.4029384828
0.4894072213
0.4843043937
0.2935655639
0.8790753337
0.9679022177
0.5858765102
0.7668047088
0.5092463614
0.9793557391
0.7893499487
0.2972197191
0.459928373
0.287541045
0.2867742617
0.5385725791
0.3279872779
0.3374600661
0.8335654906
0.4499944998
0.2870297651
0.4534210815
0.2865817496
0.342389242
0.6299485366
0.7424786592
0.702654072
0.7054993918
0.6113249218
0.7919158382
0.6671760405
0.3683738179
0.4287571002
0.4020447422
0.3018199186
0.3041425458
0.3094313247
0.3719910305
0.5109905662
0.877319579
0.7494142172
0.3261539203
0.5657267343
0.3689982798
0.3480696414
0.3800723184
0.5129561409
0.5888272804
0.5983681751
0.2923741998
0.5168976068
0.7919158382
0.3435861249
0.9713514547
0.2872235636
0.7054993918
0.3253637803
0.9051063813
0.2881735287
0.2896075389
0.3061297841
0.4025806802
0.2953007284
0.8208781829
0.547957019
0.4438025289
0.7150811052
0.3598397068
0.3116755177
0.3480696414
0.4872771324
0.3070362294
0.3036043381
0.2864522751
0.8755531778
0.6308557571
0.9129866545
0.2863762578
0.902945024
0.6365220207
0.4384711192
0.4258847675
0.3073706821
0.3910072058
0.4237910629
0.5913250929
0.9877712414
0.4251221702
0.9593139953
0.401687962
0.8135512013
0.2965007197
0.7207058781
0.3000619146
0.3437198014
0.3119514775
0.2891554273
0.3271805186
0.6158705002
0.3369530171
0.8518184964
0.7895477144
0.6738853857
0.6233669323
0.5713756194
0.3582098759
0.3835531528
0.8078408769
0.3735836335
0.8291932415
0.4481892188
0.4203885411
0.407626695
0.2921487182
0.8797111404
0.5691148317
0.6575220044
0.2913308859
0.4018663008
0.6980446553
0.5621171889
0.4022232859
0.3682180081
0.9233277778
0.6805707577
0.3169591126
0.5099001066
0.5363457966
0.4153407609
0.3302134232
0.2881735287
0.4568689269
0.9107657265
0.4984119754
0.3988485642
0.3721497515
0.3126009063
0.4632091516
0.3034520337
0.3083036879
0.9438432708
0.4714866364
0.6067785357
0.315864635
0.2942791601
0.2888532352
0.8963344699
0.2986651758
0.2872759334
0.6124614217
0.4320360963
0.5468372694
0.2925115381
0.2921934728
0.856974176
0.8724771969
0.7269451758
0.672545363
0.3554314345
0.3267227689
0.455040981
0.7821877624
0.7657806349
0.4475888301
0.286810418
0.3400291753
0.2951903207
0.809751383
0.5188733408
0.8430629678
0.5296847382
1
0.6552712022
0.3718324297
0.3429198093
0.9949541734
0.2903863248
0.3672857253
0.7468986911
0.3666666633
0.5416951556
0.9193675614
0.9572268292
0.4849404747
0.3531281578
0.4625926598
0.5392412111
0.3160622354
0.2871074649
0.3501563449
0.455040981
0.3686858044
0.28675103
0.286810418
0.2864094617
0.2866752165
0.3250273858
0.8143077452
0.6446675853
0.4013315922
0.6485073695
0.2878629326
0.2903863248
0.286389889
0.7237225949
0.4020447422
0.954474694
0.6390128266
0.8382520702
0.2867066608
0.6049599257
0.2923741998
0.3911790978
0.3353208093
0.9391003305
0.2864423146
0.2893130085
0.3165589514
0.9340637858
0.2901294828
0.770275676
0.4625926598
0.4894072213
0.3164592982
0.3125076579
0.7439545005
0.7258721018
0.6812378909
0.340289175
