0.3060986933
0.2992907528
0.3121971479
0.5454390448
0.9195409232
0.7549696283
0.2912188161
0.2898866059
0.5207994063
0.2957758724
0.3469338851
0.8033386638
0.3253307362
0.425269491
0.2875320819
0.6316986551
0.7202010717
0.3052917082
0.5183813545
0.3196922311
0.570187114
0.4891442819
0.6529521168
0.6096718147
0.2869272799
0.4138162597
0.7328587918
0.5234426441
0.6884885171
0.9776267597
0.3512458853
0.4627510865
0.3733859099
0.9400607425
0.2920744682
0.4443533602
0.713055077
0.2872116737
0.3413000914
0.8360106346
0.2975580471
0.346523467
0.6677801629
0.9011091739
0.3462505339
0.7530967903
0.9606785337
0.8378083325
0.3346654651
0.2908957494
0.4465443626
0.7819082235
0.326918142
1
0.5068012772
0.308358149
0.4294827594
0.6845000267
0.639626896
0.2882974931
0.2868853716
0.3086164278
0.7819082235
0.8918843016
0.9229727692
0.5048471854
0.3699010601
0.3344179518
0.923103436
0.9634368689
0.2908561384
0.4143714154
0.2881442617
0.7880819521
0.3058548979
0.2948873059
0.3767662471
0.4582481381
0.4584520815
0.3124759195
0.286769064
0.3139866008
0.373226247
0.4889311018
0.2905836717
0.6389479281
0.4101373411
0.2875938449
0.4002243023
0.3569980508
0.4277540119
0.3466601374
0.840846479
0.5105023982
0.5269753547
0.6187614868
0.6078534262
0.993571816
0.2895447133
0.2915953843
0.3116438638
0.846678801
0.4037937565
0.3625031319
0.3041891881
0.4621350689
0.2949415749
0.3462505339
0.7750680382
0.3502609541
0.2882974931
0.3297068714
0.3367924011
0.6223953955
0.6201243769
0.503763211
0.4298678821
0.3108246093
0.4106867086
0.2864904495
0.3564134289
0.286819012
0.495135147
0.6189886485
0.2938374717
0.6493441954
0.7953695454
0.8653125854
0.3826809484
0.5194798763
0.791047158
0.295719072
0.2864904495
0.8401336627
0.9765620088
0.4175334075
0.5627364545
0.6540786245
0.455197562
0.7212797756
0.6816132678
0.9065857834
0.3025953208
0.8000481915
0.5135599436
0.3497010709
0.8646463068
0.7568380668
0.3432843173
0.78230836
0.9619261548
0.6148990296
0.4427658601
0.5380723237
0.9329894205
0.2864511385
0.2912599714
0.2921190474
0.3672484236
0.5512641191
0.2924818304
0.6749327859
0.3901097569
0.3487264311
0.6355513446
0.3286511597
0.5530598539
0.4032557338
0.9564235684
0.2942492729
0.289251767
0.2894784054
0.4308322007
0.3519533956
0.7778931858
0.4312185306
0.4372499675
0.6511487339
0.3320952761
0.9014008027
0.6751558731
0.5216798723
0.3793765081
0.3545277669
0.5260912983
0.2864394322
0.2892836257
0.4083124814
0.3155373502
0.3674034812
0.6953330284
0.2876786301
0.3447591425
0.7402908499
0.3109150041
0.2973117016
0.4072222981
0.6203515059
0.2865201498
0.764266885
0.5170644522
0.5878594955
0.5910379524
0.3022264688
0.4683226466
0.4944912885
0.6796118111
0.3206388237
0.6312451915
0.8422683235
0.3218125091
0.2873940572
0.881047032
0.4646028285
0.5054981322
0.2874718845
0.8043026838
0.2888533367
0.3439526316
0.2863471733
0.5762960482
0.4455472845
0.8948988864
0.6509232289
0.4747784431
0.370058195
0.3061802819
0.3474830065
0.6635213016
0.3816848027
0.9367489394
0.5978529271
0.8609575647
0.8254324947
0.2863875379
0.7764821039
0.2935357493
0.9268497656
0.2863770538
0.5052811033
0.2868450326
0.9988720031
0.8302060968
0.5196996998
0.5479013682
0.2893802383
0.8406683931
0.5517129084
0.3390891461
0.2865971907
0.87222584
0.4876531766
0.3106442956
0.2872291285
0.4343214442
0.5183813545
