0.3694470389
0.9139857637
0.7186820613
0.2873835787
0.4048739963
0.3858700206
0.823762111
0.2977620416
0.2866434435
0.2930226866
0.3168096385
0.2988369593
0.3082912522
0.4562136747
0.5517567089
0.3544121544
0.3413426254
0.3599757443
0.4953627188
0.3549889575
0.2894156084
0.5917933708
0.6546630857
0.7537697306
0.2880682009
0.7069329776
0.2882069734
0.9615369616
0.8961479517
0.8781745211
0.3759693291
0.9973918061
0.3018423586
0.8622327508
0.449547114
0.3095885979
0.7384086452
0.6822223329
0.5159905798
0.4672906723
0.3035405705
0.5589549152
0.2936001157
0.3181202389
0.2924698257
0.3884091217
0.4045140817
0.5684348366
0.6937479792
0.6824447692
0.7797964701
0.5772643266
0.289261363
0.7573067793
0.2914790388
0.3782422471
0.3689777714
0.3314288137
0.9324645513
0.7978408483
0.9568720495
0.3367146756
0.286629802
0.4517603073
0.8629060591
0.3084621486
0.2884521652
0.5129249147
0.7054015176
0.3000276317
0.4521636818
0.3003679286
0.6494727129
0.3753241631
0.5309913075
0.2895741792
0.6591682334
0.3281312291
0.9563619881
0.4246970568
0.4549955995
0.6065765308
0.3405586544
0.8419540824
0.7523087633
0.9366242426
0.3942560601
0.3446629733
0.5173069446
0.4998855608
0.6977169746
0.3314288137
0.376130916
0.7040873631
0.5490636477
0.2867761739
0.6236333351
0.8164634429
0.4787717265
0.3521259946
0.746018166
0.4347095383
0.3311894658
0.3294129861
0.3027915444
0.5569280884
0.2868821323
0.3476558986
0.287101347
0.2874510196
0.4829928904
0.4895813637
0.3316687441
0.4117881918
0.9856734532
0.6040739882
0.4289043834
0.2880233346
0.5569280884
0.4908627339
0.3258466275
0.5645937277
0.9374661225
0.3079513864
0.5883847857
0.2901456382
0.6177226986
0.5166485769
0.5175264824
0.8162748405
0.3158193031
0.5788513493
0.3123834248
0.2908433268
0.5765843647
0.4511558062
0.28660794
0.6138563133
0.5352124196
0.2952051241
0.2878717826
0.3532648526
0.7649498065
0.2942020579
0.3348405712
0.5120505465
0.8469082729
0.5059498272
0.6370260907
0.3913168494
0.8786545369
0.5419007216
0.305166737
0.2939986904
0.4677047564
0.2886341334
0.3321503502
0.4394082919
0.6422364255
0.8718625486
0.9613432453
0.9068253015
0.3911449303
0.7221400889
0.3042286884
0.3198733896
0.291941586
0.5652711955
0.8011515687
0.4068607266
0.8164634429
0.6759824276
0.286636273
0.6629910538
0.2868086973
0.4689485936
0.3779161377
0.8823082068
0.2869781118
0.4853245053
0.2869337075
0.4517603073
0.3766163843
0.821341612
0.3860385126
0.3211375546
0.3954753574
0.2867132216
0.3260724118
0.3878992988
0.795296044
0.4660500171
0.3774278507
0.9664231762
0.3199778966
0.972956466
0.3123834248
0.2878929109
0.7759629832
0.9398440161
0.3835229547
0.2999600701
0.6313553399
0.4598834272
0.6566913942
0.6372527702
0.6757591682
0.5055154282
0.8442620078
0.3573170514
0.395824688
0.3401685559
0.8923775108
0.3946038962
0.5675305909
0.8885498966
0.6926435244
0.2941000344
0.4787717265
0.7871973628
0.7095539559
0.3668024519
0.4949331482
0.4207214522
0.2874169505
0.5468222473
0.3357111522
0.322965948
0.758965804
0.2872420387
0.3875599715
0.3234025146
0.5838428506
0.28676848
0.3208194538
0.287612959
0.9898163442
0.9429893076
0.4243167081
0.7950998245
0.5992969278
1
0.289510232
0.7539782256
0.2870375468
0.3724444616
0.320713725
0.314651452
0.5924752735
0.2866030428
0.7653607394
0.67218338
0.3336090854
0.6181774913
0.8800898169
0.5799853035
