0.8395103329
0.7878319046
0.6181109679
0.782659689
0.5729452952
0.4932626775
0.2931471038
0.2965539509
0.3370650314
0.3087781446
0.4129463269
0.3154372346
0.8210931734
0.5677471616
0.642137718
0.5555799349
0.933183798
0.5854043085
0.5307921521
0.29394872
0.8771121326
0.5815496797
0.9681127347
0.5681988386
0.8044324932
0.334807288
0.9416183676
0.2862563193
0.9264279338
0.4380912351
0.3718352353
0.3237801342
0.3267001
0.7219128325
0.287246346
0.3504304749
0.7095669149
0.443021652
0.2880779344
0.3514169563
0.3838936664
0.2871556181
0.7528578432
0.2886739219
0.7670970522
0.4458043906
0.4230446839
0.2944717812
0.9441272814
1
0.6858346334
0.2868221026
0.306246745
0.2882849527
0.8980350375
0.4558647819
0.4083649152
0.3169267506
0.6491381675
0.4291541202
0.4127619079
0.298931516
0.394822629
0.287191387
0.3060015725
0.3374457959
0.2887912888
0.5589538836
0.5201943034
0.6975325055
0.3466869096
0.4336003773
0.8194148321
0.315143522
0.5005755438
0.2864533421
0.3461406734
0.3417177134
0.9635975056
0.3054351621
0.9576262251
0.7082596463
0.6502657792
0.2873414245
0.3505710017
0.4258971924
0.3325958954
0.5252619259
0.3287803841
0.7180288074
0.3802423316
0.5407989559
0.5125228293
0.3753532194
0.2863791151
0.9320781269
0.4281935728
0.6477844618
0.5974360755
0.7611449681
0.4868604386
0.6547716699
0.2912503574
0.3093895532
0.3392394879
0.4278099644
0.3278499121
0.5681988386
0.5254827064
0.2914180108
0.4466022648
0.3094775353
0.2864790143
0.7173801242
0.4155382215
0.2862641802
0.6756105419
0.2871556181
0.6037976481
0.4740005835
0.366513098
0.4915506695
0.5430310622
0.8505956479
0.2865759324
0.2942605242
0.8493796976
0.8704809321
0.7972656792
0.3857398952
0.7762357369
0.8535320328
0.2869872201
0.2880528375
0.7627917164
0.3323530661
0.2920263621
0.3517000034
0.982448654
0.9982817641
0.4626042621
0.4101901771
0.8899282151
0.3949969235
0.6849480817
0.3502900813
0.3697836956
0.3605841399
0.2875025953
0.343175398
0.5985719169
0.286461725
0.4051043603
0.4458043906
0.5919855536
0.2943130846
0.2877882257
0.8729239687
0.360434632
0.8393318315
0.2996646675
0.6531954612
0.7662789465
0.4105564034
0.3031733565
0.3438435002
0.6838392001
0.3517000034
0.3044043279
0.3771336986
0.579057115
0.633084513
0.5259243769
0.6348967495
0.4367198095
0.4345729021
0.694010982
0.4060068305
0.3134107244
0.3655885972
0.2909232771
0.2871032703
0.5334543053
0.7864436183
0.6015254549
0.288821063
0.8958100943
0.9602770361
0.3963951001
0.6780610007
0.2903396079
0.6126593068
0.7646399614
0.9256593165
0.5472797359
0.7373033035
0.9757893817
0.8725993582
0.3941265166
0.4480015107
0.3157323464
0.2962006425
0.2865654553
0.3202202868
0.2886450128
0.8561032504
0.3623881147
0.9553071109
0.8783888637
0.8021183448
0.2905684376
0.5101224222
0.2918931796
0.642589812
0.4410434571
0.4843134411
0.2862589396
0.2881032047
0.2862589396
0.315045929
0.3285468833
0.3220335805
0.3232301952
0.2930984472
0.315929864
0.481352353
0.6455269491
0.6756105419
0.2896215814
0.2868221026
0.4087291822
0.322141609
0.7822600553
0.8205343873
0.4500069168
0.6995094142
0.3643628738
0.3077482427
0.5432544294
0.286256494
0.2864451339
0.3686875047
0.6612911544
0.4367198095
0.2997323132
0.3792561372
0.4661054814
0.5477275267
0.3113618773
0.5053377447
0.3508524548
0.642137718
0.4239932823
0.3113618773
0.3112705613
0.7156484537
