0.4913045534
0.2868255913
0.5870388756
0.2918644159
0.47542594
0.2993681819
0.608641755
0.7335349417
0.3761418349
0.4048857496
0.3396602463
0.910953905
0.2920363914
0.309074309
0.291653303
0.7986447768
1
0.6618865613
0.407053756
0.8248989879
0.644970636
0.5777344698
0.2877173757
0.7612632655
0.7984496856
0.405606811
0.4351119025
0.2868523438
0.658962298
0.3682087949
0.6679479602
0.3163217116
0.3478036011
0.5743353677
0.2914875003
0.6766716851
0.4637952331
0.3772762745
0.4576513365
0.61455653
0.6038640192
0.8439323139
0.3503036442
0.7554581096
0.3449423385
0.7992296469
0.4743792788
0.8641061835
0.3147570511
0.3128575409
0.34480759
0.36867624
0.5700344569
0.7818278658
0.6931055267
0.2866412709
0.3119313925
0.300999639
0.3229753236
0.3056534196
0.2903316365
0.3800552052
0.2883113344
0.6739916871
0.3452122467
0.4779442374
0.3104824824
0.8595510269
0.9763756904
0.3091611219
0.7678437891
0.4072350741
0.4609202552
0.346161235
0.9690498547
0.5094464302
0.4792066815
0.3193624221
0.5913559675
0.8647757934
0.9827130962
0.3984697298
0.9434762997
0.6869071087
0.929990298
0.5786413918
0.9126278859
0.3972377851
0.4615351804
0.3114742466
0.9698378152
0.290154061
0.7005967651
0.3438681972
0.8271168584
0.3483553945
0.3365985073
0.8588709912
0.3249588973
0.7091381002
0.8239717042
0.6875724266
0.3802197171
0.3196741145
0.5741088705
0.2867037068
0.4164258636
0.3730918797
0.5927197928
0.2877371117
0.3287211782
0.3169187254
0.3668131
0.5294546064
0.608641755
0.3921894621
0.5070513555
0.3464336031
0.929990298
0.2952136938
0.3309603084
0.8821759367
0.7346012591
0.2866556123
0.3016360227
0.2876592126
0.8042729594
0.2885896519
0.5506501469
0.6295575826
0.4337492692
0.3112924972
0.8153544157
0.5695820552
0.7696839259
0.342273534
0.5445993284
0.3438681972
0.497958921
0.4836421329
0.8679378642
0.9134596879
0.5510991045
0.946423592
0.2965096509
0.9493008611
0.5303413221
0.2945730394
0.388420397
0.3360961602
0.4722906705
0.9840026414
0.5103187169
0.3236310974
0.295935224
0.2949974326
0.2867923678
0.5279042045
0.6227423466
0.5358955489
0.9334808979
0.2888329894
0.306873514
0.369928143
0.2867923678
0.5661911764
0.2875117769
0.4471561852
0.7023534585
0.6724265837
0.2867037068
0.8121309993
0.287425294
0.2866113628
0.6773410717
0.2881221267
0.3913282092
0.3003082551
0.4235693859
0.6748854507
0.9971913069
0.6672753138
0.4724992461
0.2868432516
0.488529242
0.4372614728
0.3040834567
0.3860497191
0.5743353677
0.3544224428
0.2872503772
0.9652568682
0.2866176593
0.9273208557
0.4096012415
0.4714570066
0.2869105669
0.5215001675
0.4623560528
0.4092361287
0.4714570066
0.4341381715
0.6461014751
0.9856381003
0.7884122277
0.3625352841
0.560999737
0.5734294647
0.7996192234
0.4796279786
0.7647664543
0.2867844989
0.3130446635
0.8492117453
0.3298930687
0.3933997676
0.3774388073
0.4550088078
0.7560821519
0.3404383641
0.2883603744
0.7117544575
0.447956285
0.3828675546
0.560548794
0.2869528764
0.3410906448
0.2877570219
0.2927516799
0.6347770605
0.3258560867
0.5745618792
0.9446181334
0.4580589587
0.6340965773
0.9038311793
0.2867215448
0.3251822974
0.3099496308
0.3011399014
0.3718205906
0.4325845971
0.2876026174
0.5585205719
0.2867547712
0.419229717
0.2866517646
0.6476839805
0.3149504501
0.2866823707
0.8410872732
0.2954326618
0.940341994
0.3062182639
0.2869004262
0.3176222909
