0.7858626317
0.41138582
0.8255434105
0.4939893051
0.8238904305
0.4931329174
0.6998634131
0.5706723465
0.6793705318
0.3750866405
0.2857655719
0.3025677531
0.3765425967
0.4616801879
0.5239923871
0.2976227758
0.7370994572
0.4600426512
0.2887105545
0.9468828595
0.6950418262
0.9489224278
0.4967782257
0.7022676303
0.336012996
0.3353846092
0.8066527131
0.2859433586
0.4372161268
0.3013082226
0.2869914767
0.7268996406
0.812152192
0.4724283398
0.9120167647
0.650541597
0.7085840923
0.2864790884
0.3319315191
0.4012517052
0.3105578077
0.4306063826
0.3125956456
0.6030450797
0.3606118015
0.3225845274
0.2945874218
1
0.7200407702
0.3576390767
0.5339407073
0.8827647495
0.7844762238
0.5928425596
0.6023647617
0.3980613933
0.8618125157
0.4948465176
0.782490236
0.3869948023
0.29543493
0.2901830391
0.9502962082
0.4453118607
0.2888414855
0.6118889649
0.3585255464
0.3580817363
0.4899289292
0.2862491617
0.39894424
0.3793184541
0.2892508067
0.4668254392
0.3057168857
0.5032461408
0.4161946047
0.6390496771
0.3203204869
0.512807929
0.7183190116
0.3052280042
0.3647049732
0.9891511862
0.6631047591
0.3726812327
0.7750877067
0.387843438
0.5381610592
0.326161588
0.288039752
0.2869491822
0.8240743944
0.4000070666
0.3622683793
0.7657687121
0.9828315944
0.555367584
0.498929328
0.435652243
0.3022671425
0.4221996319
0.3255926324
0.4141523017
0.5666130595
0.2879547528
0.8960937842
0.8030176145
0.5497645446
0.3419589494
0.9874712227
0.7622933249
0.3262758229
0.9294760951
0.5337188962
0.2857411666
0.2861552554
0.2857603422
0.337919355
0.3140285723
0.355879993
0.889062686
0.6406293997
0.8577856364
0.3888654265
0.3453132935
0.2860470489
0.3060460289
0.3982377552
0.6554848307
0.2989987279
0.9510286081
0.8608103361
0.2863669205
0.8861630148
0.6358882231
0.2958433655
0.540386677
0.5084509967
0.3158938622
0.9844356829
0.4203129918
0.3704603264
0.3399876135
0.7318006732
0.6592979328
0.3020433994
0.39126533
0.3534198413
0.4163808315
0.285872946
0.2858649283
0.3104669899
0.5357163361
0.724118739
0.2959615701
0.4954899641
0.2951482249
0.8273729147
0.8543931431
0.4616801879
0.2873307943
0.4740973318
0.2902622489
0.2874525646
0.3013810033
0.2869282951
0.2864958077
0.6639995257
0.3242422737
0.2860583755
0.2868666751
0.4046551118
0.859301383
0.624578857
0.6902033879
0.2876564002
0.4483065385
0.3793184541
0.3954284892
0.4235256441
0.3161934897
0.5650358807
0.5994168676
0.4865246495
0.6978930354
0.2859339474
0.2858204809
0.5776743447
0.2875277047
0.3283572503
0.4961338678
0.6395010971
0.3076445465
0.6205019452
0.9100915845
0.2922727191
0.2868870416
0.7860604342
0.5855933159
0.7337116998
0.3337674404
0.3099254025
0.3015270562
0.7127045484
0.2905448774
0.2860249178
0.61415615
0.2857456991
0.3570506579
0.2858649283
0.4467072375
0.5788048403
0.9522721898
0.3880134953
0.4499106766
0.9118798772
0.8074147901
0.6241259862
0.9093994591
0.8657907265
0.5379386601
0.8708562992
0.5156490273
0.4173133632
0.4165671515
0.2893570075
0.7933335749
0.7381555691
0.4890765549
0.3202143379
0.3196858694
0.9423539729
0.4856757768
0.2856845086
0.3454492408
0.591256222
0.2890090242
0.4680664686
0.5803880063
0.2968077439
0.8935740767
0.408094643
0.2868464822
0.4338991895
0.7172415174
0.5878579396
0.5279633469
0.9818718584
0.7972274433
0.3193706117
0.7048852544
0.6241259862
0.8147856681
0.368731856
0.3008749839
