0.3217748047
0.7724153762
0.9614847491
0.352399008
0.2884430218
0.3154692953
0.6403338846
0.5811361989
0.5429760438
0.4786681395
0.4074866091
0.3608392828
0.9988676599
0.3021542923
0.2932780097
0.6127951449
0.9362908508
0.706801283
0.6951246199
0.577501434
0.7135824821
0.3686171168
0.8503464673
0.6613780886
0.720758683
0.2871985766
0.3267194544
0.3013090886
0.3017287101
0.7278884561
1
0.3997794294
0.4784575944
0.9271966284
0.2940845856
0.4307195366
0.5566803202
0.2876843675
0.9778904475
0.2953071933
0.538505242
0.8870476592
0.3236068264
0.4178002634
0.8182724987
0.2913059404
0.8771766666
0.8133376081
0.3700232968
0.380963148
0.3043712558
0.3056930723
0.6282855716
0.3312496631
0.4742596788
0.9215194275
0.7489734539
0.7933251285
0.3200908077
0.2984771053
0.3398074263
0.4514460348
0.306010942
0.5515019344
0.3542524579
0.3048323855
0.5108794406
0.2873299958
0.874247409
0.8850062927
0.6577687656
0.2893148993
0.498500907
0.4163083528
0.3213501341
0.2931408035
0.8967235568
0.3477956111
0.5840916641
0.7493943949
0.3684614893
0.3098527572
0.6732930752
0.3549712747
0.5282711755
0.3857932787
0.3030232983
0.5668455258
0.511097961
0.770984238
0.3508482743
0.3057722954
0.3471109731
0.511097961
0.5688832561
0.4826799684
0.5859112969
0.5187734518
0.7650248141
0.3844512434
0.397135978
0.4347921536
0.4087590155
0.3487598151
0.4357673667
0.667231445
0.9237856766
0.2953602614
0.8414783178
0.3043712558
0.2891277005
0.3192635379
0.3581729953
0.5847739514
0.9190890241
0.3015181536
0.5289363979
0.3684614893
0.2907566284
0.5587099847
0.2943312056
0.4001336761
0.8907763243
0.9766910013
0.2871766712
0.5709223749
0.99039737
0.3895209733
0.9833022798
0.4236379
0.8484126314
0.5582587931
0.5499284813
0.3064926283
0.3571474164
0.2998216328
0.5986630306
0.3487598151
0.7255171856
0.771188863
0.3052994023
0.7610943145
0.4536677561
0.3483457705
0.4040577802
0.3156633855
0.2882799398
0.6665568412
0.6656570441
0.3538227513
0.3824518481
0.9711208106
0.54611258
0.2894821342
0.2873016111
0.4404774339
0.8439814598
0.4976382053
0.8283644744
0.7468656459
0.2881098224
0.4907667147
0.9151070813
0.7155440813
0.2871717644
0.3385249445
0.2914589814
0.3157606653
0.3695534655
0.4492334531
0.4995804273
0.2884641919
0.5423046609
0.629195863
0.6159860558
0.3352570745
0.4496350543
0.8496443838
0.3620376389
0.4546806113
0.3206128456
0.3053778101
0.7196742992
0.6741895346
0.4508416909
0.5073892575
0.3102029309
0.2900847224
0.3948643011
0.8732647221
0.7945105192
0.4069427925
0.351269597
0.2969729459
0.2871728158
0.4221229183
0.2899586539
0.6514403841
0.4456329601
0.4492334531
0.4512445111
0.7259487266
0.2874041065
0.8583266631
0.4740504408
0.3267194544
0.2879704807
0.3681506044
0.3213501341
0.6663319267
0.7298245383
0.5768202816
0.6205433281
0.6187206239
0.2872017309
0.5986630306
0.2873778269
0.6039050067
0.7861638036
0.3143179254
0.2934633475
0.9720821695
0.3597974375
0.2877115125
0.6439644765
0.7949051244
0.9683409007
0.4179871774
0.9324389967
0.2873016111
0.7565181176
0.3136567492
0.8803980974
0.2873864117
0.2873864117
0.3311307022
0.484163415
0.2878423205
0.4198614789
0.4087590155
0.9141337361
0.2871854335
0.2873531233
0.2921817733
0.2881098224
0.8325968329
0.4824682824
0.2944812236
0.4504391741
0.6631807259
0.287461393
0.3197794277
0.5333793065
0.2875708739
0.8140999709
0.4824682824
