0.2869619104
0.4946766806
0.2972154982
0.3315930325
0.8954351035
0.4789338121
0.6029879122
0.5192567443
0.895887558
0.300733938
0.9155134247
0.6375753626
0.7992040295
0.3071559617
0.7359017485
0.3640280263
0.3126714294
0.3422846402
0.5474885705
0.9881935527
0.3115720266
0.2883300774
0.3589303846
0.7016500813
0.356874449
0.761134089
0.9694938932
0.6100490595
0.3634206892
0.8836992065
0.5318604727
0.2879078101
0.2941062486
0.5205776361
0.7632020422
0.2892325981
0.4454915753
0.4539280451
0.2900901283
0.5059140235
0.3549881984
0.2887783232
0.6595207565
0.2873997388
0.9559794377
0.3608620885
0.9774584798
0.3342610449
0.6990080113
0.2973345639
0.2931461137
0.3486314385
0.2874511907
0.4069939337
1
0.4319361612
0.9222836255
0.714561898
0.5988885906
0.2990076686
0.2907130535
0.4366064451
0.2949759445
0.6243932555
0.3738550644
0.831411129
0.448088437
0.353838445
0.2878896204
0.7703949756
0.5427847293
0.7907394307
0.2870137413
0.8880838146
0.9210829958
0.6783700895
0.9895814171
0.354268615
0.9532401973
0.6732264171
0.4041078898
0.3411041092
0.7638213294
0.8863696897
0.4488901045
0.4273154312
0.4174809391
0.2872941992
0.4174809391
0.6348508181
0.3808368016
0.7186905347
0.6565892245
0.8073519042
0.6378023306
0.3221699624
0.8854301238
0.8330571233
0.7354750475
0.9286803095
0.2980630753
0.4296195086
0.5995717418
0.2903945921
0.3698972238
0.35269714
0.7664989905
0.2944075874
0.8543980114
0.5421137721
0.2875479603
0.6328063487
0.5852361708
0.7845625285
0.4407324166
0.3524131391
0.8509211411
0.6191584301
0.7130370918
0.2869522793
0.2871844439
0.3342610449
0.3775624258
0.3383937239
0.7584374096
0.4417201033
0.9183865654
0.5470400619
0.353838445
0.5188167681
0.7669100793
0.3741749454
0.6987876076
0.3156166916
0.305538594
0.4647592054
0.5979777752
0.8456450774
0.3047543026
0.7736593885
0.505262123
0.3084114653
0.6527506985
0.582963571
0.3004610366
0.6712098837
0.4476880655
0.5722982889
0.3079889321
0.5061314175
0.3912776252
0.3931746309
0.4458902346
0.5107073294
0.9420472697
0.4296195086
0.3114814408
0.5911492037
0.3392902815
0.5425610478
0.5486103084
0.2875194381
0.5398791674
0.3071559617
0.2880400226
0.2983112829
0.3652487302
0.964624603
0.3168965877
0.4490907133
0.479776685
0.3354969104
0.3735356625
0.3354969104
0.2875194381
0.3667858538
0.526760285
0.6143765781
0.2968040712
0.2875624834
0.8851162173
0.788156592
0.2990076686
0.4178545756
0.5128932925
0.2923404585
0.8721051494
0.5693538748
0.4236934808
0.4298120853
0.9918532843
0.4942472145
0.2976957964
0.2890125671
0.4454915753
0.2889858448
0.3109412652
0.3065825023
0.2874779654
0.6646985906
0.5269816389
0.5074367603
0.3343839835
0.4670317047
0.3278386144
0.3110308967
0.3408433064
0.2876532908
0.2877841468
0.4165484978
0.2911977302
0.5334163506
0.3823254006
0.3626643559
0.567090852
0.2898312582
0.8456450774
0.2912748814
0.9779283288
0.6917165264
0.4360200007
0.3504400557
0.6718822912
0.8260656368
0.8451135004
0.2900901283
0.4091753234
0.3565828202
0.76752628
0.3329182589
0.7722330729
0.4513024402
0.9762665407
0.6355321107
0.3207878699
0.3777250345
0.6198414006
0.7197745132
0.2874644907
0.2877671787
0.661773401
0.3312346681
0.9540906134
0.3164012044
0.2873750616
0.2883743017
0.8172695017
0.3436095633
0.72711695
0.2874779654
0.8542249444
0.2873873128
0.4448941756
0.287193547
0.2937624377
0.4433045879
