0.9562420912
0.3081046479
0.5272055129
0.8115524389
0.8878184083
0.5042265711
0.5094381217
0.6906571396
0.3068298031
0.382046347
0.3677255918
0.4953864105
0.2900256213
0.6295192514
0.400447653
0.3298693387
0.433989947
0.3160019038
0.3887797481
0.4595274443
0.5109629975
0.3568451346
0.3117720425
0.801621035
0.363721651
0.4996884287
0.3309430019
0.4444108048
0.5140190687
0.2900256213
0.6769290894
0.2889655216
0.7075272395
0.4133146762
0.5009828855
0.5902845403
0.4765021836
0.9016450115
0.3488424841
0.4258980127
0.3519371997
0.2961561404
0.9557428415
0.3259202523
0.5814486706
0.7640237816
0.6604040696
0.2871169268
0.3942929966
0.2925605175
0.2993979596
0.6036684556
0.5105271008
0.2976277293
0.4270446656
0.2980750475
0.3432485376
0.6306511065
0.5168641798
0.2858723226
0.6767067307
0.528752654
0.8830338008
0.4410436485
0.8684956581
0.6154672758
0.2859335533
0.7390632225
0.3266047802
0.9032272193
0.2932995723
0.363113096
0.2859204702
0.3889503561
0.3308231248
0.9142525405
0.4638323757
0.7652510264
0.298662145
0.9745577157
0.3047057667
0.286029838
0.5927787399
0.670469588
0.7605354083
0.2893016801
0.3290424247
0.2875679108
0.2858786029
0.8875123429
0.9747119875
0.2881440593
0.5024952776
0.3075052359
0.8401624743
0.9332704671
0.3512282176
0.2862814828
0.5022790783
0.2911544571
0.469410844
0.7103535473
0.4748271547
0.9254402514
0.799496182
0.7634093832
0.2916793011
0.2988608328
0.29185971
0.2861409345
0.3205310712
0.4681670462
0.7737827397
0.5416335829
0.7656596464
0.5871112534
0.4681670462
0.5216943889
1
0.6556911237
0.2942904412
0.8344443761
0.6331402594
0.7843964303
0.2934519633
0.2884336258
0.4879075335
0.3088868196
0.3266047802
0.3960383714
0.4524213963
0.6211365775
0.7796118085
0.817755619
0.753717659
0.2916793011
0.2875196906
0.3537959535
0.2859482061
0.8714288153
0.9530012467
0.2859335533
0.7112218276
0.2860083843
0.4621888402
0.6709157896
0.5274264279
0.7693267419
0.2864096283
0.3130851114
0.3467695186
0.3977942763
0.6052569361
0.2872015715
0.3515114142
0.7371609727
0.347595074
0.3958633584
0.3047057667
0.3086246605
0.6453375275
0.5769231746
0.8433434939
0.8623790863
0.9598540634
0.3970906573
0.3884388611
0.7715583527
0.9040854357
0.2916793011
0.2947810888
0.5742101908
0.3896338815
0.9811978951
0.8443981061
0.5934590948
0.3638741015
0.725665973
0.3818803135
0.3807212674
0.3918673571
0.6077531147
0.8058458152
0.3509455503
0.3932508688
0.9562420912
0.4702413336
0.6804829456
0.3530784233
0.4341844424
0.7869728767
0.8591930321
0.3677255918
0.3611491342
0.2880882206
0.3227966001
0.3056725418
0.6742589495
0.3644851479
0.61047608
0.2953422605
0.2860528609
0.5365130372
0.3213862765
0.5825807208
0.9925977285
0.331183191
0.3850542726
0.4087272991
0.8916135195
0.6011723585
0.3794035066
0.6464647302
0.2859382631
0.5283104392
0.3738858398
0.4151663985
0.2858960479
0.3640266766
0.3332481352
0.2859021535
0.3632650475
0.2859290178
0.7068740717
0.286806136
0.799496182
0.306082227
0.2860859986
0.8841217594
0.5744362008
0.5952735918
0.5170833198
0.5658581781
0.4746180523
0.6197762617
0.3299880527
0.5819014604
0.3179212865
0.3552408061
0.2872668774
0.4116562722
0.4418338666
0.4174008971
0.3707038735
0.899906006
0.457284689
0.9468530464
0.9901038159
0.2860225124
0.7599181139
0.6247628858
0.4530270218
0.4324370041
0.2859089569
0.5532639539
0.2870150275
