0.4337820514
0.491328975
0.5562624829
0.6758936159
0.7146472583
0.3373330913
0.5917793286
0.2938673171
0.3497365903
0.2987950398
0.754422455
0.5806597169
0.2937156761
0.8299249986
0.9316026943
0.4663007749
0.2875010833
0.856974176
0.6807931647
0.6126887146
0.7807856128
0.4934693496
0.5107723864
0.4043737597
1
0.3217377276
0.3186873484
0.3205655938
0.5044646882
0.9372027779
0.898263563
0.3465586637
0.2922834947
0.8883087474
0.2866079564
0.5484051014
0.5153632077
0.7487860406
0.3112187468
0.8315670034
0.2899865049
0.572054158
0.3234753586
0.5136121064
0.4408334043
0.3011751544
0.6859003068
0.5895084168
0.9259186543
0.2863825492
0.9003234791
0.4058155032
0.2893450432
0.2864629344
0.374866306
0.333958564
0.9127103843
0.9587224418
0.2863825492
0.8124142407
0.4281810533
0.2869999054
0.3204599486
0.3340816873
0.352700037
0.3777799652
0.7085563999
0.336071146
0.3934235531
0.5892813639
0.6399181821
0.3884419449
0.3469691235
0.8766784804
0.3761565606
0.648055877
0.2915824713
0.4973351938
0.8279097514
0.3686858044
0.4646500186
0.7907329476
0.7853811303
0.3761565606
0.4289492902
0.6794582882
0.7761572157
0.5484051014
0.6874514408
0.4262665991
0.8955883444
0.3102277962
0.2891865978
0.308734196
0.286887441
0.2936154314
0.7002416048
0.5533406256
0.2868610689
0.2940204859
0.2871727616
0.3337127487
0.3131637012
0.3790870973
0.3040651696
0.9762756644
0.6602202556
0.2869999054
0.6099610562
0.5272500066
0.3135420403
0.2924655879
0.5425883736
0.4160842728
0.2865125594
0.4328112278
0.6421806035
0.8450064168
0.8080322431
0.3295047067
0.3487618516
0.7426896453
0.3769667978
0.4330052232
0.3165589514
0.9857142166
0.9598040306
0.6022321041
0.7797822115
0.2954118112
0.4900473181
0.2999937434
0.8443008238
0.4725286587
0.728659737
0.3069530187
0.287240846
0.2984716295
0.7278028207
0.2882493715
0.618824335
0.626318168
0.3576210619
0.3332228455
0.3298584063
0.3522731044
0.355867024
0.8328398417
0.3743844127
0.5594132739
0.3112187468
0.4402417397
0.3308080394
0.4202003791
0.2868610689
0.3904921834
0.2954118112
0.5281348698
0.6131432925
0.8039989369
0.2905368779
0.286970743
0.2871397647
0.2874232481
0.5103361583
0.2864742925
0.4767124582
0.523275309
0.2871074649
0.5542392466
0.8708456548
0.965749504
0.7793804176
0.2866357346
0.9114624075
0.4107284224
0.9830617332
0.7142132469
0.4796557346
0.7161649989
0.6126887146
0.9377985643
0.2867742617
0.4601329007
0.4264576479
0.772715521
0.7004611023
0.2883008009
0.4887676161
0.3979667058
0.4162703868
0.3179703305
0.3549970179
0.2865267124
0.3787596167
0.3590969532
0.6814602101
0.4773421608
0.3972631043
0.3104065403
0.5319017702
0.3911790978
0.455040981
0.3311665587
0.4623872997
0.7196264181
0.6856785915
0.9898077728
0.3716739493
0.439650802
0.2921934728
0.3528426121
0.7797822115
0.3036807353
0.6803483217
0.7577440163
0.2865267124
0.6229127861
0.2885683534
0.2938673171
0.3395108554
0.9459825474
0.523275309
0.9012007003
0.28675103
0.3169591126
0.2864029958
0.8789161609
0.6729921427
0.5808864203
0.2865415641
0.8485151438
0.9679905633
0.509464232
0.3758332888
0.3785960506
0.5131747534
0.4074451279
0.3521310579
0.2965007197
0.2864685261
0.8499096028
0.8478159732
0.2863762578
0.7825878144
0.6487330903
0.2936654688
0.5979136516
0.2867174913
0.2864522751
0.2884862672
0.3267227689
0.3155693996
0.7731213282
0.3096953816
0.5636957772
