0.7580873686
0.9783826624
0.2858294093
0.2872402902
0.3760683079
0.7799874165
0.355010994
0.2855706624
0.8159588726
0.2942505074
0.2901864245
0.3580867897
0.3410307215
0.5475328267
0.3186171871
0.7922357743
0.5758625753
0.9418658558
0.4527507842
0.2993542751
0.797878636
0.2860412217
0.5251054113
0.5419531965
0.4304347846
0.758704852
0.4801993914
0.2895323453
0.3528489384
0.569542789
0.290028068
0.4791471567
0.2856072581
0.2895694488
0.2887263813
0.8998266716
0.6619457294
0.3324073833
0.3013338175
0.9321646072
0.4929364025
0.9106934714
0.2973770007
0.3885399252
0.6037115049
0.2868139533
0.3744541528
0.6358606327
0.2859914091
0.489946834
0.9408479494
0.3591246109
0.8920234923
1
0.3029793143
0.9666624075
0.3772051706
0.787129455
0.5672885188
0.2963229524
0.2909328987
0.9015570935
0.4018049901
0.63224616
0.3439587635
0.759732871
0.3245606242
0.29537502
0.329048353
0.4167739194
0.5167566287
0.3476424403
0.3591246109
0.5553705955
0.7879179051
0.2856997852
0.3892227293
0.2862528024
0.305513206
0.6324721528
0.817638453
0.285784113
0.5377242899
0.795161508
0.8817906767
0.3791672946
0.3123768348
0.3062556533
0.3994931162
0.4073867771
0.8419257496
0.3703126968
0.648033333
0.817638453
0.3171775418
0.4709914592
0.2973136646
0.3098917295
0.294973793
0.2905527385
0.7502230455
0.2894586532
0.2906779211
0.4173337733
0.3207256432
0.4850583006
0.4859063896
0.6960810094
0.5439599335
0.295784466
0.4121412882
0.4531546204
0.3412941546
0.5361689619
0.9448694619
0.6930080244
0.8206097363
0.6207075954
0.3495911045
0.6710989712
0.8419257496
0.5132583271
0.5317335857
0.5399487267
0.4062989577
0.6576906309
0.6657459605
0.3385557888
0.5860389886
0.4629320707
0.7141503794
0.3630336364
0.8435070746
0.6532033248
0.6824225369
0.4705757592
0.2927894718
0.4816749744
0.2867121616
0.5091180274
0.7000218031
0.3307136774
0.2856109176
0.3636425459
0.4827306968
0.4987305031
0.3762303673
0.5672885188
0.336384151
0.3215859895
0.7793885588
0.8303159147
0.3439587635
0.3285777881
0.5833233154
0.8355363797
0.4243063219
0.7861424418
0.3050254864
0.2858895099
0.6583630123
0.3003987105
0.8939615504
0.5873972696
0.7122041177
0.5830970669
0.9712455431
0.3034417771
0.5790262827
0.691908895
0.8564299536
0.6848548802
0.2855769361
0.9667486676
0.2891004969
0.5056437054
0.6901485348
0.4639597173
0.2995601952
0.3248978577
0.4237363824
0.2856004619
0.4625214843
0.4156567252
0.2893856478
0.3022215661
0.2898339765
0.7115546257
0.7416516173
0.327527575
0.8530288635
0.4623162928
0.9407343346
0.3529921623
0.3076935085
0.5883029405
0.3117215393
0.3384269228
0.8535411353
0.553800768
0.6912490112
0.3465407086
0.3616708924
0.6855175944
0.3453115783
0.2863320216
0.4391998969
0.3175858074
0.4150993906
0.4016265413
0.3361313396
0.9069471674
0.4262118714
0.6179896923
0.9763822813
0.3931824831
0.3462666225
0.5306267606
0.6256878345
0.9378606428
0.2862682986
0.4437433637
0.3477807614
0.4143575935
0.5587380556
0.4184559802
0.2858586763
0.479988827
0.440184033
0.2856229414
0.2858294093
0.6077918398
0.3278763272
0.8181969998
0.2859219101
0.3767172452
0.3032869726
0.9206001815
0.2874640628
0.3077795276
0.4119572151
0.2927894718
0.3690546782
0.3327739926
0.751469991
0.2862528024
0.4012699487
0.4682939751
0.4829420133
0.6186692484
0.2858017092
0.8825683134
0.9851092101
0.9813507733
0.7990390737
0.6976149229
