0.2861983886
0.4434944051
0.7104593765
0.3060804857
1
0.5156622964
0.7281538421
0.3510376734
0.9799684705
0.2891763414
0.2888015199
0.2949304632
0.4478780494
0.3497732832
0.3760571022
0.7547297958
0.3049513791
0.3644151997
0.6179406273
0.8669543588
0.383787872
0.7417522803
0.4905607165
0.2966510969
0.7836410643
0.9455486293
0.2970743292
0.9063326713
0.2862874472
0.8616246279
0.5246758437
0.5759544308
0.486088934
0.3185690639
0.9427331711
0.3117348954
0.5185130967
0.781644704
0.370310684
0.3289238019
0.2862813357
0.3034698954
0.3061623488
0.2891121438
0.5196113642
0.6563909383
0.3185690639
0.3563480285
0.2952067123
0.3345909798
0.4759622809
0.3193983718
0.2936126089
0.6691738581
0.6406045001
0.3160408829
0.3576667174
0.4812197008
0.3388881405
0.4035543952
0.2883956952
0.393844189
0.3418872578
0.7065379623
0.7074104806
0.5626282312
0.3101910308
0.3054313976
0.2894064698
0.7570108859
0.2864180483
0.9843371147
0.74133035
0.8912040074
0.8078534982
0.4871514372
0.4210382049
0.4321232683
0.5628536065
0.2976305347
0.3548951247
0.9152283158
0.4935551544
0.3638049965
0.7772307852
0.7268690868
0.300474147
0.6024954496
0.4474779916
0.7697408879
0.4456815347
0.3013941172
0.4765911798
0.3101016414
0.2894064698
0.3915956858
0.5759544308
0.3293936093
0.8470524774
0.7245094709
0.680542726
0.2978189444
0.3201320397
0.6929382132
0.5834291867
0.4261615663
0.3851288668
0.5759544308
0.2884515935
0.5959089232
0.2868456665
0.6024954496
0.8710573295
0.6222533837
0.8431849772
0.5253378926
0.3788239042
0.2983287103
0.3266100672
0.412648158
0.6792089501
0.3903925179
0.8394573523
0.3207668397
0.6638005934
0.3060804857
0.9264279673
0.8922633011
0.2984578182
0.4846037895
0.9303347714
0.936313235
0.2867859885
0.6242954623
0.6283777203
0.8532968143
0.3847929435
0.3117348954
0.3453657345
0.4916289631
0.3723679269
0.2864180483
0.5592499422
0.4492806515
0.5856965215
0.4307698191
0.5110719828
0.5954547869
0.5244552342
0.9531904184
0.3638049965
0.7065379623
0.4381666969
0.7836410643
0.652790265
0.3696817897
0.2911286203
0.5779917446
0.4504858317
0.2861852908
0.8223533367
0.903328697
0.3240225796
0.6993166417
0.7654537557
0.2871486973
0.8124186032
0.2861774321
0.5850162247
0.3267243511
0.3318984163
0.3086930508
0.4761718526
0.4051729645
0.7034793314
0.2862586353
0.2895417668
0.3851288668
0.2862586353
0.5062836779
0.8784650081
0.2873414106
0.2916811311
0.9603020637
0.3836207547
0.34428555
0.2978189444
0.2868610215
0.2890803041
0.4805868417
0.9464359255
0.3078334341
0.33117621
0.4763814856
0.3245783645
0.3575196804
0.286313639
0.859772545
0.9729053055
0.3407049092
0.4799545134
0.2980088561
0.6942602767
0.5112901421
0.3648741604
0.6354009933
0.9793266109
0.2870241496
0.8744620466
0.5615016422
0.7223596816
0.4301910543
0.8503612387
0.3650273959
0.2868456665
0.7440692908
0.4549277295
0.4252078718
0.3095686423
0.3276439482
0.2871122422
0.6568406658
0.2868154791
0.5621775378
0.286182322
0.4502847803
0.7555600486
0.6964609735
0.4342585221
0.3968117761
0.6086289289
0.4791122394
0.8331678559
0.2865990728
0.529316988
0.8779875563
0.4385593258
0.4954855818
0.3008246844
0.3399229391
0.9789661497
0.9348715483
0.5603755416
0.4867262685
0.2862753987
0.3478279831
0.7505655722
0.2892086992
0.5344176194
0.2897851727
0.3752497787
0.8049797716
0.3497732832
0.7392177036
0.2865870291
0.8133645203
