0.820773262
0.6056774245
0.3430428997
0.5505386068
0.9562587234
0.4296883523
0.5740376233
0.7821766266
0.612974064
0.9646906504
0.4973523324
0.3294600808
0.3519359599
0.869556679
0.2905305058
0.2872556106
0.2874533212
0.2998434566
0.3487234526
0.3555079125
0.6309727082
0.5005910655
0.9374208149
0.765867099
0.8156694439
0.695327577
0.4552191433
0.3268148474
0.3113596809
0.3214439594
0.6660764471
0.4855789452
0.3110017329
0.3245788496
0.9216542549
0.598609885
0.3102056923
0.458884283
0.3916912366
1
0.7347559707
0.9756691566
0.4036375555
0.3496936296
0.4582717979
0.5239977534
0.2894822309
0.5023230014
0.2913154859
0.6557017154
0.3292269459
0.4887733755
0.2884647568
0.9071653195
0.410338931
0.4511747552
0.2923930035
0.7988738588
0.2952877573
0.2877550494
0.6113779845
0.3166369515
0.4915520673
0.8758084279
0.4924089125
0.5034070573
0.305703243
0.7803610543
0.7602785279
0.447560696
0.3213381427
0.3981307
0.4764946069
0.6049933754
0.302457599
0.4417913012
0.2943674626
0.9223244289
0.5545891752
0.6409749924
0.3852337995
0.3786133664
0.3889527252
0.3522186625
0.2991954868
0.2901376327
0.7654545435
0.3419885209
0.8585772707
0.7933589055
0.3585718481
0.7736616657
0.6079576476
0.7689539472
0.6296071885
0.4687696754
0.7207522695
0.5904076178
0.583124934
0.5904076178
0.3946316074
0.4633953411
0.2884239743
0.6937775855
0.7237843328
0.2881759082
0.3138423366
0.5435824427
0.2969438345
0.2874450842
0.3995422224
0.3238104738
0.3510910601
0.7076657125
0.7328284601
0.4849416008
0.3267016236
0.2874971333
0.2960416189
0.3850660525
0.2876667507
0.2878664597
0.2878233689
0.5406734241
0.2949233112
0.3823975931
0.2885272391
0.8429778772
0.3295768698
0.3026018157
0.813384256
0.8604602862
0.3828956989
0.5382159327
0.2883641095
0.2884038449
0.9471963206
0.4130944685
0.9775391507
0.3951537434
0.3709170607
0.2879890629
0.3317042441
0.545823484
0.6804280416
0.5178249362
0.7131360446
0.4928376597
0.5400028301
0.3441061814
0.3633501944
0.3004409026
0.6635996536
0.6189012731
0.4384407074
0.2917788804
0.5613569261
0.4609305378
0.2888631931
0.494339964
0.3615429698
0.2894544372
0.2879263625
0.8798528597
0.2971761481
0.8343030526
0.751295366
0.3499720389
0.538439186
0.2897994294
0.9966317474
0.3156583987
0.6631490369
0.984085035
0.737746696
0.3981307
0.2913531535
0.3091644874
0.4874940736
0.3367261286
0.9366868961
0.6712460602
0.2875763394
0.4132789512
0.4544078829
0.4725167521
0.2878960614
0.4031002797
0.5362080805
0.8927284108
0.7398771532
0.3828956989
0.8183224521
0.3099432256
0.3827295488
0.7120439397
0.3102935015
0.8166185661
0.8166185661
0.3098560572
0.3073158208
0.8392047206
0.3149827243
0.3579838142
0.5471694518
0.8751562431
0.5097180391
0.4092429094
0.3782872178
0.3243585585
0.9334645349
0.5888137454
0.6457401923
0.8866799727
0.2876911039
0.2890584002
0.6848901039
0.2873854952
0.639839524
0.3390071551
0.4149436457
0.3213381427
0.6561536909
0.6291519442
0.3066629892
0.3624442947
0.2872592918
0.2888631931
0.8438711314
0.3384962778
0.2882678261
0.3317042441
0.2877550494
0.2876548366
0.2873125802
0.9569899835
0.9134222897
0.9722791126
0.869556679
0.7439114895
0.2877955163
0.2876548366
0.3869174854
0.2922254524
0.6300623978
0.7373200237
0.5738107191
0.3412036047
0.2873599056
0.3566683412
0.2878375576
0.4558283615
0.2887015332
0.5156280803
0.4419891283
0.4083322866
