-2.8214e+00, 5.8283e+00
-8.8148e+00, 4.9051e+00
 1.4606e+01, 1.8023e-01
-1.0700e+01,-2.5520e+00
 1.7095e+00,-2.7880e+00
 7.1331e+00, 1.0574e+01
-1.0625e+01,-1.1357e-01
-1.5331e+00,-7.1048e+00
 9.2359e+00, 3.1827e+00
 6.5614e-01, 2.8182e+00
 1.0725e+01, 4.3673e+00
 6.0133e+00,-1.3876e+01
-1.4611e+01, 4.3345e-01
 4.9707e+00,-2.1835e+00
 1.6639e+01,-2.2724e+00
 1.5581e+01, 7.8498e+00
 7.0074e-01, 1.7335e+01
 7.4044e+00,-1.4464e+01
 3.0604e+00,-1.4295e+01
-8.3889e+00,-1.1870e+01
 3.3918e+00,-9.0253e+00
 1.5216e+00,-1.1614e+01
 2.8281e+00, 2.4361e+00
-6.5845e+00, 3.6585e+00
-6.0997e+00,-2.8053e+00
-3.9571e+00,-7.7799e+00
 2.7121e+00, 1.2032e+01
 1.4939e+01,-2.0783e+00
 6.3630e-01,-1.5773e+01
-1.1984e+01, 9.6984e+00
 6.0742e+00,-6.7006e+00
 8.0503e+00,-8.7307e+00
-1.4156e+01, 7.0581e+00
-1.3649e+00,-1.5275e+01
-2.4513e+00,-3.6777e+00
-4.3376e-01,-1.0183e+01
 1.4405e+01, 6.0806e+00
-2.8231e+00, 1.1998e+01
-1.1934e+01, 6.6918e+00
-1.1225e+00,-5.7785e-01
-6.6329e+00,-4.6767e+00
 2.2365e+00,-1.0460e+00
 3.8872e+00,-1.2819e+01
-1.4465e+01, 2.3937e+00
 1.2109e+01,-1.9445e+00
 8.7593e+00, 6.9064e+00
 1.2745e+01, 1.1085e+01
 1.1191e+01, 2.6655e+00
-1.6045e+00,-1.6827e+01
-9.2858e+00,-1.2505e+00
-1.3122e+01,-7.7762e+00
-4.5779e+00,-1.1052e+01
 1.6518e+01, 4.1795e+00
 4.0372e-01,-4.7003e+00
-1.1071e+00, 1.3139e+01
 1.2370e+01,-3.8837e-01
-4.0680e+00,-1.6326e+01
 2.4431e+00, 6.3256e+00
-1.5910e+01, 4.7832e+00
-8.4185e+00, 1.5139e+01
-9.8708e+00, 1.7995e+00
-1.3527e+00, 1.5415e+01
-8.8333e+00, 7.9074e+00
 4.8897e+00, 1.9033e+00
-1.0159e+01,-6.2620e+00
 4.6091e+00, 1.0548e+01
 1.6130e-01, 1.5896e+01
 3.9730e+00,-6.0012e+00
 4.5151e+00, 5.9029e+00
-7.5870e+00,-1.0161e+01
 6.6501e+00, 1.3730e+01
-9.8287e+00, 9.2873e+00
-7.6296e+00, 9.3755e+00
-7.9109e+00, 6.2450e+00
-1.5923e+01,-3.2085e+00
 8.9530e+00, 8.7642e+00
-1.5282e+01,-6.7808e+00
-4.3669e+00, 4.6850e-01
-8.6983e-01, 1.0716e+01
 8.9906e-01,-9.4809e+00
 1.0276e+01,-9.0524e+00
 1.4252e+00, 1.3732e+01
 4.6093e+00, 1.2757e+01
 1.1227e+01, 8.9507e+00
 3.7098e+00, 1.5761e+01
 1.4631e+01,-8.4108e+00
 7.2512e+00, 1.1362e+00
-1.3574e+01,-6.1284e+00
-4.0543e+00, 4.1217e+00
 1.6410e-01,-7.0411e+00
-6.7506e+00, 1.2646e+01
-7.1927e+00, 1.8537e+00
 5.5648e+00, 8.1387e+00
 7.0678e+00,-1.8605e+00
-2.7462e+00, 9.2164e+00
-2.3893e+00,-1.2045e+01
-8.2923e+00, 7.2382e-01
-7.0579e+00,-7.6098e+00
-7.1507e+00, 7.5479e+00
-8.6572e+00,-5.7406e+00
 1.2455e+01,-5.1075e+00
 5.0514e+00,-1.1205e+01
-1.6629e+01,-4.8170e+00
-3.7605e+00, 7.7743e+00
 7.2076e+00, 3.5261e+00
-7.3500e+00,-1.5698e+01
-1.0557e+01, 1.1570e+01
 8.9819e-01, 1.0865e+01
 9.9758e+00, 1.2874e+01
 8.8600e+00,-1.4994e+01
-6.2752e+00,-1.2027e+01
 1.4694e+01, 3.7094e+00
-4.6843e+00,-1.3849e+01
 7.5071e+00,-3.6363e+00
-5.1204e+00, 6.1968e+00
-1.0287e+01, 6.1611e+00
-5.5656e+00, 1.4120e+01
 1.5515e-01,-1.7465e+01
 1.6266e+01, 1.5935e+00
 8.2688e+00,-1.0956e+01
-6.6858e+00, 1.5990e+01
 1.6062e+01, 6.0277e+00
 1.7182e+01,-2.4400e-01
-5.9345e+00, 9.3001e+00
 2.8666e+00,-1.6335e+01
-2.7767e+00,-1.3610e+01
-1.3555e+01,-1.0745e+01
-3.3364e+00,-5.1988e+00
-8.7456e+00, 1.2340e+01
-1.6058e+01, 2.2510e+00
 5.5687e+00, 3.3233e+00
-5.0831e+00, 2.7492e+00
-4.5827e+00, 1.2984e+01
-6.1334e+00,-9.3500e+00
 1.5964e+01,-6.1315e+00
 1.3040e+01,-1.1115e+01
-3.3841e+00,-1.5204e+00
 6.3853e-01,-1.3230e+01
-1.8179e+00, 1.7325e+00
-1.3241e+01,-3.4007e+00
 1.1758e+01, 7.4416e+00
-1.1115e+01,-1.3374e+01
-6.7522e+00,-1.3567e+01
 7.3641e+00, 7.9174e+00
 6.9697e+00,-5.3709e+00
 9.4957e+00,-6.1616e+00
-5.4689e+00,-6.4540e+00
-9.0217e+00,-7.7957e+00
 1.0243e+01,-3.8578e+00
-1.4050e+01, 4.6285e+00
-1.4286e+01,-1.3512e+00
-1.2019e+01,-1.1081e+01
 2.5224e+00, 8.6620e+00
 9.6647e+00,-7.5346e-01
-1.2826e+01,-6.1557e-01
 1.4128e+01, 8.8107e+00
-1.0206e+01, 3.5118e+00
 1.0427e+01, 6.3130e+00
-1.1860e+00, 1.7012e+01
-6.6917e-01,-1.1819e+01
 1.2722e+01, 6.1506e+00
 8.3307e+00, 1.4718e+01
-1.2888e+01, 1.1576e+01
-1.1825e+00, 5.1219e+00
-9.5510e+00,-1.3480e+01
 4.7728e+00,-3.9144e+00
-7.7635e+00,-1.0624e+00
 1.0036e+01, 1.0353e+01
-1.0344e+01,-4.2843e+00
-1.7093e+01, 6.0222e-01
 9.2883e-01, 8.7662e-01
 8.2994e+00, 1.3025e+01
-8.2905e+00,-4.1277e+00
 1.4564e-01,-2.2164e+00
 2.3694e+00,-7.5979e+00
-1.3198e+01, 3.2016e+00
 1.1236e+01,-1.2477e+01
-1.5073e+01,-5.2183e+00
 6.4176e+00,-9.9849e+00
-1.0228e+01,-1.1012e+01
 3.7651e+00, 9.1331e-02
 8.7506e+00, 1.4486e+00
-1.7422e+01,-1.6284e+00
-1.1693e+01,-6.3780e+00
 1.0960e+01,-5.7131e+00
-4.9639e+00, 1.1056e+01
-1.5658e+01, 7.5105e+00
 6.7173e+00,-1.1566e+01
 3.4771e+00,-1.0560e+01
-1.4185e+00,-4.8987e+00
-4.1811e-01, 7.8264e+00
 1.3155e+01, 3.6735e+00
-4.9753e+00,-4.4303e+00
 4.7242e+00,-1.5087e+01
 1.3167e+01,-3.7803e+00
-6.2107e-01,-8.4005e+00
 8.4249e+00,-1.3320e+01
 6.4244e+00,-4.9691e-01
 4.3979e-01, 6.4711e+00
-3.3102e+00, 1.5396e+01
-1.5995e+01,-7.7586e-01
-6.2453e+00,-3.0911e-01
 4.9426e+00, 1.4681e+01
-1.1294e+01,-9.0713e+00
 2.9973e+00, 1.0402e+01
 3.7091e+00, 3.7393e+00
-1.1526e+01, 1.5325e+00
-1.2919e+00,-1.3273e+01
 1.1803e+01,-7.1946e+00
-1.2980e+01, 8.1706e+00
-3.3068e+00, 2.3140e+00
-3.4262e+00,-9.7941e+00
 7.8554e+00, 4.9038e+00
-5.0168e+00,-1.6312e+00
-1.0797e+01, 1.3596e+01
-5.5674e+00,-1.6253e+01
-8.4401e+00, 2.7476e+00
 6.6296e+00,-1.6157e+01
 9.0253e+00,-2.5809e+00
 1.3248e+01,-6.5057e+00
 1.2849e+01, 2.1233e+00
 1.2398e+01,-8.9820e+00
 6.3311e+00, 6.5417e+00
-1.9414e+00,-9.5444e+00
 1.5308e+01,-3.9992e+00
-2.5710e+00, 1.3967e+01
 1.2171e+01, 1.2481e+01
 2.3042e+00, 1.6870e+01
 1.3366e+00,-5.9252e+00
 1.0049e+01,-1.0886e+01
-1.4756e+01, 8.9825e+00
 1.4792e+01, 1.9183e+00
 6.9605e+00, 1.5741e+01
-8.8201e+00,-1.5075e+01
 5.3696e+00, 1.6548e+01
-9.8274e-01, 3.0759e+00
 9.5403e-01, 4.3146e+00
-1.8369e+00,-2.1439e+00
 2.7069e+00,-4.7999e+00
-2.1258e+00, 7.5024e+00
 4.3951e+00,-1.6777e+01
-5.1198e+00, 1.6546e+01
-8.4458e+00, 1.0825e+01
-1.4397e+01,-8.8181e+00
 5.0453e+00,-8.2038e+00
 6.2039e+00, 4.7331e+00
 7.7505e+00,-7.0271e+00
 2.8434e+00, 1.4413e+01
-2.7666e+00, 1.7198e+01
 8.5430e+00, 1.1416e+01
 1.4054e+01,-9.9829e+00
-1.1755e+01, 4.2601e+00
 9.9513e+00,-1.3928e+01
 1.1275e+01, 7.1164e-01
-1.1891e+01,-4.7161e+00
 5.9586e+00, 1.1740e+01
