0.2895185422
0.7915237302
0.481745443
0.5465114846
0.3322361631
0.6181242765
0.3288873494
0.2884488801
0.342287734
0.5087629479
0.3485390053
0.2871095588
0.2910172381
0.5857021279
0.9105369233
0.3901351973
0.2943136988
0.3490960946
0.3020995236
0.7967930976
0.6086007457
0.9388732307
0.7298084001
0.8777492441
0.3716368915
0.3079594404
0.8408292046
0.5404870889
0.6659116392
0.3222080171
0.292713537
0.6605409734
0.3620333109
0.4361237442
0.9798543891
0.5577163296
0.6477366955
0.4673256742
0.7858107534
0.6373618585
0.8846336744
0.2873366802
0.6609890322
0.6233359543
0.3788965605
0.3549283811
0.6486372552
0.6389426493
0.3536292121
0.6149504813
0.3867279666
0.6812707657
0.8518135822
0.7030531593
0.4681534423
0.3769374556
0.2942055604
0.4209562374
0.4440027543
0.3315089958
0.4992374583
0.79640444
0.2922794786
0.4876775862
0.3055284806
0.7353319813
0.4467902423
0.2925189236
0.6879059084
0.2983242864
0.4096296024
0.3702137511
0.4687749513
0.9761430304
0.3157535434
0.8266126735
0.361430051
0.9547907482
0.5089804655
0.4550387074
0.7270347094
0.6344244167
0.3294769945
0.2862213229
0.2863164647
0.3471556607
0.3481225931
0.4683605471
1
0.6907722524
0.3550733837
0.5373714762
0.6265064022
0.3337060377
0.2890967569
0.3151602065
0.8006648228
0.445792975
0.9295250715
0.3581482732
0.4542285304
0.3889376835
0.8599648884
0.8340511086
0.3698988208
0.9121862311
0.5651408728
0.3830311505
0.7372364213
0.4979456654
0.5624386456
0.9028015349
0.2923270278
0.3000123346
0.8199767485
0.4372973681
0.8791714456
0.5418240989
0.2919052086
0.9432028234
0.8333310805
0.5142138654
0.3239682204
0.6909925098
0.3244142552
0.817929967
0.6088275538
0.2860461689
0.5331527044
0.2857559018
0.5218883493
0.8349494024
0.3678635762
0.3130324784
0.3706870501
0.445792975
0.4847059913
0.3027752872
0.3442945725
0.2869608933
0.2861347093
0.5005310137
0.489380485
0.3034642593
0.301219114
0.416085772
0.6909925098
0.5142138654
0.3547835084
0.7595599701
0.2911893726
0.288121958
0.5265155288
0.2860461689
0.3828644028
0.5358158802
0.2859598845
0.3349466815
0.7648903692
0.2863598497
0.5974872422
0.3301893792
0.8589564648
0.5105043171
0.5802696098
0.9866025334
0.3774256662
0.8614718502
0.3764502931
0.2883275821
0.5579410009
0.8050835199
0.3163524463
0.2870025016
0.6876851925
0.2883275821
0.3170581822
0.6759432117
0.3896213234
0.4015045114
0.4157137171
0.2864048003
0.2865323205
0.3384959492
0.709584587
0.7195291089
0.333213783
0.2944771712
0.3163524463
0.2938851957
0.2863164647
0.3457857826
0.302173955
0.7796442906
0.2920909826
0.6135900232
0.6737185909
0.545617735
0.286170785
0.7634590571
0.4509994813
0.4224672791
0.5238694456
0.9588261319
0.3609789272
0.2878973259
0.2871983268
0.3081320582
0.5642398423
0.4070802435
0.6169908864
0.286035885
0.8723121215
0.5970337185
0.9064941249
0.2857707228
0.9676579406
0.6912127338
0.2958983376
0.285737593
0.7766389531
0.9238537079
0.321882258
0.3349466815
0.7466980165
0.3145724491
0.4607418079
0.7705871013
0.3114401264
0.8826176334
0.4634081927
0.6326157401
0.9522428847
0.4752307529
0.5427160046
0.4983760658
0.3031564211
0.2887318932
0.604064405
0.9620368074
0.7500370307
0.3145724491
0.347569254
0.3721134288
0.3092696104
0.4299150385
0.2897015917
0.3212348094
0.974941076
0.4475894332
0.7439752343
0.4110949567
0.4449965466
0.5570424411
0.9272807429
0.6387168627
