0.7267019106
0.3836948968
0.295615275
0.3245519837
0.8401230306
0.7875289289
0.3191471002
0.329380476
0.3635522563
0.2860812873
0.5258560787
0.3875703697
0.7572018031
0.2995880478
0.52232998
0.5013912178
0.3102945992
0.7085818028
0.4118208207
0.6045477729
0.9665057389
0.327163925
0.2918460078
0.3466161246
0.4266420658
0.8495878829
0.3027524522
0.3270487342
0.3008441161
0.2872755055
0.4988030145
0.551892623
0.3484091158
0.5501001422
0.3383823644
0.6020517453
0.3743496646
0.6534130078
0.3302104143
0.9212683976
0.6394397778
0.3788934544
0.5205705183
0.3100248274
0.4175681074
0.286064022
0.3112041195
0.8413630882
0.2860090843
0.3514949115
0.4402340377
0.4951485911
0.5696662186
0.2934381864
0.483641055
0.6009172364
0.7373379125
0.4528038142
0.6389880267
0.5469671009
0.2859030349
0.5044195111
0.4016749681
0.969764242
0.3580049086
0.6149847259
0.9143453335
0.3961948884
0.9842435283
0.7553404942
0.2862105037
0.6204273186
0.2906813233
0.9470264363
0.3937529661
0.7081468085
0.7096685977
0.9951377483
0.447179693
0.3059035071
0.2858589015
0.8247614428
0.5422771566
0.3745103603
0.4285583133
0.8747742104
0.2910557096
0.2861780708
0.5078915563
0.5465199318
0.2892194915
0.8392349071
0.3785658713
0.486821643
0.2934893198
0.6369544786
0.2881025271
0.287965099
0.4915089504
0.2876529255
0.3102945992
0.4291348825
0.2877286312
0.3156891127
0.2904394363
0.4099864162
0.6890808704
0.951086215
0.4011403046
0.7059694928
0.2972992562
0.2860812873
0.7666441878
0.4992338938
0.3587444043
0.2861780708
0.4370913185
0.4308692414
0.3261325242
0.9002997532
0.4599145357
0.73160914
0.8410091814
0.6263193688
0.8610008696
0.3753156079
0.3990108866
0.2859815268
0.2862216631
0.5467435033
0.4748048626
0.818277215
0.6432773485
0.6192936986
0.6052285206
0.7986839701
0.4404311439
0.2864962383
0.4642221409
0.9000091829
0.7924478866
0.2931349441
0.2867569517
0.3355893409
0.3336011925
0.9679828412
0.8258638778
0.3153925503
0.382693648
0.4224573589
0.2867393528
0.8379882312
0.9853962869
0.3516367013
0.6954661067
0.3464791459
0.3027524522
0.3934058196
0.5857242284
0.3348395057
0.2869620107
0.9131204149
0.6464343801
0.3737080642
0.3196705657
0.3318916508
0.3035930935
0.8271466323
0.678230805
0.2881305316
0.5676355418
0.8098090989
0.2865729277
0.7547190703
0.3507879458
0.5161827673
0.9465903354
0.355805682
0.5089789407
0.5271807617
0.2912265501
0.4162624192
0.7625535826
0.6978805311
0.3003492972
0.2866210291
0.9259057255
0.3517786232
0.8338650664
0.4339695721
0.3025266116
0.316086696
0.500311949
0.363247993
0.2859949568
0.6766749608
0.7511884465
0.2860164095
0.3997190446
0.2897141911
0.7926437946
0.2883903516
0.4025681125
0.3568283815
0.4912953256
0.3951458092
0.8938211769
0.3277420888
0.9422514778
0.6446307456
0.7463871987
0.2944386482
0.7309704629
0.6333367445
0.4499844171
0.4087081103
0.5287278302
0.6202006067
0.3350888814
0.5422771566
0.3135467863
0.5362655881
0.4554347023
0.4998805805
0.656558713
0.9239890845
0.562452264
0.3935793395
0.2863691612
0.9057491317
0.7495216129
0.9528534936
0.316587152
0.8896054044
0.625413239
0.4704270298
0.3118501709
0.6996337695
0.3268187953
0.3062328512
1
0.7889103351
0.3743496646
0.287188088
0.4601189727
0.6450817515
0.9865086252
0.2940629576
0.5474143738
0.2949338254
0.2937475267
0.3162864152
0.5445089762
0.5070224536
0.3218024001
0.3099352203
