0.3557784023
0.2974607342
0.5143845765
0.710990816
0.3120468552
0.5585884008
0.7609583788
0.4724569518
0.2874158267
0.2874842752
0.499184418
0.4287008646
0.333343333
0.3436142376
0.3307978637
0.6943782587
0.5253689163
0.4884726323
0.5507312464
0.6011171194
0.7356768519
0.6190460543
0.9941927646
0.757453671
0.5514036149
0.3700215479
0.7118590223
0.4101227899
0.6292461424
0.3189409052
0.9538895515
0.5608381418
0.3470058736
0.7636274637
0.8070317874
0.4431481277
0.3808300267
0.3171969375
0.4075701281
0.5167926682
0.982537624
0.8543449614
0.5404506307
0.5471490386
0.3437482661
0.5146032878
0.6567771041
0.5098014215
0.3045546899
0.3297265127
0.5784455378
0.5181082452
0.9101184265
0.2945909506
0.2893843239
0.3043180285
0.6713305734
0.8587636713
0.5545441402
0.4239251438
0.4356726655
0.2920802203
0.2865915355
0.4714155148
0.433919456
0.3951027117
0.3338353868
0.975374298
0.7196431739
0.6862166015
0.6213140154
0.2875779684
0.8047350167
0.4445377581
0.7842230602
0.3329758003
0.8873059662
0.3223432112
0.7605469005
0.4335307728
0.4619105519
0.7350405376
0.2877736778
0.9255770976
0.3372164691
0.5764093694
0.3573874537
0.4084795872
0.9164055316
0.2880071068
0.7748110751
0.49509871
0.3861752768
0.3166924583
0.5048040269
0.2864124464
0.3970283993
0.3368356827
0.8710281767
0.4491303745
0.290146484
0.3697071042
0.6213140154
0.6033869275
0.7991434716
0.2891139415
0.3167930459
0.365971772
0.9827330959
0.7299345605
0.5161354244
0.5161354244
0.4260196775
0.3088874875
0.5764093694
0.4433464111
0.296479386
0.6473257194
0.3756019055
0.29508781
0.3133646929
0.5152596708
0.3018114782
0.9351036024
0.3177052653
0.4364540277
0.3958014857
0.2864511624
0.4079336163
0.3140351197
0.3809953097
0.8224521157
0.9030547365
0.3851642697
0.3006603499
0.3375985259
0.8157419747
0.2871782134
0.3086257317
0.2871782134
0.8674307938
0.6140547047
0.2887601828
0.669991432
0.7350405376
0.8577489586
0.3053540947
0.9390031085
0.2921724963
0.3495001826
0.3770602892
0.2869429677
0.4701678877
0.3165920251
0.8991421442
0.2986815465
0.5417883094
0.3028531568
0.4288930317
0.4312057606
0.288282919
0.7243728687
0.6425884478
0.8183627468
0.2895589104
0.2859602688
0.2870970181
0.7267296518
0.5231643647
0.8839084606
0.4886855744
0.3168937876
0.3258997547
0.3378539353
0.8856126676
0.9452544816
0.4867710727
0.3483862319
0.9193398498
0.3094152997
0.4208978945
0.3053540947
0.2986815465
0.5791244751
0.5705331075
1
0.5705331075
0.2869061933
0.294428367
0.5716624124
0.6848889245
0.6908544372
0.6011171194
0.9779116472
0.3717596114
0.8575795478
0.314228075
0.2891471362
0.2861591754
0.2988797932
0.5467017206
0.2860298919
0.851770288
0.2872198532
0.4989689313
0.2859838262
0.3883794975
0.7537253796
0.376248905
0.6706611187
0.6122391928
0.3032329482
0.4912451025
0.4751720207
0.2862036608
0.8362995045
0.8837529934
0.6552042167
0.6574508922
0.5940823514
0.4180810186
0.4030601067
0.2866216993
0.3945797433
0.3543292319
0.286477844
0.2868701143
0.9730299536
0.2999622977
0.4368452036
0.4487294134
0.7934949753
0.2948100911
0.2874384693
0.3788555819
0.3516118292
0.6915158095
0.7179180711
0.5209635477
0.2859539867
0.2868000431
0.7901578525
0.2883114517
0.2859981348
0.3836553128
0.6276605454
0.2882263724
0.4177070031
0.8690711393
0.2863168689
0.309681353
0.8463911046
0.3226701205
0.3369624702
0.2865191724
0.3028531568
