0.5266198208
0.4458565881
0.7163905745
0.2868631772
0.3957372958
0.2872175845
0.3189262761
0.4084117049
0.5549238119
0.2912764425
0.7601418236
0.9751860235
0.4161449126
0.2865993157
0.2861378234
0.3702824952
0.318822588
0.3570469162
0.2998399471
0.85984741
0.8805563205
0.3642325191
0.3196563718
0.8123897307
0.2955092647
0.921832616
0.2928223364
0.3044818973
0.5119064654
0.5206694395
0.4561197125
0.721997564
0.5077677001
0.4950226048
0.3460080607
0.3844323384
0.8441724266
0.9658570089
0.3651510982
0.9560827217
0.4976010585
0.570015103
0.9629419089
0.6906064745
0.2884496967
0.516718039
0.5849496002
0.5860829473
0.2865579757
0.3809365501
0.8980739297
0.4038904395
0.910372999
0.645025541
0.3057638881
0.2953956198
0.3564613832
0.4046096456
0.4303609642
0.766705438
0.3829280235
0.7487275309
0.363774909
0.5777019984
0.2928223364
0.2929681929
0.8591727528
0.7788501913
0.9801795168
0.3491790905
0.2922079848
0.2947826152
0.2912764425
0.5546992537
0.6493100487
0.759729668
0.4984621553
0.3896830619
0.635082468
0.2866277466
0.7970358726
0.397843052
0.3043245659
0.904739446
0.5826835887
0.5835898797
0.6594311396
0.7260763081
0.6405093314
0.3048780656
0.5261781321
0.6282893119
0.2861261299
0.2868295237
0.7181188825
0.4616295939
0.5847229572
0.2896046325
0.6355349879
0.3262183292
0.9169306438
0.3199715581
0.426138841
0.3038564715
0.6493100487
0.3261045471
0.7719946381
0.568208887
0.3747397241
0.7503979299
0.7595235063
0.6888403454
0.2860781323
0.4096887403
0.8651961472
0.6770893812
0.3438444172
0.6221682612
0.4026357182
0.3016767977
0.8872470129
0.2873425388
0.2863027357
0.8237915511
0.2890637194
0.3586677492
0.6065074048
0.3684011295
0.3069195486
0.3065861389
0.2933144706
0.2878041907
0.4630663542
0.5974259947
0.9269804258
0.642542369
0.7958666793
0.8648643924
0.6242092516
0.2883069932
0.4436688386
0.3107559976
0.3439786202
0.5337057125
0.3401426981
0.3223246759
0.4612197084
0.6652595523
0.4856330323
0.4430738221
0.8645322972
0.3008151804
0.2863533367
0.3542841014
0.3441129603
1
0.2959705709
0.2869503558
0.3127893981
0.3199715581
0.6939122454
0.4561197125
0.4309399537
0.8714343848
0.3392342765
0.2920702992
0.4167037144
0.2860999498
0.3624088269
0.3524208835
0.475723682
0.4181979616
0.3263322596
0.2863027357
0.2996351814
0.7135763636
0.307424484
0.2872792799
0.2861633042
0.9854584381
0.7603478172
0.5715963601
0.9698537675
0.3166805801
0.332459091
0.5079851314
0.2879562147
0.3255378627
0.9008511296
0.8187783579
0.2916224357
0.700500467
0.4725891044
0.8059185859
0.3871290969
0.3200769248
0.2860475868
0.286419811
0.6110483103
0.6126374575
0.2861318894
0.321891388
0.7937169266
0.3201824437
0.3932998241
0.3359204152
0.4811894309
0.286256494
0.7318442285
0.4165173535
0.5250745417
0.3246389028
0.4632718786
0.9375065103
0.9034509691
0.6101401756
0.4634774709
0.2879562147
0.4496573774
0.5112519266
0.3677779024
0.8163455212
0.3421122837
0.9302411875
0.7866258289
0.3148987367
0.4784514933
0.8569708843
0.5763443565
0.635308734
0.5010501852
0.7472631716
0.3535648563
0.6003771307
0.7053110799
0.5774756939
0.673525865
0.3643853049
0.8393928668
0.2979230704
0.6033286529
0.7842435444
0.5664037181
0.3135476784
0.2903042028
0.5171564458
0.2860339719
0.5531279825
0.6301017385
0.3630147224
0.3187190528
0.5426092669
0.5184726313
0.2878794227
0.4399124542
0.334547229
