-1.1553e+01, 6.2511e+00
-7.7063e+00, 1.5405e+01
-1.1000e+01,-9.5372e+00
 7.6987e+00,-3.0672e+00
 4.4844e+00, 1.4423e+01
-3.9881e+00,-2.9177e+00
-1.9920e+00, 1.5559e+01
 7.4427e+00,-2.3025e-01
-7.4498e+00,-1.3754e+01
 8.2295e+00,-7.2544e+00
 1.5321e+01, 7.7885e+00
 8.8160e-01, 1.2013e+01
-1.5672e+01, 3.2327e+00
 1.0185e+01,-1.1539e+01
-9.3294e+00, 6.3480e-01
-5.8636e+00, 1.0733e+01
-4.5444e+00,-8.2542e+00
 1.1582e+01,-9.4136e+00
-1.5094e+01, 1.0945e+00
-4.3048e+00,-6.1325e+00
 5.9273e+00, 9.5249e+00
 2.5682e+00, 8.6747e+00
-1.4100e+01, 1.0287e+01
 1.3140e+00,-7.9327e-01
 9.8596e+00,-1.4129e+01
 7.6204e+00, 1.0562e+01
-1.0030e+01,-5.9498e+00
-5.4849e-01,-1.3521e+01
-1.7496e+00,-4.9834e+00
-1.2350e+00,-2.2874e+00
-1.3933e+01, 5.9276e+00
 1.4748e+01, 4.3106e+00
-1.9971e+00,-5.0448e-01
-1.6668e+01,-4.4718e+00
-1.1995e+01,-6.9934e+00
-8.1785e+00,-1.0750e+01
 2.8298e+00,-5.0642e+00
 5.3724e+00,-5.8088e+00
-1.2685e+01,-1.1171e+01
-1.1755e+01, 9.3989e+00
 1.1512e+01, 1.5551e-01
-5.3686e+00,-8.1506e-01
-6.0200e+00, 7.3182e+00
 7.2208e+00, 1.4297e+01
 2.7313e+00,-1.5394e+01
 3.7686e+00,-1.1698e+01
-8.5958e+00, 9.8947e+00
-1.3290e+00,-6.6711e+00
 1.1214e+01, 3.0142e+00
 6.6137e+00,-4.2114e+00
 1.5672e+01,-4.4642e+00
 9.5175e+00, 1.1090e+01
-1.3369e+01, 2.8702e-01
 1.3058e+01, 8.7068e+00
-3.2961e+00, 7.5928e+00
 1.5820e+00,-1.1650e+01
 3.0690e+00,-8.7894e+00
 1.3721e+01,-1.3530e+00
-1.0446e+01,-1.1423e+01
-4.8451e+00, 1.2747e+01
-9.1839e-04,-1.5435e+01
-3.1008e+00, 6.2639e-01
-7.1963e+00, 1.1639e+01
 5.1500e+00, 6.3802e-01
-1.1937e+01, 2.3724e+00
 7.3870e+00, 7.6926e+00
-6.0603e+00,-6.1464e+00
 9.1209e+00,-4.3273e+00
 7.5470e-01, 1.4176e+01
 5.7916e+00, 4.6557e+00
 9.6382e+00, 8.8925e+00
 1.8868e+00, 1.0342e+00
-3.4121e+00, 1.7105e+01
 5.9783e-01, 2.7327e+00
 5.3649e+00, 7.3608e+00
-1.1872e+01,-3.8468e+00
 1.0240e+01, 1.8229e+00
 1.2561e+01,-3.1836e+00
-3.9198e+00,-1.0211e+01
-3.4984e+00, 2.9819e+00
 1.3033e+00,-5.6530e+00
 2.9144e+00, 1.6711e+01
 1.3590e+01, 1.9200e+00
-3.9009e-01,-1.1200e+01
-1.5452e+01,-1.7264e+00
-3.8476e-01, 8.4009e+00
 3.1161e+00, 1.1458e+01
 8.2032e+00, 6.1208e+00
-9.3258e+00,-8.7699e+00
-7.6407e+00,-2.0825e+00
-9.1623e+00, 8.4294e+00
-1.0756e+01, 3.6273e+00
-1.3532e+01, 2.4716e+00
 1.6754e+01, 3.6196e+00
 1.7172e+01,-1.5364e+00
 6.1814e+00, 1.1487e+01
-4.7677e+00,-1.5754e+01
-1.0430e+01, 1.0700e+01
-1.3993e+00, 1.4548e+00
-3.0710e+00, 1.0848e+01
 5.3407e+00,-1.4365e+01
-2.4008e+00, 5.1498e+00
-1.2468e+00, 1.0543e+01
 1.2943e+00,-1.7413e+01
 3.0718e+00, 3.5176e+00
 5.4926e+00,-1.6454e+01
-6.9265e+00,-4.1673e+00
-4.2115e+00,-1.3095e+01
-1.1053e+01, 1.2130e+01
 9.0416e-01, 6.2724e+00
-1.3345e+01,-1.2653e+00
-1.4627e+01,-3.1296e+00
-7.6463e+00, 8.7119e+00
-2.2935e+00,-1.2091e+01
-1.3776e+01,-7.0369e+00
-7.5946e+00, 3.2802e+00
 1.5695e+01,-2.9154e+00
 1.8365e+00,-3.4006e+00
-1.3113e+01, 8.6976e+00
 4.9591e+00, 1.2645e+01
-6.0336e+00,-1.2143e+01
-9.6773e+00,-1.2580e+00
 6.1322e+00,-1.1397e+01
 4.7392e+00,-7.9861e+00
 2.6222e+00, 5.6206e+00
 1.5841e+01, 2.4187e+00
-1.3597e+01,-9.6971e+00
 4.7957e+00,-2.8965e+00
 3.6901e+00,-9.1038e-01
-5.8315e+00,-9.6785e+00
 1.0424e+01, 1.3869e+01
-8.6456e+00, 1.2756e+01
 1.3709e+01,-4.6206e+00
 1.3497e+01, 5.2894e+00
-6.4101e-01, 6.6058e+00
-9.3251e+00, 3.0997e+00
-5.1415e+00, 2.6237e+00
 1.2601e+01, 6.9085e+00
 9.5755e+00, 5.1160e+00
 4.2444e+00, 5.2751e+00
 6.9715e+00,-9.5945e+00
-1.5406e+01,-6.3523e+00
-1.6832e+01, 4.6521e+00
 1.7312e+01, 6.4996e-01
-7.8867e+00,-6.3636e+00
-1.4276e+00, 1.7035e+01
 1.2089e+00, 1.7150e+01
 9.4268e+00,-9.3601e+00
 3.3827e+00, 1.3152e+01
 7.8843e+00, 1.5878e+00
-9.0225e+00, 1.4503e+01
-1.6801e+01,-5.2459e-01
-9.8997e+00, 6.4346e+00
-3.0482e+00, 9.1034e+00
-1.3255e+01,-4.9425e+00
 1.5506e+01,-1.5968e-01
-2.2729e+00,-1.4806e+01
-1.0696e+01,-2.9019e+00
-6.1195e+00, 1.4852e+01
 8.1770e+00,-1.3990e+01
 1.1147e+01,-6.1010e+00
-4.3666e+00, 5.0647e+00
 1.6693e+00,-1.3724e+01
 7.3430e+00, 3.6041e+00
-4.6663e+00, 8.8514e+00
-6.9751e+00,-1.5914e+01
 1.4738e+01, 6.2655e+00
-2.0847e-01,-3.7357e+00
 4.7891e+00,-1.0365e+01
-2.5057e+00,-8.2052e+00
 4.5779e+00, 1.0643e+01
-7.6280e+00, 1.4295e+00
-1.1704e+01,-1.2691e+01
-7.4912e+00,-9.2511e+00
-2.3909e+00,-3.5215e+00
 1.1473e+01, 8.5371e+00
 1.3455e+01, 1.1125e+01
 1.2233e+01, 1.2122e+01
 5.7745e-02,-9.4751e+00
 1.0352e+01,-1.5332e+00
 3.5965e+00, 9.6971e-01
-5.7943e+00,-1.4133e+01
 2.4436e+00, 1.4373e+01
 1.2723e+01,-6.8729e+00
 1.5510e+01,-8.0249e+00
-8.2567e+00, 4.8379e+00
-1.7393e+01, 1.1104e+00
 8.1421e+00,-5.5662e+00
 1.3435e+00, 4.8223e+00
 1.3964e+01,-1.0428e+01
-3.7905e-01,-7.1872e-01
 7.4020e+00, 1.5829e+01
 2.3781e+00,-1.9172e+00
 1.1924e+01,-1.4188e+00
 6.0622e+00, 2.1063e+00
 1.0306e+01,-7.9784e+00
 7.3918e+00,-1.5351e+01
-4.5805e+00, 1.5114e+01
-1.4790e+01,-4.7263e+00
 1.4063e+00, 1.0094e+01
 1.5832e-01, 9.4522e-01
 9.5673e+00, 7.2166e+00
 2.6193e+00,-7.1277e+00
 1.3557e+01, 1.7120e-01
-9.6176e+00,-1.2891e+01
-7.2154e-01,-1.6863e+01
-2.1215e-01, 4.4556e+00
 8.8388e+00, 1.4523e+01
-3.4311e+00, 1.4035e+01
 1.2114e+01, 4.4060e+00
-4.6477e+00, 6.6246e+00
 8.1709e+00,-1.1344e+01
-5.1127e+00,-3.9615e+00
 6.5448e+00,-6.8502e+00
-6.6519e+00,-7.6536e+00
 1.1113e+01, 1.0189e+01
-8.9076e+00,-1.4459e+01
-1.0666e+01, 1.3807e+01
-3.3746e+00,-1.6498e+01
 1.1740e+01,-1.1888e+01
-1.0190e+01,-7.5044e+00
 5.8197e+00,-1.2867e+01
-7.0796e+00, 1.3190e+01
-1.5468e+01, 5.9581e+00
-1.4591e+01, 7.7687e+00
 1.4385e+01,-6.0362e+00
 5.8162e+00,-1.5621e+00
 1.5895e+01,-6.0807e+00
-1.0009e+00, 1.2892e+01
 8.8941e+00,-1.9320e+00
 5.3675e+00, 1.5881e+01
-8.2795e+00, 6.6901e+00
-1.1803e+01, 1.4159e-01
 1.3588e+01,-8.8010e+00
-1.5055e+01,-7.8673e+00
 9.0124e-01,-7.7974e+00
 3.6801e+00, 6.9095e+00
-8.6300e+00,-4.2971e+00
-1.2173e+01, 1.0990e+01
 9.6269e+00,-5.9054e+00
-1.2878e+01, 3.8760e+00
-1.1793e+01,-1.5539e+00
-7.3636e+00,-1.0158e-01
 3.6852e+00,-1.3665e+01
-6.6094e+00, 5.6231e+00
-1.4704e+01, 4.6005e+00
 1.0750e+00, 8.0463e+00
-5.3331e+00, 8.3783e-01
-5.7578e+00, 4.1976e+00
-1.0728e+01, 8.1659e+00
 1.1181e+01, 6.3100e+00
 1.0958e+01,-3.2261e+00
 9.4336e+00, 3.1696e-01
-2.3857e-01, 1.5314e+01
 4.7961e+00, 3.2394e+00
 6.8916e-01,-2.2589e+00
