 4.7524e+00, 4.0293e+00
-5.3612e+00,-1.6063e+01
 5.0813e+00, 2.2023e+00
-5.2902e+00,-1.2130e+01
-2.2998e-01,-1.5342e+01
-1.0217e+01,-5.2080e+00
 4.0616e+00, 1.3257e+01
-5.8950e+00, 7.5436e+00
-6.9812e+00,-1.2839e+01
-1.0244e+01,-9.7825e+00
 3.9930e+00, 1.5757e+01
 1.5811e+01, 7.2029e+00
-5.4969e+00, 1.4314e+01
-8.1742e+00,-9.5728e+00
 4.2979e+00,-5.1297e+00
-9.7623e+00, 4.8489e+00
 7.1167e+00, 1.4613e+01
 4.7464e+00, 7.5375e+00
-1.3436e+00,-7.2863e+00
 3.6460e-01, 2.8195e+00
-2.9893e+00,-1.6391e+01
-1.8965e-01,-2.4733e+00
 1.1420e+01,-1.1414e+01
-1.5358e+01, 4.0579e+00
-1.4195e+01,-7.1985e+00
 9.4267e+00,-9.8254e+00
-6.2729e+00,-9.3252e+00
 8.8234e-01,-1.0562e+01
-2.7230e+00, 1.4499e+01
-1.5431e+01,-3.6838e+00
 2.1382e+00,-7.5624e+00
-1.6391e+01, 2.3485e+00
 1.6674e+01,-1.5771e+00
-1.1945e+01,-7.0145e+00
 2.7559e+00, 1.4025e+01
-3.4920e+00, 5.6602e+00
 9.7595e-01,-1.2193e+01
 2.1471e+00, 1.8242e+00
-7.0599e-01,-5.0355e-01
 6.8049e+00,-1.0298e+01
 3.7749e+00,-1.0110e+01
-4.2849e+00, 1.3404e+01
 3.8688e+00,-6.9072e+00
-3.2161e+00,-1.3037e+01
-4.9709e+00,-1.4547e+00
 1.5390e+01, 4.0263e+00
 1.4365e+01, 9.7737e+00
 1.1862e+01,-2.4805e+00
-5.5534e+00, 9.2574e+00
 1.3613e+01,-5.9456e+00
-6.7497e+00,-7.0986e+00
 8.7046e+00,-9.5978e-01
 6.3756e+00,-1.5733e+01
 8.2274e+00,-7.6935e+00
-1.3830e+01, 9.9272e-01
-1.0300e+01, 1.7194e+00
-1.1418e+01,-1.8169e-01
-2.3774e+00, 1.2797e+01
-3.1633e+00,-6.6733e-01
-1.1932e+00, 1.6299e+00
 4.9221e-01, 1.2586e+01
-3.3372e+00, 1.5985e+01
-6.2191e+00,-1.4514e+01
 8.8884e+00, 7.6543e+00
-2.4797e+00, 9.1596e+00
-5.3896e+00,-3.7083e+00
 9.3572e+00, 1.1692e+01
 1.2417e+00, 8.9775e+00
 3.6570e-01,-1.3596e+01
-9.2448e+00,-1.1777e+01
-4.2424e+00,-6.7456e+00
 1.0533e+01, 5.2377e+00
 4.7701e+00,-1.3477e+01
-1.5731e+01,-6.2539e+00
-4.1551e+00,-9.3542e+00
-1.0005e+01,-6.7733e+00
-1.3369e+01, 4.4509e+00
 4.2232e+00,-3.4369e-01
-1.8077e+00,-1.5447e+00
 1.0844e+01, 1.2428e+01
 7.4759e+00,-3.3882e+00
-9.4201e-01,-1.2368e+01
-1.1712e+01, 2.2556e+00
 4.0553e-02, 1.6570e+01
 6.6684e+00, 5.2314e+00
 1.7054e+01, 3.8014e+00
 1.5444e+01, 1.4499e+00
 9.8351e+00,-6.1776e+00
 1.7497e+01,-1.4525e-01
-1.6410e+01,-1.2375e+00
-9.3107e+00,-1.6766e-01
-5.0428e-01,-5.3872e+00
-3.1473e+00,-1.1014e+01
-1.1212e+01,-2.1144e+00
-1.1944e+01,-1.1930e+01
 1.0329e+01,-2.7089e+00
 2.1306e+00, 3.3802e+00
 5.6172e+00, 1.3915e+01
 1.4726e+00, 5.0791e+00
 8.1229e+00,-1.2894e+01
-1.2534e+01, 7.7764e+00
-4.9290e+00, 2.5883e+00
-3.9144e+00, 1.0257e+01
 9.6482e+00, 2.9312e+00
-6.6909e+00, 1.7127e+00
 1.6133e+01, 5.4013e+00
-3.5369e+00,-1.4524e+01
-1.3793e+01,-9.9560e+00
-1.1779e+01,-9.9856e+00
-7.4773e+00, 1.3696e+01
 1.4136e+01, 2.3423e-01
 9.5356e+00, 6.3108e-01
-1.3210e+01, 1.1408e+01
 5.7349e+00,-3.3189e+00
 2.5119e+00, 7.3403e+00
-2.7821e-01, 1.4185e+01
-6.8995e+00,-4.8275e+00
-5.5876e+00,-6.0405e+00
 1.2804e+01, 1.1515e+01
 6.9889e+00, 2.1126e+00
-3.8653e+00,-4.7532e+00
 9.0168e+00,-3.9336e+00
-1.1495e+01, 9.4591e+00
 4.1549e+00, 5.7921e+00
 3.1076e+00, 8.7504e+00
 4.1557e+00,-1.5965e+01
-1.3871e+00,-3.8013e+00
-1.2797e+01,-4.3161e+00
 1.1973e+01, 7.8910e+00
-4.8313e+00, 2.4187e-01
-6.5682e+00,-1.1180e+00
-1.3781e+01, 5.9168e+00
-3.1239e+00,-2.9114e+00
 1.7389e+00, 5.1663e-02
 1.1708e+01, 1.6705e-01
 6.1856e+00, 1.0636e+01
 9.0507e+00, 4.6428e+00
-1.4452e+01, 8.1874e+00
 1.0444e+01, 1.0094e+01
 7.1183e+00, 7.7928e+00
 1.2141e+01, 3.0040e+00
 1.1803e+01,-8.1738e+00
 8.2150e+00,-5.2755e+00
-7.8800e+00, 7.0371e-01
-1.0504e+01, 6.4516e+00
 4.5688e+00,-1.8144e+00
-5.1369e-01, 1.1467e+01
 1.1872e+01,-6.3494e+00
 1.3638e+01,-3.5154e+00
-8.2797e+00, 3.0982e+00
-8.8922e+00,-1.9772e+00
 1.3683e+01,-1.0123e+01
 1.6505e+00,-1.5116e+01
 3.2630e+00,-3.7371e+00
 1.1554e+01, 6.4206e+00
-3.9627e+00, 3.7956e+00
-8.7645e-01, 4.5445e+00
 8.2597e+00, 1.0073e+01
 1.4579e+01,-8.9033e+00
 4.7944e+00, 9.8089e+00
-2.4883e+00, 4.2691e+00
-1.0228e+01, 1.3460e+01
 1.0024e+01,-1.3396e+01
 2.3248e+00, 1.2404e+01
 1.5581e+01,-4.6901e+00
-1.4290e+01,-5.0075e+00
 4.9661e+00,-9.1641e+00
 1.4378e+01, 5.9982e+00
 1.2077e+01, 9.6525e+00
 6.9125e+00, 1.2912e+01
-6.2758e+00, 1.1969e+01
-7.5105e+00, 1.5203e+01
-9.6287e+00, 1.0978e+01
 9.9296e-01,-6.2824e+00
 6.0687e+00, 6.6196e+00
-1.1703e+01, 4.4071e+00
 5.8971e+00,-7.4631e+00
 7.1527e+00,-8.7815e+00
 1.8252e+00, 1.5831e+01
 1.6118e+01,-3.0319e+00
 2.7550e+00,-1.6396e+00
-6.1326e+00, 4.4996e+00
 2.2517e+00, 1.0161e+01
-8.8166e+00, 9.1112e+00
-1.2982e+01,-3.8940e-01
-9.7565e+00,-3.3073e+00
-1.5810e+01, 7.0441e+00
 5.7205e+00,-5.5662e-01
-7.4902e+00, 7.6491e+00
 4.2364e+00, 1.1435e+01
-2.0250e+00,-1.4871e+01
 8.4861e-01,-1.7353e+01
-8.9440e-01,-1.7137e+01
-6.5137e-01, 7.3631e+00
 1.2858e-01,-8.9370e+00
-9.1783e+00,-1.4760e+01
 6.6194e+00,-1.2194e+01
-7.3568e+00, 1.0072e+01
 1.5139e+01,-9.0702e-01
-4.4081e+00, 7.7793e+00
-8.4020e+00, 1.2344e+01
 7.5002e+00,-1.4367e+01
-1.5062e+00,-9.4642e+00
 1.2143e+01,-4.6587e+00
 1.5804e+00,-3.2264e+00
 1.4213e+01, 2.7556e+00
 9.6385e+00, 1.3830e+01
 4.7432e+00,-1.1530e+01
-6.0902e+00, 1.6329e+01
-3.0882e+00, 1.0425e+00
 1.3600e+01,-1.8012e+00
 2.7168e+00,-1.3543e+01
-1.3320e+01,-2.3065e+00
-1.4469e+01, 2.6461e+00
-8.6176e+00,-5.7215e+00
-1.0137e+01, 8.0796e+00
-1.0715e+01,-1.3509e+01
 1.3639e+01, 7.6826e+00
-9.2904e+00,-8.1721e+00
-6.6912e-01,-1.0839e+01
-1.7247e+01, 9.2120e-01
-7.3075e+00,-2.8974e+00
-7.4666e+00,-1.5575e+01
-1.0976e+01, 1.2134e+01
 7.7114e+00, 3.5655e-01
 1.2139e+01, 4.5175e+00
 1.3390e+01,-7.9299e+00
-5.4090e-01, 9.0722e+00
 2.6961e+00,-1.1433e+01
 1.9898e+00, 1.7350e+01
 7.4034e+00, 3.8113e+00
-6.9082e+00,-1.0846e+01
 9.5891e+00,-1.1536e+01
-6.5552e+00, 6.0007e+00
 2.0801e+00,-4.9802e+00
 1.5174e+01,-7.3105e+00
-2.2588e+00, 1.0835e+01
-2.8472e+00,-7.5638e+00
 7.8224e+00, 1.1654e+01
 1.2926e+01, 1.2636e+00
-1.0879e+01,-8.2662e+00
 6.5867e+00,-1.7959e+00
-1.8711e+00, 1.7157e+01
 1.7362e+01, 1.3641e+00
-2.3340e+00, 7.5950e+00
 3.6864e-01, 7.2004e-01
 6.3616e+00,-5.9556e+00
-1.6951e+01, 4.2853e+00
-1.3201e+01,-8.4508e+00
 2.0611e+00,-9.5132e+00
 7.4753e-01,-1.2935e+00
-7.7569e+00, 4.7060e+00
-2.8679e+00,-5.8771e+00
 5.7798e+00, 1.6071e+01
-1.4823e+01,-2.0806e+00
-1.3971e+01, 9.6948e+00
