0.4068867522
0.5210896584
0.3395650106
0.9516009257
0.6298599581
0.8441603475
0.2871129129
0.4857841185
0.3113513301
0.2885486321
0.3785982147
0.4921825934
0.2934577277
0.2877407524
0.9275095996
0.5241772232
0.9594738411
0.3032435637
0.7110063318
0.4343466873
0.3927232568
0.7103518678
0.2960208185
0.7945222122
0.3134770184
0.4392385244
0.3325613257
0.854656305
0.3528740073
0.3962012119
0.4737705192
0.3130078058
0.9407936387
0.29138383
0.5415063398
0.3067738549
0.6384844047
0.3739099052
0.4283543052
0.3848896632
0.8752378373
0.2911463469
0.393935656
0.3187935533
0.756653302
0.4370797213
0.4507814657
0.2875974305
0.7996135155
0.2880823471
0.8239958445
0.5880026149
0.6091617046
0.4002533446
0.2995119679
0.5388274334
0.9105488649
0.2919195975
0.9127880492
0.3005209185
0.3299336091
0.7051035652
0.367919081
0.8063950572
0.2916687143
0.2868855008
0.3901431699
0.2929384689
0.8951023527
0.4683575379
0.315490579
0.4034629709
0.3196196053
0.4752352335
0.2915048925
0.3956767895
0.3825525019
0.6468642389
0.2870282533
0.6664737105
0.738572345
0.4396321009
0.3983084354
0.2963626053
0.5941417106
0.4404202316
0.2938979237
0.480913139
0.6781127309
0.2896259613
0.5957340727
0.3047718449
0.2893181799
0.3713661181
0.6198573131
0.4601176651
1
0.8065875787
0.5861846929
0.5286007637
0.4683575379
0.2988601374
0.3038470245
0.4984136762
0.3776200905
0.2926639478
0.9818547706
0.740906073
0.6646771372
0.6373505547
0.7192646738
0.2873883431
0.5848216291
0.7984426083
0.7891879156
0.6341741738
0.3033184227
0.8778196159
0.3331683572
0.2915048925
0.3015671815
0.6936594277
0.3685414121
0.7610086994
0.7994185325
0.4489731512
0.6436958333
0.3261254699
0.6348550175
0.8518859256
0.4463720882
0.3894593052
0.3145231224
0.4904714943
0.2998441296
0.4723088989
0.5493433088
0.3434993339
0.3366343141
0.8330139439
0.7368713723
0.7583153721
0.6874589395
0.2867649455
0.3126352733
0.3633148045
0.3299336091
0.6731970672
0.9413799872
0.2988601374
0.5666891632
0.9319433024
0.5612691842
0.346463677
0.8127113391
0.2985404794
0.2867757945
0.9931402177
0.9474371983
0.3515975083
0.5437420001
0.3904857615
0.6619795424
0.3318376769
0.4954001071
0.3649900127
0.6216769611
0.4479712011
0.9652560432
0.2891707855
0.5980092855
0.4179323433
0.2926187928
0.3995446435
0.3648370947
0.717314137
0.6314498301
0.3892886142
0.5432946381
0.7574847758
0.3680744793
0.4243426939
0.5484459778
0.8226928686
0.8079332835
0.2960208185
0.6898978704
0.2878952311
0.3355079882
0.8863659826
0.6005124711
0.3537309665
0.4173718628
0.3713661181
0.5197687493
0.3092227569
0.445773702
0.2957963364
0.2919195975
0.2872475798
0.2926187928
0.2883301939
0.457463614
0.5408362096
0.7311079887
0.2878359946
0.9798213123
0.5628488732
0.3417790587
0.3911722591
0.5707609269
0.2867490218
0.8404186307
0.8608124405
0.8551734136
0.2877222269
0.4928251431
0.7066366023
0.3513153043
0.3080236312
0.3164736404
0.8957042772
0.3604572228
0.8835460605
0.7599739154
0.5786924543
0.9569513791
0.2897216715
0.3659101408
0.8938940871
0.5186690856
0.4169986791
0.292220099
0.2874972643
0.2867932926
0.2868058909
0.4149529282
0.4256755338
0.9041203496
0.5406128921
0.6423370419
0.3208770779
0.3276063957
0.4287383986
0.301780898
0.2873734811
0.3320783118
0.9393759713
0.2868655553
0.438452353
0.3134770184
0.2918773547
0.2872608703
0.3688533146
0.2872608703
0.9580694273
