0.3591011168
0.9892561082
0.7430579406
0.7662513277
0.4028267858
0.3249205014
0.378145539
0.7753697239
0.3903761821
0.2883192817
0.2931128092
0.2876577244
0.8990595049
0.4522886683
0.2914602537
0.2952556152
0.6673709493
0.3203308485
0.7945985535
0.4049825455
0.5388019198
0.2871826012
0.4784610229
0.8289505759
0.5839946225
0.9606178731
0.2916385636
0.3495775283
0.307330057
0.5470558767
0.9178796838
0.6205010725
0.8528233484
0.6431188215
0.2858592595
0.5437051195
0.3103987263
0.6696035915
0.2858020587
0.3106708048
0.7265228248
0.9600492538
0.8318545535
0.5325824154
0.6992423797
0.5731380946
0.2875820374
0.3574746312
0.7380016978
0.3193819956
0.3515500452
0.3103987263
0.8586039293
0.3499980205
0.8316736287
0.3483232551
0.7042694754
0.6787298625
0.3054201685
0.5416975999
0.2858592595
0.923117705
0.7944034218
0.6234469105
0.3113111806
0.2953698349
0.3326608967
0.2858592595
0.9491612492
0.2858215911
0.5905646704
0.7097108959
0.8521370005
0.9739620375
0.8258437861
0.4253916645
0.3551365881
0.5459382949
0.2999962204
0.3039068025
0.7299383089
0.5808254737
0.6698267168
0.3255977119
0.302677843
0.5071146594
0.3414225595
0.6340851672
0.391752394
0.5255058877
0.6361195922
0.3205433754
0.2940436401
0.5246238455
0.2890466242
0.4583724419
0.8050354365
0.8182620323
0.5197832275
0.3552817463
0.2905689562
0.6223140354
0.4428916008
0.4559311793
0.3982062287
0.2858643167
0.6161937503
0.3891776926
0.3198021877
0.292284118
0.6793958008
0.2938320525
0.2871389031
0.9924381386
0.3371484009
0.5132128908
0.3051773332
0.5379119401
0.4006856058
0.5537744658
0.5186856667
0.3978536883
0.8067554516
0.902100879
0.4610285541
0.8130134019
0.6112043123
0.4647254029
0.4984647787
0.4482694046
0.3691793127
0.781779222
0.2858365889
0.4890414701
0.4980343017
0.2889797565
0.3816024092
0.2865833244
0.302377123
0.3922702535
0.5531016414
0.3895195735
0.3466677859
0.2963678068
0.4086073897
0.9008024946
0.6608826327
0.5086359976
0.4084252104
0.3519761016
0.7637996379
0.9152019722
0.4053432437
0.2886873818
0.3152163062
0.2889135779
0.4486699825
0.2862217245
0.4488703847
0.2858496682
0.8562353058
0.6543756193
0.352260798
0.3255977119
0.2987067795
0.6902341236
0.2857910715
0.2897161997
0.9048168619
0.4522886683
0.7123140024
0.9124854447
0.3515500452
0.5134313085
0.8830859452
0.6802833105
0.2874593565
0.8731124254
0.319907616
0.4060658367
0.3696501608
0.2858121738
0.8791702454
0.4807764033
0.2910264262
0.3248081533
0.4524904108
0.3842699272
0.2859534224
0.3381705709
0.3320522931
0.9227303141
0.8217910213
0.3043783912
0.7584594341
0.5571415968
0.4736432665
0.2858749541
0.489893939
0.2862853434
0.3187562786
0.9556624115
0.289827595
0.2858543767
0.3117733197
0.6313711232
0.5772061295
0.4528941161
0.3778189622
1
0.3319310047
0.7833716248
0.6462750751
0.3173176796
0.3620977543
0.4165323324
0.2919571689
0.3324170232
0.7192265913
0.6313711232
0.6952947185
0.2858407743
0.3046163743
0.2857884554
0.9629456593
0.2874593565
0.4022901169
0.7835703911
0.6860404105
0.3070761224
0.7016490907
0.3020790173
0.5544474946
0.5439283156
0.3749007435
0.9618366774
0.3839349091
0.6581922246
0.6700498165
0.5477267365
0.2868912928
0.7590775562
0.4066088253
0.2884089765
0.4484696557
0.8558955994
0.4442804268
0.3065725832
0.3115879919
0.2901322023
0.4614382254
0.2858067675
0.640862494
0.584900434
0.6245795974
0.9701911147
