0.6601057841
0.7139242633
0.4446241553
0.5504778391
0.3709138494
0.6029927666
0.2867812858
0.4148092946
0.3342513311
0.9099675062
0.4542585465
0.2887148859
0.9683052113
0.6177746633
0.9036930845
0.867997225
0.6522223716
0.5016882003
0.4369288764
0.4492188001
0.4526407624
0.3127596424
0.3820832467
0.732238241
0.9491130346
0.2883702747
0.7983948672
0.4982339824
0.7759449438
0.6528990252
0.9182248269
0.4711012891
0.6066317681
0.7545973782
0.3210463847
0.3645478392
0.4470162624
0.5410770148
0.5533968963
0.2865454564
0.415180291
0.3248572121
0.6753440992
0.6102707892
0.2991429094
0.3499141835
0.3894919698
0.4027851072
0.932323801
0.4103872844
0.3171200617
0.3642426204
0.2900282802
0.4262919965
0.6070866527
0.4213559591
0.294585911
0.4566939994
0.2936153586
0.7575067514
0.8468435656
0.4089257201
0.4369288764
0.3932766661
0.2961851479
0.289428041
0.6064043258
0.5158440919
0.3898338509
0.3158279493
0.3214725288
0.5877635243
0.9670548718
0.3079486614
0.3736134565
0.5377317184
0.2875884066
0.3957123147
0.319574083
0.5266330001
0.3402018392
0.3075267623
0.3278070103
0.2895891601
0.5379545256
0.8214815261
0.965047314
0.9766939326
0.2995396906
0.9201013041
0.6461253487
0.8076762817
0.7462270846
0.3080335235
0.7527214576
0.8156657887
0.3047649019
0.4326430728
0.3372507329
0.3203064939
0.3300259056
0.4646798176
0.3123874052
0.3111950885
0.5239822886
0.856896853
0.6654966595
0.5590214757
0.7893548474
0.667066512
0.8574093401
0.3854239215
0.7038874751
0.462006116
0.8544954025
0.6216385675
0.2869810471
0.7290297441
0.2869938035
0.294533302
0.8872160466
0.3196782543
0.7462270846
0.5725709666
0.3114678649
0.4655048079
0.6601057841
0.3121098837
0.33599099
0.2873185855
0.5049378252
0.2871755163
0.9475744008
0.2872373589
0.6341249256
0.7970282482
0.917820237
0.565336512
0.2865216772
0.9960850091
0.3102961483
0.4001133045
0.3482463882
0.4140684451
0.7422221022
0.5226589478
0.4794778948
0.988680437
0.3882988536
0.8133958679
0.2874218096
0.422300452
0.7415880694
0.7673988307
0.2888838224
0.3196782543
0.7270996788
0.2998075359
0.3203064939
0.508415718
0.2899243554
0.2867272733
0.6368452411
0.3774832993
0.3660814124
0.294118535
0.3723387259
0.8166085329
0.2896879053
0.4148092946
0.3535936912
0.5723446422
0.557445201
0.6127724243
0.9161931244
0.2893334443
0.8862854444
0.495222087
0.379443592
0.880951018
0.7775607876
0.2921637628
0.342828246
0.651545553
0.2965337377
0.28665123
0.2871021374
0.3438943394
0.6791351455
0.3931034955
0.7877685631
0.2875313066
0.5352829037
0.3698123862
0.6972987519
0.2867908993
0.6886866415
0.3040652298
0.6643746327
0.3778088486
0.3240802764
0.3223321037
0.2875884066
0.5410770148
0.414438679
0.5123421506
0.2867272733
0.3760241337
0.3182338146
0.2949589174
0.2866650407
0.9186285397
0.2869684652
0.4371246462
0.2887985742
0.3237495559
0.9647695181
0.2867358386
0.4314813211
0.2927062171
0.4232472188
0.5151866552
0.9802161562
0.8078679549
0.8823731228
0.5599226684
1
0.2879193998
0.4010013304
0.4950073367
0.618683953
0.6961975125
0.342828246
0.6477072453
0.3214725288
0.2887705047
0.2867358386
0.3750566599
0.3426956059
0.6972987519
0.2871907154
0.4072890044
0.4875245676
0.3340051032
0.6243649852
0.5932161034
0.5092870157
0.5684994994
0.3781348654
0.3109237389
0.4228682401
0.5326159032
0.2865741303
0.409655717
0.2950670143
0.9426064705
