0.2913029725
0.9987776535
0.3462010614
0.7462303661
0.9561926362
0.3070498148
0.3078443308
0.5903371409
0.6863256798
0.2957484828
0.7141214007
0.3796246054
0.293890441
0.8014506794
0.3023559993
0.5372465347
0.7521891032
0.3368926344
0.4555720006
0.4342721046
0.3127737015
0.6423428228
0.8157101165
0.5725194379
0.4487040562
0.9660414564
0.4862110442
0.3138613535
0.8241240628
0.2888986295
0.6400573744
0.2977837838
0.3760610319
0.7848072523
0.924868752
0.7176382703
0.2888949273
0.363904544
0.2940165609
0.4459023623
0.4489047729
0.3578244296
0.5914817246
0.3112724512
0.4433149098
0.3960070509
0.5688758276
0.55888198
0.3097337674
0.4342721046
0.5289852386
0.5023562405
0.420867796
0.4716493412
0.8617387668
0.5305444134
0.8964234042
0.7213636162
0.3911688287
0.7398026487
0.3459326108
0.28895892
0.7964844691
0.3387708919
0.3984583149
0.9588218598
0.3022880653
0.4952144697
0.9957924863
0.5848465705
0.3423633418
0.2938487469
0.3312199121
0.8362935734
0.4331059443
0.5126222171
0.363602903
0.3059650989
0.2888922829
0.2920181585
0.8297799852
0.3892919436
0.7276906511
0.3118849769
0.9101465266
0.2933619183
0.3448643878
0.5695586508
0.2920181585
0.3134053627
0.7428077179
0.3651162275
0.6587556828
0.9214252279
0.9824612774
0.4123090649
0.6224275353
0.3426242132
0.3436733477
0.3829140685
0.4411363306
0.3566637253
0.8964234042
0.5356799002
0.381922294
0.4296264769
0.3301708554
0.626781843
0.9905337563
0.6265527191
0.2892148391
0.300580666
0.3343179462
0.8791560703
0.5392631886
0.3695765946
0.7964844691
0.2895066124
0.9285189254
0.3157251925
0.8065712848
0.2891637324
0.6737155234
0.3649643201
0.6687396061
0.3295932676
0.4766801689
0.4614988296
0.42866508
0.5613765481
0.8508270748
0.302629408
0.6986214221
0.4737409452
0.6865500701
0.5839320895
0.5080221778
0.3012239177
0.4372011471
0.3130434516
0.4779436906
0.3529502949
0.6427997655
0.2920181585
0.8750120052
0.288922429
0.34553098
0.8153243748
0.8793207018
1
0.5148198351
0.6562536886
0.28894517
0.3034656703
0.2941015053
0.4113912563
0.7874430678
0.6478226302
0.3423633418
0.558202128
0.3029054914
0.2913029725
0.4385746245
0.9495899035
0.2907818532
0.4813241546
0.3154415606
0.9392860918
0.2898359611
0.716540344
0.2907818532
0.9049597723
0.5069300028
0.5130613797
0.5243188922
0.2893427675
0.4437120843
0.7825687762
0.2894919911
0.5498356907
0.3178486644
0.3166809313
0.28895892
0.6912553597
0.8018461863
0.6752963154
0.4962928503
0.5992700405
0.3879355056
0.289421523
0.3188390735
0.7028460201
0.8929909877
0.3154415606
0.9741424754
0.6750705629
0.3483686457
0.2908077063
0.5609227862
0.2898178241
0.414521919
0.2959948644
0.4362226488
0.4643819004
0.3106678387
0.2955544683
0.2892476161
0.2899292809
0.288968968
0.3842429636
0.6270109606
0.2897644671
0.6777779113
0.725948863
0.3340760993
0.3637536594
0.59125279
0.2889971722
0.5385906736
0.541956151
0.6334233548
0.2891351817
0.9827859195
0.2971833961
0.8450739225
0.3068146607
0.2889083257
0.8763440061
0.2891540394
0.42427187
0.3169707362
0.288979721
0.3683355755
0.9390347772
0.9571856925
0.6102749415
0.5734310426
0.4066592196
0.5940005591
0.8502911822
0.3113594709
0.7462303661
0.2908599376
0.550512716
0.7108152274
0.2892148391
0.5691034167
0.6673805899
0.308328903
0.2897297744
0.3695765946
0.6739414254
0.7833836285
0.2892042655
0.4003990961
0.4907002652
