 7.6617e+00, 5.1784e+00
-1.1076e+01, 4.1190e+00
-2.2098e+00,-5.2622e+00
 3.4150e+00,-4.5858e+00
-3.6634e+00,-6.2297e+00
-9.9896e+00,-2.2073e-03
-2.0975e+00,-7.9946e+00
-2.3056e-01, 9.9158e+00
-1.5816e+01, 2.5815e+00
-1.3234e+01, 6.3358e+00
-3.3831e+00, 1.5078e+01
 1.1435e+01, 7.8231e-01
-1.1699e+01, 9.8625e-01
-1.0677e+01,-7.9735e+00
 5.2102e+00,-2.5208e+00
-7.1832e+00,-1.2656e+01
 1.2594e+01,-4.9988e+00
 1.5485e+01,-1.7611e+00
 1.4007e+01, 7.8212e+00
-9.0793e+00, 4.9907e+00
-1.7022e+01, 4.0085e+00
-3.6991e+00,-1.1507e+01
 8.8496e+00,-1.4521e+01
-1.4365e+01,-9.4792e+00
 2.2477e+00, 1.2131e+01
-2.7334e-01,-9.0007e+00
-4.2218e+00,-1.0076e+01
 1.1243e+01,-1.0176e+01
 1.0981e+01, 4.4054e+00
-1.1436e+01, 8.6423e+00
-9.0050e+00,-6.5404e+00
 1.0119e+01, 7.1575e+00
 1.0249e+00, 5.4016e+00
-5.0112e+00,-1.3295e+01
-8.8930e+00,-1.4338e+01
-6.9644e+00,-1.1156e+01
-5.9692e+00,-1.4495e+01
 6.8321e+00,-7.2330e+00
-9.5494e+00, 1.3983e+01
-1.2112e+01,-9.9111e+00
-1.3067e+01, 1.0994e-01
 5.1094e-01, 1.2325e+01
 1.2182e+01,-1.2101e+01
 3.6588e+00,-1.5411e+00
-9.8986e-01,-1.1525e+01
 4.5674e+00, 9.7170e+00
-1.1318e+01,-1.3371e+00
-3.1104e+00, 1.2815e+01
-2.7381e+00, 5.7306e+00
-6.2265e+00, 1.1058e+00
 1.2263e+01,-8.4048e+00
-3.3273e-02, 7.8046e-01
 1.3815e+01,-9.4385e+00
-1.3528e+01,-3.3411e+00
-1.4528e+01,-7.6086e+00
 1.0814e+01,-4.1945e+00
-7.2430e+00,-2.7079e+00
-4.4314e-01, 7.1942e+00
-4.2277e+00,-4.5849e+00
-8.0388e+00,-8.3325e+00
-9.4463e+00,-4.5455e+00
 8.7126e+00,-6.8701e+00
 7.2525e+00,-1.2500e+01
 9.6258e+00, 1.1219e+01
-1.3189e+01,-8.3316e+00
 5.7098e+00,-5.0419e+00
-3.8007e+00,-2.9571e+00
-1.1293e+01, 7.0274e+00
 1.5791e+00, 1.0717e+01
 1.2697e+01, 6.7617e+00
-4.9559e+00, 6.4211e+00
-1.4798e+01,-6.1176e+00
 1.0809e+01, 8.8093e+00
 1.3856e+01,-6.1491e+00
 7.0521e+00, 1.4431e+01
-1.1957e+01, 1.2663e+01
 1.7423e+00,-1.1948e+01
 1.6271e+01, 5.2588e+00
 9.8329e+00,-9.1888e+00
 7.2902e+00,-9.2869e+00
 1.5424e+01,-8.0000e+00
-3.6517e+00, 1.6607e+01
 6.0667e+00, 8.5289e+00
-1.5552e+01,-4.4276e-01
 1.3586e+01,-2.1789e+00
 3.8965e+00, 2.9849e+00
 1.4021e+01, 1.1351e-01
-1.5943e+01, 6.9682e+00
 3.7305e+00, 1.3993e+01
-1.0051e+01,-9.7361e+00
-1.1695e+01,-4.8448e+00
-1.3433e+01, 1.0236e+01
 6.2568e-01, 1.5804e+01
 1.1191e+01,-1.1133e+00
-7.1427e+00, 2.4624e+00
-1.7501e+00,-1.4687e+01
 2.0329e+00, 6.7705e+00
 8.0557e+00, 1.1776e+01
-2.9071e+00, 9.1875e-01
-6.6601e+00,-6.4278e+00
-1.2164e+01,-1.2540e+01
-6.9535e-01, 3.2029e+00
 2.7290e+00, 1.6048e+01
 1.1629e+01, 1.1585e+01
-3.5411e+00,-1.4518e+01
 4.1080e+00,-1.2630e+01
 3.2606e-03,-1.5199e+01
 6.2891e+00, 4.0812e-01
-7.2989e-01,-1.7221e+01
-5.6095e+00, 1.1557e+01
-9.5592e+00,-1.1417e+01
-1.7451e+01, 9.0601e-01
 2.3026e+00,-9.8141e+00
 7.8756e+00,-4.4755e+00
-5.3458e+00,-2.6465e+00
 2.4742e+00, 4.4663e+00
-4.8813e+00,-4.5191e-02
 9.6859e+00, 5.6887e+00
 8.1651e-01, 3.0469e+00
 4.9494e+00,-1.0212e+01
 2.1596e+00, 1.5240e+00
-7.6918e+00, 1.3572e+01
 5.1774e+00, 6.0521e+00
 4.8683e+00,-8.2355e+00
 1.6647e+01,-3.9010e+00
-9.8849e+00, 9.3798e+00
 1.8758e+00,-8.1414e+00
 1.7330e+01, 1.2881e+00
-4.2394e+00, 9.1783e+00
 4.4607e+00, 9.1245e-01
 1.2166e+01, 9.8990e+00
 9.5480e+00,-1.0100e+00
-7.3319e-02,-7.2660e+00
-4.1293e+00, 3.4386e+00
-4.8575e+00, 1.5446e+01
-3.0566e+00, 8.0978e+00
 1.6027e+01, 4.5165e-02
 3.8866e+00, 1.1729e+01
 9.3879e+00, 2.9476e+00
-1.6027e+01,-2.1026e+00
-7.6337e+00, 9.9029e+00
 7.8306e+00, 9.4013e+00
 6.3174e+00,-1.4004e+01
-1.4067e+01, 8.0688e+00
-4.3908e+00,-1.6893e+01
 9.3802e+00, 1.3749e+01
 7.3585e+00,-1.5287e+01
-6.3879e+00,-1.5981e+01
-6.3104e+00,-9.5339e+00
-1.7503e+00, 1.7154e+01
-1.2259e+01, 2.8394e+00
 1.2054e+00,-6.4657e+00
 5.4509e+00,-1.6530e+01
 1.8802e+00,-4.3458e+00
 5.9462e+00, 1.3210e+01
 7.8175e+00,-7.1657e-01
-8.5108e+00, 3.5906e+00
-3.0842e+00,-1.0068e+00
 6.8220e+00,-2.2662e+00
 1.0097e+01,-1.2422e+01
 1.4126e+01, 6.0479e+00
 1.3299e+01, 4.1921e+00
-9.9136e-01,-1.8362e+00
-8.0876e+00, 1.2051e+01
-8.0778e+00, 1.2433e+00
-1.3828e+01,-1.7509e+00
-2.1927e+00, 2.3235e+00
-1.5670e+01, 5.0534e+00
 1.4603e+00, 8.4824e+00
 4.9304e+00,-1.5111e+01
-9.4352e+00, 6.7856e+00
 1.4384e+01, 2.6379e+00
 8.0674e-01, 1.3909e+01
 6.0998e+00, 4.3949e+00
 1.6433e-01,-3.0380e+00
-1.2058e+01,-2.7805e+00
 8.9464e+00, 1.3057e+00
-2.0393e+00,-9.5126e+00
-2.0281e+00, 4.1559e+00
 6.1686e-02,-1.3237e+01
-4.0601e+00, 1.1450e+01
 3.2033e+00, 8.3889e+00
 6.9038e+00, 7.2300e+00
-5.3220e+00, 1.3944e+01
-2.0104e+00,-1.3027e+01
 1.2814e+01, 2.6730e+00
-1.4088e+01, 3.7996e+00
-1.1464e+01,-6.6740e+00
 1.0329e+01,-2.6690e+00
 1.0120e+00,-1.2218e+00
-9.9040e+00, 2.9195e+00
 4.0708e+00,-6.7252e+00
 5.2155e+00, 1.6212e+01
 1.5669e+01, 7.3951e+00
 7.3576e+00, 3.3784e+00
-6.8634e-01, 1.4625e+01
 1.0622e+01,-6.8846e+00
-1.5965e+00, 1.2064e+01
-7.0619e+00,-4.4823e+00
-1.3755e+01, 1.5384e+00
 9.0655e+00, 8.5215e+00
 2.1219e+00,-2.5210e+00
 1.4125e+01,-4.0226e+00
 1.5140e+01, 4.2309e+00
-5.5245e+00, 4.3721e+00
-7.1825e+00,-5.2032e-01
 1.4442e+00,-1.6944e+01
 5.6962e+00, 1.1113e+01
-5.9491e+00, 8.1622e+00
 5.3958e+00, 2.8555e+00
-7.1780e+00, 4.3598e+00
-8.8027e+00,-2.5308e+00
 1.6795e+01, 3.2012e+00
-1.5065e+01,-3.4454e+00
-1.6829e+01,-3.8546e+00
 2.6646e+00,-1.5649e+01
-9.7307e+00, 1.1373e+01
-2.1089e+00, 1.0623e+01
-3.0497e+00,-1.6126e+01
-1.3847e+01,-4.8491e+00
 1.5587e+01,-6.0147e+00
 1.3192e+01,-1.0968e+01
-7.3507e+00, 7.5795e+00
 2.7918e+00,-1.3605e+01
 1.1114e+01, 2.5250e+00
 1.1290e+01, 1.3354e+01
 1.0607e+01,-1.3895e+01
 3.3750e+00,-1.1090e+01
-6.3899e-01, 5.4846e+00
 1.4711e+01, 9.1464e+00
-4.7797e+00,-7.5590e+00
 4.8089e+00, 7.5978e+00
 8.4984e+00,-2.6133e+00
-3.2292e-02, 1.7262e+01
 6.0801e+00,-1.1563e+01
 3.1001e-01,-4.7341e+00
 3.7787e+00,-1.7015e+01
-1.0563e+01,-1.3485e+01
 2.6676e+00, 6.6110e-02
 1.7382e+01,-1.3460e+00
 8.9810e+00,-1.0738e+01
-1.7434e+01,-8.9184e-01
-1.1636e+01, 1.0734e+01
-6.3527e+00, 1.5780e+01
-1.0346e+01,-2.7672e+00
 1.6212e+00, 1.7196e+01
-1.2890e+01, 4.8320e+00
-1.8328e+00,-3.5254e+00
-1.6331e+01,-5.4013e+00
-8.2701e+00,-9.9339e+00
 3.3463e-01,-1.0810e+01
-1.0443e+01, 1.2773e+01
 1.3893e+01, 1.0596e+01
-1.3039e+01,-6.4862e+00
 3.5801e+00, 6.4053e+00
 4.5817e+00, 4.4878e+00
