0.3372566471
0.9698782591
0.7188060308
0.8209095341
0.6962304226
0.6366999297
0.2941827219
0.8637748526
0.3741410199
0.6753095204
0.4446373215
0.2871814028
0.2893423373
0.3150829945
0.3378890177
0.8807183012
0.4763555243
0.2901487965
0.3020829484
0.5247288825
0.7724153762
0.4076680818
0.8654597726
0.2918134055
0.5276062781
0.7078975445
0.7392356146
0.3757464273
0.5920567812
0.4845877821
0.8749007963
0.5711490261
0.4031615569
0.3130961789
0.5963845084
0.3454817807
0.2962324171
0.8148611936
0.5799999946
0.2877971443
0.9130155659
0.3073909002
0.4458323244
0.4620267831
0.2955204841
0.3088176343
0.3538227513
0.498500907
0.4686328476
0.3584671856
0.3092461249
0.4109515994
0.7017464388
0.8758782649
0.5095692591
0.6663319267
0.3876503632
0.6607017456
0.3048323855
0.3249263716
0.3529669122
0.2972065412
0.2939386608
0.3511290221
0.4972071617
0.3538227513
0.3368789358
0.3617372847
0.3396785421
0.8281795528
0.2984771053
0.4035197389
0.8711248771
0.4272592076
0.2957909152
0.2886398298
0.592512226
0.3228471481
0.9586688184
0.2944310472
0.8826320817
0.3137507301
0.4470301567
0.2991721814
0.2880739391
1
0.3652219411
0.5709223749
0.4074866091
0.5943342651
0.9948045751
0.3669120121
0.673517229
0.3819545773
0.4131583205
0.2905477885
0.5137236479
0.7561007867
0.3237159577
0.6728446903
0.4264941353
0.7523351252
0.3701801521
0.949391234
0.6982187103
0.494840127
0.9144123165
0.4349870272
0.4684253615
0.6676810633
0.491622657
0.6607017456
0.374621388
0.5720557912
0.7998153275
0.6582202174
0.3090742463
0.885793228
0.7939181188
0.9796815035
0.6214545597
0.6416957705
0.3345167156
0.3927834919
0.5393984307
0.2908993122
0.782954508
0.3969605936
0.3353809718
0.3266062636
0.3182433271
0.3128180278
0.4494342154
0.5528515888
0.7843605525
0.763372346
0.2880917934
0.4353770282
0.4468303225
0.7138005993
0.2877115125
0.9209820738
0.2959002744
0.4649083501
0.3586144749
0.2938903607
0.5360515683
0.5768202816
0.3084777381
0.287481889
0.4336246938
0.3667577462
0.8289187883
0.3115388548
0.2875249814
0.6911368153
0.2936041469
0.3807983144
0.3015881735
0.6893610688
0.3816236391
0.3310118879
0.5391750871
0.485862271
0.2891277005
0.4011989196
0.2879872871
0.7293946157
0.9026774932
0.304218856
0.3216684081
0.3142229991
0.4458323244
0.3381429622
0.2871717644
0.9552433911
0.4705031935
0.7373181075
0.4937663013
0.3063314159
0.6730688956
0.9682494946
0.453060934
0.2871955975
0.8167592411
0.3232803405
0.9908074855
0.7976599631
0.5768202816
0.2886854822
0.642149624
0.5479073355
0.7980524493
0.7996197203
0.3173383705
0.2907566284
0.5236238813
0.2922655244
0.8771766666
0.3907183423
0.4263030902
0.3360026142
0.6086920258
0.3643064653
0.3452121693
0.9546082456
0.2881098224
0.6609272145
0.2877115125
0.2903120134
0.7939181188
0.5063009887
0.2882025865
0.574777569
0.902088806
0.4385091118
0.2893977348
0.5528515888
0.2873778269
0.2871728158
0.378502854
0.2873375298
0.9698782591
0.7843605525
0.9163515764
0.3095918093
0.6248708436
0.289233628
0.2922655244
0.3981905108
0.4402802329
0.2935570428
0.4204255894
0.378502854
0.3627907491
0.3948643011
0.3099400604
0.7617162679
0.7242215031
0.2888507531
0.3179402794
0.9424158059
0.5304898312
0.7734358439
0.9489456283
0.3159556941
0.2872821618
0.8826320817
0.4020894785
0.4811994104
0.3234978463
0.2886854822
0.3931292107
0.2879050026
0.6355636875
0.8042956238
