-6.1503e+00,-1.3544e+01
 3.0112e+00,-2.7105e-01
-5.4682e+00, 5.8975e+00
-1.4990e+00, 6.1819e+00
 7.3389e+00, 4.8010e+00
-7.1372e-01, 9.4304e+00
 1.0403e+01, 1.3070e+01
 5.1685e+00,-2.8072e+00
-1.4044e+00,-1.3980e+01
 8.0276e+00,-4.4652e+00
-6.8644e+00,-1.0519e+01
-1.1150e+01,-1.3470e+01
 1.7097e+01, 2.5311e+00
 1.0965e+00,-1.5658e+01
 1.2314e+01, 8.6384e+00
 4.9751e+00, 2.2487e+00
-5.4617e+00, 1.0586e+01
 1.4802e+01,-8.7702e+00
-1.1757e+01, 1.0757e+01
 1.0816e+01,-4.0151e+00
-2.5160e+00,-6.8967e+00
 6.5063e+00, 1.1671e+01
-4.4500e+00, 3.0102e+00
 1.6847e+01,-2.6104e+00
 7.5474e+00, 8.4735e+00
-4.0242e-01,-8.4752e+00
 8.0362e+00,-1.4202e+00
 7.2386e-01,-1.4030e+01
 4.8703e+00,-9.2008e+00
-8.6302e+00,-8.0811e+00
-2.2550e+00, 4.7272e+00
-5.5649e+00,-8.9046e+00
 6.4427e-01, 1.3324e+01
 1.5877e+01, 1.0491e+00
-7.2112e+00, 6.8634e+00
-7.3399e+00, 1.2515e+01
-1.3750e+01, 8.6548e+00
 9.2839e-01,-6.6333e+00
-1.0052e+01,-1.7794e+00
-1.6412e+01,-4.8566e+00
-4.2379e+00,-7.3990e-01
-1.0457e+01, 1.1718e+01
-3.0994e+00,-1.2232e+01
 4.3871e+00,-1.1678e+01
-5.7194e+00,-1.5489e+01
 5.5028e+00, 1.4882e+01
 1.4258e+01,-3.6522e+00
 7.8899e+00,-8.9408e+00
-2.1297e+00, 1.1911e+01
-1.1429e+01,-8.4586e+00
-1.4524e+00,-1.5817e+01
-1.3015e+01,-2.8786e-01
-8.2403e+00, 8.8291e-01
-9.5409e-01,-5.3232e+00
-1.0768e+01, 3.4079e+00
 6.9092e+00,-6.2357e+00
 6.0655e+00,-1.2485e+01
-3.5938e+00, 8.2694e+00
 8.5185e+00,-1.3789e+01
 1.4436e+01, 5.5526e+00
 1.3166e+01, 6.4771e+00
 1.0749e+01,-1.2682e+01
 1.5331e+01,-7.0617e+00
-3.0437e+00, 1.4096e+01
-1.0592e+01,-4.6072e+00
-1.3038e+01, 5.7107e+00
 1.0384e+01, 1.0864e+01
 2.5768e+00, 1.4022e+01
-1.1295e+01, 9.2755e+00
 3.4503e+00,-5.5475e+00
 2.9206e+00, 1.6054e+01
 1.0105e+01, 8.9813e+00
 5.6893e+00, 4.8882e-01
-9.4581e+00, 8.5061e+00
 1.6185e+01, 4.1751e+00
-1.6928e+01,-1.6814e-01
 2.5766e+00, 9.8907e+00
-8.1578e+00,-1.2915e+01
-2.9238e+00, 4.2771e-01
 1.3612e+01, 9.7565e+00
 2.2056e+00, 4.7804e+00
-1.4985e+01, 3.6258e+00
-1.9495e-02,-1.2657e+01
-1.4806e+01, 6.2409e+00
 1.7484e+01,-5.9064e-01
 1.2120e+00, 4.2576e-01
 1.0528e+01,-9.8589e+00
 4.0760e+00, 9.7712e+00
 4.2323e+00, 1.2630e+01
-8.2927e+00,-5.6800e+00
-1.0330e+00,-9.2608e-01
 9.3350e+00,-1.0924e+01
 4.2529e+00, 7.9550e+00
-1.2683e+01,-5.0295e+00
-5.2256e+00,-1.2099e+01
-6.0611e+00, 1.5641e+01
-9.9226e+00, 5.2606e+00
-5.8812e+00,-4.6455e+00
 6.4819e+00,-1.4054e+01
 5.7293e+00, 7.0374e+00
 1.3180e+01,-5.5619e-01
 5.8000e+00, 5.2482e+00
-1.1743e+01, 7.3551e+00
-2.6657e+00,-2.0392e+00
-7.7470e+00,-3.2385e+00
 2.8690e+00,-1.1549e+01
 2.2551e+00,-4.0744e+00
-8.3533e+00,-9.5675e+00
 1.1046e+01, 5.6156e+00
 9.0484e+00, 2.0510e+00
 1.0270e+01,-6.3347e+00
 5.7347e+00,-7.4154e+00
 3.9621e+00,-1.3559e+01
-2.2880e+00, 1.0173e+01
 5.3454e+00,-4.6673e+00
-7.9381e+00, 4.1890e+00
-1.4074e+01,-6.8804e+00
 4.4595e-01, 5.0893e+00
-3.7856e+00, 5.6385e+00
-1.1452e+00, 1.8562e+00
 2.4401e+00,-9.6038e+00
 9.6959e+00,-4.9749e-01
-1.4748e+01,-4.5320e-01
 1.1918e+01,-7.0456e+00
-1.0816e+01, 4.4483e-01
-8.1100e+00,-1.4757e+01
-6.8451e+00,-1.2375e+00
-1.1433e+01,-6.9106e+00
-4.5094e+00,-1.4263e+01
-1.4869e+01, 1.8417e+00
 1.2871e+01,-9.0442e+00
-1.6067e+00, 1.5516e+01
 6.8736e+00,-1.0716e+01
 1.0725e+01, 2.6922e+00
-6.3618e+00, 2.6946e+00
 7.6177e+00, 1.3144e+00
-2.5021e+00, 1.6967e+01
 1.2661e+01,-3.1179e+00
-7.7087e+00, 9.6972e+00
-4.2299e+00,-7.1088e+00
 1.2560e+01, 1.2124e+01
 4.5272e+00,-5.1863e-01
-1.2048e+01,-1.1092e+01
-4.1101e+00, 1.1412e+01
 1.4011e+01, 3.9799e+00
-4.4258e-01, 1.6554e+01
 1.0635e+00,-1.1154e+01
 9.5380e+00, 4.7459e+00
 1.3837e+00, 1.5754e+01
-1.7018e+01,-2.4066e+00
 1.2826e+01, 2.3747e+00
-8.8915e+00, 1.0768e+01
-6.0745e+00, 5.4393e-01
-1.5319e+01,-2.5330e+00
 9.5481e-01,-1.7452e+01
-1.8987e+00, 8.3616e+00
 8.4807e+00, 1.4403e+01
-5.2387e+00, 1.2662e+01
 1.1919e+01,-1.1264e+01
 1.7227e+00, 8.5258e+00
 1.4046e+01, 8.4296e-01
-1.0265e+01,-1.0912e+01
 4.3381e-01, 1.0993e+01
-1.1435e+01,-2.5302e+00
 5.0447e+00, 1.6327e+01
-1.3092e+01, 1.6905e+00
 1.6518e+01, 5.7006e+00
 7.7532e+00, 2.8823e+00
 3.5508e+00, 3.3604e+00
 1.5527e+01,-4.9579e+00
 1.3833e+01,-7.2583e+00
 4.9054e+00,-1.5000e+01
 1.9999e+00, 1.2412e+01
 1.4938e+01, 2.2396e+00
-1.6219e+01,-6.3652e+00
 2.2093e-01, 3.2423e+00
 7.0435e+00, 1.0029e+01
 3.4627e+00,-7.3343e+00
 9.0384e+00, 7.7748e+00
-1.3076e+01,-8.8781e+00
-2.0059e+00,-8.7713e+00
-4.3124e-01,-2.8413e+00
-9.9975e+00, 7.0778e+00
-1.5431e+01, 7.8632e+00
 5.6978e+00, 3.5670e+00
-1.4382e+01,-4.6934e+00
 1.4285e+00,-1.3990e+00
 5.5851e-01, 6.8347e+00
 8.4732e+00,-6.5438e+00
-1.6303e+01, 4.4859e+00
 7.1849e+00, 6.3524e+00
 1.0927e+01,-2.3100e+00
-4.2027e+00,-5.3659e+00
-8.8337e-01,-6.8574e+00
 2.9250e+00,-1.5365e+01
-8.8788e+00, 1.4167e+01
 1.1524e+01, 6.0200e-01
 1.3348e+01,-1.0515e+01
-3.9048e+00,-3.4736e+00
-1.2859e+01, 3.7942e+00
 1.2445e+01, 4.2702e+00
 6.9604e+00, 1.3274e+01
-9.3043e+00, 2.8832e+00
 1.4331e+01,-1.9735e+00
 1.3867e+01,-5.5571e+00
 2.6092e+00,-2.4121e+00
 6.1465e+00,-1.6280e+01
-6.3706e+00,-6.4373e+00
-4.2284e+00,-1.6830e+01
-1.6572e+01, 2.1381e+00
-6.0997e+00,-3.0086e+00
-5.1027e+00,-1.0360e+01
 2.6979e+00,-1.7129e+01
 5.9293e+00, 8.7573e+00
-4.3294e+00, 1.3889e+00
-1.0048e+01,-7.5910e+00
-3.9953e+00, 1.6451e+01
-2.9369e+00,-1.0448e+01
-1.1145e+01, 1.3154e+01
-1.5113e+01,-8.6965e+00
-1.0167e+01,-9.3073e+00
 1.9398e+00, 1.7309e+01
 1.5016e+00, 2.4077e+00
 3.9945e+00, 6.0071e+00
 7.8274e-01,-4.4740e+00
 1.1991e+01, 1.0514e+01
-5.1411e+00, 8.0449e+00
 7.9104e+00,-1.5323e+01
 7.1792e+00, 1.5189e+01
-1.3159e+01,-1.7855e+00
 9.8058e+00,-8.4275e+00
 1.5388e+01, 6.8543e+00
 1.2140e+01,-5.4632e+00
 8.7616e+00, 1.0915e+01
-1.3667e+01,-3.2663e+00
-1.6381e+00, 1.3366e+01
-6.9900e+00, 1.3988e+01
 7.2656e+00,-2.7960e+00
 1.7238e+00,-8.0975e+00
 1.4853e+01, 8.8535e+00
 3.9722e+00, 1.4979e+01
-2.7966e+00, 2.0846e+00
-1.1002e+00,-1.1195e+01
-5.7453e+00, 4.1872e+00
 3.3841e+00, 1.4897e+00
-4.7097e+00, 1.4704e+01
-7.8333e+00, 1.5451e+01
-2.4139e+00,-4.5893e+00
 1.1481e+01, 7.2549e+00
 5.2526e+00, 1.0829e+01
 8.6305e+00, 1.2744e+01
-2.6999e+00,-1.6973e+01
 2.1670e+00,-1.3534e+01
 1.0187e+01,-1.4214e+01
-9.3295e+00,-3.4529e-01
 2.4306e+00, 6.3565e+00
