0.4490468198
0.5181413308
0.2989334377
0.9729799203
0.4742771628
0.7069198506
0.4942172145
0.3302245172
0.3886847775
0.8025409978
0.5285238295
0.6263086733
0.2873802895
0.3203480466
0.2949268445
0.8324450011
0.3265364267
0.3667789385
0.4871588019
0.2951334371
0.6176486676
0.5026333075
0.5412214161
0.3684821333
0.4013907993
0.8578777731
0.4357804745
0.2900662326
0.3524258372
0.639958687
0.3136191823
0.2883595095
0.2880751027
0.2874905544
0.4225139481
0.3357897177
0.2874458543
0.3031682239
0.3032417481
0.6185605969
0.4567267221
0.4357804745
0.7610432071
0.5614614727
0.4944320294
0.3323654987
0.7597965369
0.2878629564
0.2908604315
0.5800500752
0.9439203242
0.6390499109
0.3673965457
0.3110596535
0.4640995235
0.9686210172
0.8173393692
0.4520654126
0.2924474585
0.3486503176
0.5868743674
0.3837996331
0.3341857827
0.2880109919
0.7831277587
0.2874134232
0.6512991543
0.5752794853
0.6281306453
0.3598211239
0.3084562101
0.6666506103
0.5177014613
0.8594231965
0.2883027765
0.6671006313
0.3534206097
0.3982048475
0.3164989248
0.4548980694
1
0.3898780709
0.5680225433
0.4565232457
0.6983317562
0.2967124908
0.9897295314
0.3021562117
0.5249798423
0.8707142128
0.3159116828
0.2958779305
0.8877847619
0.2873206804
0.3433718245
0.978673964
0.3475505615
0.8876283778
0.8250462344
0.5245375161
0.4807956171
0.3120503286
0.4696879823
0.7950879362
0.5013335208
0.4742771628
0.3005640851
0.4410829342
0.8959432773
0.3256382522
0.4410829342
0.6677754873
0.5625915232
0.8075841294
0.3339411906
0.9200716752
0.7529046986
0.48630736
0.4365621981
0.4049701889
0.2873091087
0.3601180372
0.3068011529
0.3507357277
0.6007733362
0.6981108333
0.2957695366
0.4180000829
0.5773233009
0.8830542143
0.3503162176
0.2895641166
0.4678197175
0.3012455227
0.704503191
0.4530753959
0.6023694968
0.2878219571
0.3541351444
0.3950531511
0.4060519832
0.7284519844
0.4799512129
0.3581973261
0.7444737343
0.7622878758
0.3672419575
0.3441702674
0.8700508305
0.3620604764
0.3011766309
0.3952273365
0.8511038829
0.2874826664
0.6242583923
0.2891627866
0.7363896217
0.4400964585
0.2885184802
0.5580744696
0.2882658278
0.3917641848
0.5296332429
0.3532781006
0.3808156406
0.9434529986
0.2892140354
0.9008928682
0.4899322259
0.4647180235
0.6358676558
0.7108644736
0.3017324127
0.9361236425
0.9520493804
0.9400158463
0.8089339248
0.2978843874
0.2888699221
0.6390499109
0.343903565
0.4848195438
0.2881765133
0.3079528971
0.8484655757
0.3058392748
0.4263159294
0.4238405114
0.5905175747
0.5506411386
0.8720368485
0.8436711622
0.696120975
0.6693493205
0.6943498984
0.2874258699
0.5124361922
0.772784796
0.908054703
0.3432392366
0.2875506765
0.2880426976
0.3041368748
0.9152669961
0.4408854759
0.972024086
0.4200622843
0.2885184802
0.2911473183
0.2890623782
0.3248602343
0.7346787913
0.3356654735
0.7956798307
0.2908253487
0.292197117
0.2879799856
0.287361706
0.8685532048
0.3098267402
0.6356402646
0.5918843065
0.7097699989
0.549067834
0.3344309539
0.2892922139
0.4137252449
0.2884979979
0.2873359338
0.2873753807
0.3369143753
0.8098959734
0.951721429
0.5280803162
0.3169925865
0.3743199587
0.3522842594
0.9962069934
0.7678637434
0.5274153193
0.5483939541
0.4856693789
0.5802773886
0.6810015747
0.7404405331
0.362511796
0.2878911642
0.772580427
0.4381296637
0.5207839775
0.2912577522
0.6519783151
0.5980374517
0.7331793365
0.7865397987
0.2873359338
