0.5861292258
0.7722582438
0.5023864896
0.7196857434
0.5257781007
0.63037802
0.4897134833
0.4799624204
0.4567654426
0.3853024274
0.9447033074
0.4801731076
0.304743173
0.9721694216
0.5104201151
0.668667704
0.3045848553
0.8999029259
0.3082170457
0.3178192256
0.3880083025
0.2878769017
0.9279382311
1
0.4738786712
0.5211504163
0.8719904224
0.8036787941
0.2918672787
0.4579867958
0.2912146473
0.3948955575
0.7500398676
0.4614610519
0.3138593971
0.338231187
0.6882318512
0.9079284447
0.9116914678
0.6215368795
0.2987229092
0.3456270094
0.3561975159
0.7393282245
0.3543120765
0.3518798396
0.2868356054
0.2861665265
0.3621352253
0.3409537039
0.2887098092
0.4661931103
0.3982269208
0.8240412512
0.358548069
0.2862534432
0.4759707294
0.5601388528
0.2881642117
0.3528767493
0.4278947617
0.5572146048
0.4362195964
0.4865206873
0.3393904287
0.7811146602
0.7370006725
0.3954190317
0.9736179356
0.2871023793
0.2865671703
0.675139073
0.309349649
0.2930894215
0.4895002472
0.2861544831
0.351596196
0.4405384363
0.5614896618
0.4728349726
0.9754940891
0.2864902333
0.2977562634
0.6493613197
0.2865671703
0.9119674296
0.9807419696
0.3309165203
0.2866648572
0.2920478039
0.9373442191
0.8494817965
0.3209506726
0.8451178949
0.3090858869
0.6033762932
0.8715031953
0.3943730389
0.8877776898
0.6764751714
0.2964660326
0.388178361
0.7870841271
0.3550346439
0.2869376179
0.3217010501
0.5527228963
0.3468557914
0.6412377709
0.3511717231
0.8286331821
0.3339551329
0.6581359679
0.4331036761
0.6324162985
0.4338806488
0.2981384266
0.3392610633
0.3040358581
0.6902196357
0.8580566315
0.3205252203
0.7839075013
0.3698397174
0.2995231476
0.7651304469
0.3317582307
0.4093557047
0.4219927391
0.431747226
0.3153152562
0.7053667729
0.286990973
0.2960523655
0.4567654426
0.4610512719
0.5286509178
0.2910471109
0.6525145425
0.7498311303
0.6181335021
0.2862970724
0.3831249681
0.687347553
0.3303196554
0.2889582037
0.2885601777
0.3504669206
0.441130404
0.2888016618
0.5310863662
0.3142441977
0.2861487231
0.4736698064
0.8908275849
0.5804644012
0.2985918601
0.9267999804
0.5623905909
0.9275597112
0.628792123
0.3445440057
0.3000009715
0.3527339384
0.3280848596
0.297504823
0.298331757
0.2968879139
0.7374243055
0.4163639607
0.2968271427
0.5587887654
0.6437221408
0.7429135295
0.9389898871
0.6049657857
0.3095262864
0.4486899328
0.5489122859
0.8594093984
0.2964064341
0.2932876499
0.5716414947
0.837137195
0.4044616278
0.3414792487
0.9715965512
0.9955277824
0.2878769017
0.7416497832
0.8023305362
0.6231246395
0.6015597942
0.3798124436
0.4364150484
0.3793195173
0.7602018462
0.8132098644
0.2895923983
0.3569285211
0.3525912591
0.3720517445
0.2897696301
0.4490908864
0.8856211783
0.2980103723
0.6926455332
0.2983965332
0.6224442121
0.3149236019
0.7525405654
0.3641086063
0.3255635679
0.2860576052
0.6058740773
0.5540694618
0.6265257593
0.2879021544
0.9704347828
0.926036667
0.5054188555
0.4158056778
0.3002776513
0.6608296782
0.2879275804
0.357957344
0.2860565578
0.5242337173
0.4511001714
0.5498082635
0.8756997886
0.9688239881
0.5193918932
0.2866219463
0.4474888941
0.7179596794
0.3256766167
0.3117877826
0.3254506679
0.5675766368
0.2982671471
0.5165396804
0.6176796245
0.2863974104
0.2887708715
0.2860567324
0.4356337367
0.2864424274
0.7233444343
0.7819138707
0.9907919329
0.3898849876
0.2870645483
0.395593735
0.3252253142
0.6104154083
