0.3667129432
0.3723475089
0.4894398985
0.7514011713
0.3827475695
0.4723410798
0.2870387886
0.490721591
0.313260987
0.4954377387
0.5417824598
0.8244160089
0.5047274075
0.730623608
0.3387097716
0.8906880622
0.4006349638
0.9433732895
0.8990014121
0.496513149
0.3721888619
0.6683851186
0.7334067234
0.3396091167
0.7370341629
0.8828915628
0.6512651621
0.2869521363
0.3123323413
0.8223658051
0.5182739095
0.2874622843
0.3585638369
0.58784768
0.3783014279
0.287184588
0.9291349097
0.5027755153
0.4782072158
0.2900324634
0.5869382547
0.349811585
0.7440355716
0.3411668891
0.2868954133
0.9121363963
0.7469893961
0.328465763
0.4685963585
0.2966290606
0.3647175123
0.2942984257
0.3146835011
0.5543434075
0.3862634198
0.419269512
0.3148758391
0.9979844371
0.3659429779
0.5923967115
0.3333382434
0.3783014279
0.2921534942
0.7323372268
0.3160430062
0.7842063398
0.3111487739
0.6299538522
0.9614454474
0.2873301852
0.4343734794
0.4636367863
0.3068482137
0.9578475925
0.6444771045
0.6183524745
0.5817120074
0.6315446019
0.8201190561
0.9623233467
0.3359284886
0.9347751506
0.3126092758
0.7963032115
0.4597384333
0.3308118467
0.2980038256
0.4038480797
0.3159448834
0.6695069419
0.3266314579
0.3781383825
0.2868978644
0.2989482311
0.3038500339
0.403668701
0.287018308
0.8079609225
0.6955600018
0.2892033833
0.7023899684
0.3656358626
0.3435412597
0.6650160633
0.4129448263
0.2870685458
0.2883846072
0.6490041242
0.6140267512
0.9558933185
0.3734614101
0.4410395601
0.2875348855
0.381586782
0.2871746122
0.7120233227
0.2881028675
0.8244160089
0.2891751037
0.3305745934
0.6966638872
0.5742240987
0.5498479366
0.4809471758
0.3161412848
0.8493524129
0.2988840997
0.5010437881
0.3906848744
0.5681091953
0.3160430062
0.4836971997
0.9735314533
0.3116917035
0.2879250677
0.5962654608
0.4995311113
0.395354819
0.3805963073
0.8583562438
0.600818679
0.8538820248
0.8556094758
0.2874344666
0.3293971313
0.2920684505
0.502342291
0.7442468895
0.3622906766
0.297275459
0.294399873
0.6478729708
0.8195557218
0.8940467541
0.4922193773
0.2956702242
0.6351787369
0.5350901119
0.2898053913
0.2922392241
0.6003632926
0.3757068107
0.4118401917
0.2945533194
0.403668701
0.2890363094
0.4168383143
0.7085288747
0.4123920724
0.4264654412
0.4101898175
0.2870764225
0.4879471023
0.3359284886
1
0.3119653115
0.4540402621
0.6381293555
0.8009956465
0.3830802539
0.3396091167
0.3500907211
0.5801225259
0.6208561428
0.2994672923
0.2954517165
0.5554687775
0.287355207
0.2869663165
0.2983144422
0.3108794555
0.4027733408
0.2918174393
0.4392657308
0.3060364403
0.4621976271
0.2869220246
0.4744304889
0.8193677978
0.2874208198
0.4811583619
0.2869190484
0.3140152594
0.9196915797
0.821243751
0.454242786
0.8223658051
0.9970527847
0.5121352191
0.3122403463
0.8339851977
0.3389660216
0.5326434418
0.2869111701
0.286896989
0.9302791948
0.2911398452
0.2869934505
0.4114727578
0.7730984582
0.9013673284
0.2901998476
0.3676409936
0.8535355499
0.9663980265
0.7463572762
0.3893164491
0.2868962887
0.5491744788
0.5570452584
0.3176341253
0.360193796
0.4636367863
0.6274532022
0.6724207777
0.5284270694
0.5942170952
0.9849103161
0.6578118761
0.7256806373
0.6926859341
0.2882509158
0.419269512
0.6476466907
0.3015792296
0.6440240608
0.2868952382
0.4690113939
0.8595512776
0.3582691544
0.7611897954
0.8920674155
0.3081806958
0.325616411
0.2874764552
0.2877440795
