 2.7168e+00,-1.3800e+01
-1.2132e+01, 6.8778e+00
-9.5769e+00, 6.8655e+00
-6.9469e+00, 3.2234e+00
 8.8748e+00,-1.0448e+01
 2.1380e+00,-1.1867e+01
 1.4537e+01,-9.4688e+00
 2.5080e+00, 1.1482e+01
-1.4617e+01, 5.3582e+00
-1.7631e-01, 1.1676e+01
-7.7859e+00, 7.6927e+00
 1.0645e+00, 6.2710e+00
-5.5929e+00, 1.0085e+01
-2.6868e+00,-7.5331e+00
-1.3926e+01,-4.9164e+00
 4.9437e+00,-7.0127e-01
 1.0293e+01,-8.4926e+00
-3.5818e+00, 6.7487e-01
 2.5825e+00, 4.0497e+00
-1.0874e+01, 4.2386e+00
 1.2968e+01, 5.0976e+00
-3.9625e+00, 8.0656e+00
 2.7639e+00, 7.4457e+00
 1.4186e+01, 3.9486e+00
 4.3257e+00, 6.5887e+00
-4.1235e+00,-3.1409e+00
-9.2545e+00,-3.3600e-01
 8.7306e+00, 1.5053e+01
-1.1261e+01, 1.0796e+01
 6.0476e+00, 2.0713e+00
 1.1302e+01, 1.1635e-01
-4.5159e+00, 1.6614e+01
 1.3344e+01,-4.9914e+00
 5.1536e+00,-8.8297e+00
-2.1367e-01, 1.3808e+01
-1.6273e+01,-5.8893e+00
-2.0556e+00,-3.4911e+00
-1.1356e+01,-2.2090e+00
 8.0940e+00,-8.7996e+00
 1.5011e+01, 7.5990e+00
 6.9077e-01,-1.0216e+01
-6.5314e+00,-1.2916e+01
-1.7717e+00, 7.5704e+00
 1.1292e+01, 9.3867e+00
 1.6932e+01,-4.3459e+00
 2.9673e+00,-3.3610e+00
 1.3115e+00,-7.6106e+00
 1.3288e+01,-7.0569e+00
 1.0287e+01,-6.4021e+00
 1.6304e+01, 6.0056e-01
-8.6832e+00, 1.1130e+01
 2.5933e-01,-1.6476e+01
 1.9480e+00, 1.5382e+01
-6.0584e+00,-8.8816e+00
 2.3248e+00, 1.3438e+01
-7.4829e+00,-1.0630e+01
-1.3684e+01,-7.3011e+00
 1.0267e+00, 5.8601e-01
 1.4011e+01, 1.3094e+00
-7.7034e+00,-6.6312e+00
-1.0873e+01,-1.0213e+01
-2.0733e+00, 1.3654e+01
 1.5531e+01,-5.9397e+00
-7.0077e+00,-3.8047e+00
-2.0940e+00, 1.5317e+01
 6.0248e+00, 3.7222e+00
-1.5625e+01,-8.5942e-01
 8.2823e+00, 4.7946e+00
 3.0029e+00, 4.3476e-01
 1.0297e+01, 1.3831e+01
-1.2624e+01, 1.6121e+00
 5.3242e+00,-1.0980e+01
-1.3365e+01, 8.4665e+00
-1.7512e+00, 2.6473e+00
 8.2276e+00,-4.4354e+00
-8.9819e+00,-3.8313e+00
 7.5868e+00, 6.9828e+00
 4.6465e+00, 8.3415e+00
 4.7936e+00,-4.2940e+00
 7.6409e-01,-2.9119e+00
 5.9317e+00, 1.3592e+01
-3.6423e+00,-1.3883e+00
 1.1100e+01, 1.0928e+01
-5.3418e+00,-4.3441e+00
-5.6716e-01,-1.2261e+01
 1.4729e+01,-2.6877e+00
 1.2061e+01,-1.0874e+01
 1.2803e+01,-3.5191e+00
 5.1116e+00,-1.4589e+01
 6.9343e+00,-5.6725e+00
-7.5267e-01,-1.5092e+01
 4.5182e+00,-1.3052e+01
 1.7118e+01, 3.4740e+00
 7.8126e+00,-1.4178e+01
-8.1812e+00, 1.3694e+01
-4.5286e+00, 1.2498e+01
-1.2816e+01,-1.1731e+01
-4.0653e+00,-5.2941e+00
-8.2693e+00, 2.2315e+00
-1.4667e+01,-8.4686e+00
 6.3310e+00, 5.5811e+00
-1.3802e+01, 2.8805e+00
 8.3541e+00,-1.2003e+01
-5.8117e+00, 6.9276e+00
-1.2628e+01,-3.5679e+00
-1.0343e+01, 1.3924e+01
 6.6276e+00,-1.5695e+01
-4.5819e+00,-8.0822e+00
-2.0456e+00,-9.6119e+00
 1.2788e+00, 2.9677e+00
-1.3844e+01,-1.4876e+00
-2.5184e+00,-1.2347e+01
-9.1825e+00,-1.4549e+01
-1.0660e+01, 8.6812e+00
 1.2044e+01, 1.2409e+01
 3.5543e+00,-7.4897e+00
 1.0282e+01,-1.3639e+01
 4.4443e+00, 4.5418e+00
-1.7316e+00, 1.6842e+01
 1.4967e+01,-5.6434e-01
 7.2378e-02,-8.5397e+00
 7.7151e+00,-7.0175e+00
 6.1480e+00, 8.8900e+00
 4.4988e+00, 1.1030e+01
-3.2225e+00,-1.5117e+01
-6.9589e-01,-5.8414e+00
 2.9187e+00,-1.5929e+01
 1.0533e+01, 4.8041e+00
 8.5408e+00, 1.0510e+01
-3.5813e+00, 9.9061e+00
-9.2032e+00,-1.2426e+01
 8.4636e+00, 8.3127e+00
 2.1157e+00,-1.4641e+00
-1.2856e+01,-8.8838e+00
-3.0018e+00,-1.6853e+01
-1.2718e+00, 1.0017e+01
 9.5339e+00, 6.6114e+00
-1.0148e+01,-8.8494e+00
-1.1633e+01,-7.3633e+00
 8.7430e-01,-5.6298e+00
 1.6083e+00, 9.8942e+00
-4.3667e+00, 3.8076e+00
-1.0222e+00, 5.6610e+00
 1.4572e+01, 9.1610e+00
 4.4677e+00, 1.4342e+01
-1.5137e+01, 6.9379e+00
 1.1139e+01,-3.0863e+00
-7.7780e+00,-6.1978e-02
-6.3945e+00, 1.2644e+01
 1.5488e+01, 5.0053e+00
-1.6254e+01,-2.7070e+00
 9.2462e+00, 9.1964e-01
 6.4369e+00, 3.0568e-01
-4.9271e+00,-2.6249e-01
-9.2945e+00,-7.1728e+00
 3.4162e+00, 1.6021e+01
-8.2317e+00, 4.7508e+00
 1.0939e+01,-1.4548e+00
-1.6324e+01, 4.2385e+00
-1.3269e+01, 1.0038e+01
-9.4584e+00, 3.3695e+00
-1.2487e+01,-6.0451e+00
 7.0464e+00,-1.1078e+01
-2.1560e-01, 1.6458e+01
 1.2905e+01, 3.1454e+00
 6.6731e+00, 1.5576e+01
 1.0413e+01, 7.8352e+00
 7.9718e+00, 2.4482e+00
 6.4272e+00, 1.1434e+01
-9.0165e+00, 9.1786e+00
 1.0509e+00,-1.3125e+01
 4.9531e+00, 1.6611e+01
-3.1876e+00, 1.1363e+01
 8.3181e+00, 1.2277e+01
 1.4780e-01,-9.8351e-01
-1.5566e+01, 1.2767e+00
-1.2359e+01,-7.0700e-01
 9.2148e+00,-2.0698e+00
-3.1546e+00, 6.0217e+00
-1.2622e+01, 5.3659e+00
-3.9038e+00, 1.4208e+01
 6.5090e+00,-1.2909e+01
-3.8531e+00,-9.6041e+00
 2.0673e+00,-9.4942e+00
 1.5996e+01, 2.2520e+00
-5.1155e+00,-1.5584e+01
 3.5479e+00,-1.0122e+01
-1.0732e+01,-1.3505e+01
 5.1739e+00,-1.6608e+01
-6.1861e+00, 1.5005e+01
-7.9558e+00,-1.3482e+01
 1.3269e+01,-9.2660e-01
 1.6535e+01,-1.9896e+00
-8.6303e+00,-9.2329e+00
 1.2964e+01, 9.1041e+00
-4.8924e+00,-1.1217e+01
-1.7443e+01, 6.5977e-02
-1.1125e+01,-4.5847e+00
 5.7683e+00,-2.8822e+00
-1.6722e+01,-4.1758e+00
-7.4297e+00, 9.3198e+00
 1.7424e+01,-4.4166e-01
 9.9847e+00,-1.1889e+01
-1.1326e+00, 4.1456e+00
-6.3849e+00,-7.7059e-01
-1.0858e+01, 5.9390e+00
 3.2261e+00, 5.5218e+00
-6.5383e-01, 1.0947e+00
 1.1254e+01, 1.8097e+00
-1.5092e+01,-3.9721e+00
 2.7048e+00,-5.5526e+00
-5.0050e+00,-1.3880e+01
-9.6213e+00,-5.5162e+00
-1.0089e+00,-1.7420e+01
 1.4650e+00, 1.7418e+01
 3.3092e+00, 2.2591e+00
-7.2062e+00,-1.5097e+01
-1.2261e+01, 1.2324e+01
 3.7429e+00, 1.2593e+01
 7.1032e+00,-1.5690e+00
 2.5643e-01, 4.7448e+00
-1.6630e+01, 2.5639e+00
-1.8813e+00,-1.3921e+01
-5.7101e+00, 1.0363e+00
-2.1242e+00,-1.9299e+00
 2.8159e-01, 7.7276e+00
 1.1786e+01,-6.7239e+00
-1.7426e+01,-1.5294e+00
-1.0833e+01,-1.9879e-01
-1.0612e+01, 1.4637e+00
 1.2811e+01,-8.5337e+00
 1.2154e+01, 7.3548e+00
 1.1170e+01,-4.9034e+00
 3.3054e+00, 9.0257e+00
-8.7465e+00,-1.8070e+00
 1.0658e+01, 3.2397e+00
-5.3806e+00, 8.5874e+00
-2.0450e+00, 2.4494e-01
 5.5598e+00,-7.2573e+00
-5.9951e+00, 5.4161e+00
-5.5189e+00,-6.6052e+00
 1.5139e+01,-7.8493e+00
-6.6986e+00, 1.1141e+01
 5.8522e+00, 7.2251e+00
-1.0287e+01, 1.2335e+01
 1.0468e-01, 9.3586e+00
 1.1746e+01,-1.2956e+01
-1.6798e+00, 1.2000e+01
-2.1223e+00,-5.2674e+00
-9.4363e+00,-1.0700e+01
 4.4103e+00,-6.0424e+00
 4.8335e+00, 1.1107e+00
 1.5202e+01,-4.1199e+00
 1.2923e+00,-1.5084e+01
-1.4086e+01,-9.9051e+00
-1.4906e+01, 8.4994e+00
