0.6563618464
0.4183891643
0.978559552
0.4776193944
0.3324895009
0.6771763364
0.6992856473
0.7069429649
0.8387062127
0.7315393306
0.9300443958
0.9482573408
0.4227199669
0.9150517947
0.3074804445
0.8083905276
0.3215001012
0.8781078749
0.5315089226
0.3960932103
0.9558142541
0.3259130323
0.3572101603
0.6026958942
0.2938546884
0.4019262152
0.2874953571
0.3133104671
0.6624257985
0.6637711731
0.4326854178
0.5924771161
0.3890067678
0.4157769648
0.2865507639
0.3558950191
0.762547706
0.3010947376
0.8249066317
0.830224352
0.3442702909
0.3019606963
0.9361521593
0.2871176568
0.5198080966
0.4426818194
0.3013090068
0.3353225081
0.3030008498
0.5515857136
0.3092027876
0.2876276659
0.5366168831
0.288355225
0.9198849971
0.3099986707
0.426715931
0.7840048315
0.6185943059
0.6213180762
0.2956443734
0.325348319
0.3265955915
0.4803547158
0.4557189547
0.6095105563
0.5292935281
0.462456279
0.3859535282
0.3668596226
0.7909372068
0.3713994414
0.7317525449
0.4858550667
0.366087291
0.3086793692
0.6419323038
0.9699585991
0.3497577809
0.8030196949
0.5284083332
0.3468498518
0.4973981198
0.4822542622
0.3195930629
0.8879599531
0.7036668622
0.7810099573
0.8862654064
0.7104278883
0.3896901165
0.3017419875
0.2874953571
0.3248992292
0.4446665038
0.5599004246
0.4261426784
0.9355527504
0.5180511063
0.5143260824
0.6787340437
0.9242039576
0.313026687
0.5849902963
0.4146630883
0.9401606628
0.5500162087
0.4606112645
0.3513045412
0.5004154141
0.286598588
0.2995688074
0.2872887431
0.2889730128
0.6666832832
0.6095105563
0.8630941358
0.3236765598
0.3085061737
0.3240082186
0.5466571229
0.5217877064
0.698188072
0.8917703413
0.3374650137
0.3033801045
0.2957587436
0.721466556
0.4085984333
0.7362190809
0.9665663633
0.8587199815
0.9928929781
0.5630540445
0.3188647731
0.2971835877
0.3152383006
0.4628670385
1
0.4238576506
0.6061032274
0.5938391366
0.3108980772
0.5500162087
0.6170050826
0.3811107166
0.7279075673
0.4694757332
0.3410826574
0.6800681075
0.3139781031
0.8289465828
0.2867732779
0.2884953973
0.2980592827
0.2861647484
0.9851727696
0.6269894822
0.7834069885
0.6615284306
0.2866622906
0.5187096802
0.2862129453
0.3696654051
0.7173668414
0.3177354866
0.9093945008
0.2878864661
0.2869276915
0.2862810445
0.2906314269
0.2874739136
0.2872887431
0.3013090068
0.2863617082
0.7934918623
0.3003217765
0.2876503252
0.4424837847
0.297554877
0.5339497261
0.3696654051
0.5062612389
0.3096433536
0.3919230528
0.384272869
0.2924808672
0.6619771592
0.6267627201
0.8435007799
0.5047423569
0.9757860945
0.4301719878
0.3725105064
0.8167187595
0.8520531448
0.7733606194
0.3006005434
0.286960664
0.8247221342
0.344674317
0.7796075365
0.3172283238
0.2873489022
0.424617901
0.2862215017
0.6615284306
0.401213182
0.5668883716
0.2863299326
0.289393643
0.2885526778
0.3702942714
0.6704852476
0.3176337461
0.3487818866
0.4850063368
0.5480000649
0.2976173435
0.2864336351
0.3248992292
0.434433886
0.4026408838
0.5220078556
0.2891635248
0.3363256355
0.6265359495
0.7551115624
0.3926137945
0.2880364787
0.8198991333
0.6024687464
0.8577025178
0.4189512966
0.6036044986
0.9598730887
0.4085984333
0.3237869628
0.286188498
0.4024620637
0.3607680932
0.3763641733
0.3298511393
0.333834944
0.3399078734
0.2893270323
0.4608159897
0.6426102058
0.2863454714
0.8271147586
0.2862260418
0.2899876703
0.3791348165
0.2863376148
0.8523980833
0.8917703413
