0.3768831524
0.2966216034
0.836270037
0.935110746
0.417849866
0.7948325795
0.4502894183
0.3883528366
0.2965037599
0.2870306321
0.2870746463
0.3320774814
0.3599148032
0.8173050672
0.6432193782
0.3447313134
0.7989354057
0.5509863377
0.3432575427
0.7285975987
0.5975838288
0.3351417668
0.2886562903
0.3152437059
0.8932206506
0.2961542649
0.5577286778
0.3225604866
0.4280785313
0.3599148032
0.6255407528
0.8521693486
0.2864692336
0.7977661798
0.6200895877
0.5575036057
0.3029125603
0.4686753104
0.4774417793
0.6592339017
0.4916453549
0.31813868
0.4661914669
0.5119705451
0.3051474265
0.9148270553
0.6123618959
0.3964686931
0.9252093952
0.6366548591
0.3321983207
0.4897227133
0.2873007915
0.4818657934
0.8657474885
0.6196351607
0.5987203654
0.4219851828
0.6420883974
0.5258125894
0.9527960327
0.9290429359
0.3955940183
0.3796584034
0.2885464726
0.288573667
0.3450010565
0.8513031183
0.3964686931
0.2946566422
0.3362668632
0.2871834486
0.5152516808
0.9336470978
0.5220620236
0.3252072226
0.3156352571
0.7379783322
0.826426556
0.2864543763
0.6137259135
0.9458445994
0.4240694344
0.7744989107
0.2898033976
0.3063570608
0.4354306025
0.4514970407
0.8293662892
0.4820771132
0.2948707408
0.4051783671
0.7424225297
0.4577787324
0.5656190165
0.8103017101
0.3572553468
0.2878333276
0.9218148739
0.417849866
0.4918592509
0.5216214996
0.3804810368
0.3017384428
0.2911867023
0.2913091772
0.4539203278
0.6130439168
0.7065210072
0.7495706155
0.9353532717
0.9385876421
0.2884131017
0.750407623
0.3875036274
0.5939476167
0.2893733864
0.9909780644
0.3811412173
0.2951421702
0.2870746463
0.2866013636
0.2884131017
0.3246486902
0.6121345507
0.3437915337
0.2897692839
0.3900595294
0.4259736471
0.9689829811
0.4976542852
0.4091681662
0.2864519292
0.3788386616
0.3907452777
0.6066777925
0.5651675071
0.2895682265
0.2864496569
0.3110114767
0.3227777372
0.3439253757
0.3757502302
0.293726755
0.3489735108
0.2867773275
0.4728359112
0.5557038158
0.9022628086
0.3506504651
0.8557851411
0.3971703364
0.5110972069
0.5584040226
0.6178172439
0.287104861
0.379330159
0.8776627585
0.331715834
0.3376576347
0.7572802981
0.7675786138
0.3141798068
0.3035153623
0.7253790686
0.7270968849
0.2870598005
0.2864928299
0.4577787324
0.6169081706
0.7714542811
0.3035914487
0.4292311267
0.6906931507
0.7773283392
0.5135005507
0.6082694068
0.8441236755
0.9783799541
0.2864438887
0.7132763281
0.8884941322
0.479966565
0.2966216034
0.4480825053
0.679154805
0.6418621575
0.4071672472
0.3023937104
0.2868826772
0.3376576347
0.4933580132
1
0.9889574518
0.3301638268
0.3609602332
0.756450389
0.4189732453
0.3407513205
0.7688047969
0.4231206909
0.3403601913
0.2870163095
0.8368103308
0.6318946624
0.6578842412
0.3523466217
0.2893415178
0.2864360228
0.3076874101
0.3076874101
0.99816742
0.6807127888
0.2966216034
0.6264488768
0.7443204351
0.3698587731
0.2864692336
0.3309964627
0.5026199122
0.2869209351
0.3218048723
0.2965037599
0.2871996891
0.7047716355
0.2951421702
0.6851562182
0.7891188733
0.2864438887
0.690914211
0.7126242576
0.3739816196
0.3020280285
0.549864693
0.97155417
0.3118324103
0.4263555584
0.2864973743
0.9376370361
0.3943739379
0.5013220302
0.8645808421
0.6984102343
0.3137976252
0.4450880324
0.8188063425
0.3170252601
0.3372766311
0.5145946913
0.3231047452
0.2868826772
0.3076030554
0.3572553468
0.6182717529
0.3578427362
0.8746060719
