0.4006349745
0.3041784425
0.3087603715
0.476529936
0.7838443636
0.8529314592
0.3280944783
0.5006281812
0.8879977268
0.5183032324
0.3029877091
0.3331735503
0.3186644003
0.2940462829
0.2879025177
0.679361094
0.4196394601
0.7878511474
0.3645921727
0.3812676427
0.298899935
0.3566947859
0.6500940073
0.3164634534
0.3545257153
0.5972866258
0.4194517271
0.3132108152
0.5382558381
0.4378843577
0.2945890443
0.4918026586
0.2942904333
0.2894758984
0.2893664538
0.4690120602
0.3182586401
0.7989330903
0.8464244437
0.6905019243
0.30471261
0.93151679
0.4194517271
0.3978083673
0.7392933364
0.387453511
0.3913763972
0.958917677
0.2918402535
0.3519620537
0.4803194569
0.6487348674
0.4506040968
0.4550499541
0.6314746242
0.5492309519
0.8553645929
0.440836064
0.4070917896
0.7692163032
0.6795846297
0.4715087355
0.5575607437
0.3564038716
0.3225344337
0.4742240085
0.2887229386
0.9565390987
0.2874278365
0.6856092239
0.7190692128
0.6742122229
0.6294262353
0.3001959598
0.9928110528
0.2874504469
0.4052849538
0.2908278335
0.3099662059
0.4685968697
0.3623206175
0.826628764
0.7856505399
0.2903198218
0.4646659405
0.47276059
0.5251422006
0.4773703309
0.2993459363
0.9831611616
0.5544050387
0.9037420177
0.3530961467
0.3720497798
0.6813718986
0.9374903188
0.66522543
0.8752211304
0.5382558381
0.3925818945
0.7632380116
0.2881794138
0.3711020852
0.5490062976
0.3045591712
0.9686040072
0.2922887521
0.3200001885
0.919697243
0.5075750318
0.3104044837
0.6086868492
0.2887455117
0.7528203173
0.8162996516
0.6902798585
0.496527424
0.9279255185
0.4754808443
0.325156322
0.6407954324
0.2928456189
0.4883829246
0.4138636639
0.4432106433
0.2886343899
0.9490695647
0.9030079974
0.2878306944
0.838905767
0.3410985642
0.3243826076
0.3802793231
0.5706779915
0.6824880115
0.7272929932
0.9497388419
0.5580119238
0.4131250968
0.8601824415
0.55170386
0.3636801368
0.355101243
0.5822584817
0.5607208398
0.36735537
0.5205051932
0.3698453182
0.3578636615
0.700681058
0.8532800308
0.5286863815
0.2957904944
0.6604924875
0.2873812116
0.8024510535
0.2881268793
0.7264303067
0.8478407077
0.7555420067
0.3170562485
0.8711132066
0.335627854
0.3036523157
0.6733153315
0.6089148909
0.3635285724
0.5911346489
0.2888142769
0.2889565123
0.677124213
0.8101894915
0.3420138772
0.3260495942
0.2872769088
0.2873384403
0.5952354883
0.2878588989
0.4078173444
0.5209460687
0.2905859144
0.2907231158
0.7866517667
0.4422198217
0.2890299817
0.5738532636
0.5913624158
0.3320880464
0.9047657033
0.3698453182
0.5300178501
0.3159737491
0.4159026746
0.2949967352
0.2874001423
0.509101111
0.5407135117
1
0.7661300906
0.4022366986
0.5445188881
0.6922772914
0.324602915
0.2876192154
0.4085445008
0.994918172
0.3173547489
0.3781523553
0.2875372016
0.2888375471
0.2889565123
0.2934314844
0.3343934727
0.8843827048
0.3430683342
0.3602263101
0.3614199902
0.4134941867
0.7307365318
0.9587130667
0.2936175747
0.2877124344
0.6514525394
0.2880759176
0.7521909568
0.5868085939
0.2984002745
0.9925349317
0.3094455634
0.3067667683
0.3324485693
0.5636588981
0.8682890505
0.2886126887
0.508882962
0.9482840132
0.9253126153
0.2892075045
0.359336443
0.2887005399
0.7619951609
0.4526204446
0.3509767331
0.7218896373
0.2938540366
0.7253509487
0.615071623
0.3086754469
0.3136777332
0.3110247917
0.7300917546
0.3543821631
0.3894929182
0.7044242342
0.4740147574
0.3023364577
