0.6401030359
0.9699286521
0.2910891039
0.9736999981
0.6507261557
0.2866023158
0.9538156728
0.2907355595
0.9854326233
0.4093834737
0.5969497999
0.9108891562
1
0.5530511698
0.4123169
0.3099617295
0.7680491369
0.3286628762
0.7885878855
0.6845453403
0.2929698866
0.4203217628
0.3244523312
0.2865570466
0.3509599592
0.3618902767
0.6498234627
0.5436390437
0.6482430816
0.7585843146
0.3246747142
0.286983766
0.4315802781
0.3709904922
0.3606898132
0.8281489106
0.6534325032
0.5247504224
0.2878125998
0.3815025755
0.5539498634
0.9060837788
0.3624935461
0.3949278449
0.3916363077
0.6146844698
0.360839427
0.2917948434
0.6149118016
0.328082024
0.2885696025
0.5369459683
0.2961780047
0.6174122041
0.3125979324
0.482750117
0.731650919
0.3207640239
0.5104835797
0.891320678
0.4417509885
0.2934525395
0.8470094047
0.4009135876
0.3181641821
0.3223696795
0.3088233804
0.3508191997
0.8733796065
0.6421398674
0.3458412885
0.6938405959
0.4370289993
0.4421465892
0.46252087
0.5227649989
0.2865250595
0.7731417283
0.6731865506
0.2970631567
0.9059407804
0.3185737177
0.2942084106
0.9059407804
0.7935220594
0.4479182363
0.4079261653
0.8991136264
0.7128987965
0.7852096023
0.3935372017
0.6547846686
0.2877694949
0.8356155368
0.3778890949
0.6709509676
0.3473437498
0.6140024546
0.3134430753
0.5098293795
0.7556801749
0.3174534245
0.286983766
0.291881128
0.3004920334
0.406294276
0.2941054199
0.7773906501
0.5735772784
0.4068373426
0.289758568
0.286845396
0.2931609039
0.4339073585
0.4764305495
0.4627262894
0.3156605585
0.3126912077
0.4005581448
0.2900349498
0.4869924172
0.3243413645
0.3283139226
0.4899753969
0.3156605585
0.992923671
0.4158324151
0.5262967218
0.5389510686
0.3205525202
0.3356672874
0.6101372563
0.3984341984
0.3196083057
0.3203416261
0.3044635772
0.85533938
0.2870536406
0.67987718
0.2948405949
0.2951658289
0.9147634195
0.7657967996
0.286845396
0.75193062
0.2864607317
0.5438625972
0.2873412832
0.526517768
0.2876647766
0.4485190281
0.9629663302
0.4929690438
0.3949278449
0.3187794079
0.4844442952
0.3937106571
0.5951315053
0.6832129192
0.2871904019
0.8418866378
0.5595748722
0.9932116888
0.3199216691
0.9507458375
0.6778726105
0.7243620388
0.8631439458
0.7777939128
0.6962654473
0.3413021359
0.7535992432
0.3010501397
0.4081079832
0.8943474501
0.7376130644
0.3256828428
0.6698322151
0.3224779357
0.7692747174
0.2867478934
0.289758568
0.3306652472
0.665799592
0.5964951995
0.4897619696
0.4637544145
0.6212753533
0.2883326384
0.4855050213
0.2875644085
0.8270455154
0.2901414385
0.8491094567
0.2866818363
0.5512549261
0.8418866378
0.3020522392
0.7544322653
0.2960055152
0.5289516437
0.3474811515
0.9403108628
0.2961780047
0.6128657026
0.8848459438
0.9353070279
0.3963253133
0.2886517124
0.3336864213
0.9383071378
0.4718311724
0.3494189482
0.3629473224
0.7475343447
0.2937503003
0.9092057229
0.8188719783
0.4149039405
0.2885696025
0.3199216691
0.6398766519
0.3689485288
0.4439307306
0.5024437507
0.4523398742
0.3276199983
0.4689203114
0.9530827589
0.5598001522
0.4987715214
0.4687128795
0.2876647766
0.587861973
0.3467954982
0.4645781414
0.2873589191
0.3312622231
0.5113564633
0.3815025755
0.2876443549
0.517266351
0.2864726188
0.3522327784
0.5422983162
0.8386734719
0.3966757407
0.2907741548
0.2883071766
0.3175544986
0.2918379001
0.3345485324
0.2864589836
0.3991405159
0.389236007
0.5398430163
