0.7795902056
0.2857580469
0.8709576935
0.9823731255
0.2890426737
0.3091597035
0.9148407409
0.2976574282
0.3689313348
0.6300839285
0.4578515881
0.5013595691
0.3431966103
0.4513707688
0.2857386938
0.8924830083
0.4783426845
0.3286297149
0.5076408068
0.5141781937
0.65061734
0.8226963701
0.3171376154
0.924301859
0.3576807168
0.3302857052
0.2910827695
0.716677944
0.3308840409
0.2950690699
0.9179182247
0.984429577
0.3027542833
0.4451646539
0.3906229487
0.5143967659
0.5920049671
0.7386636617
0.4262403802
0.3416019603
0.4810791303
0.2893551212
0.9482857827
0.7246314261
0.3507558181
0.7069271621
0.5056873082
0.4998493395
0.3959992843
0.3868704443
0.6189879491
0.4714421375
0.6803368043
0.832732477
0.2874860328
0.7781895412
0.9431373921
0.3114185214
0.3514630959
0.6217070296
0.4451646539
0.8637424925
0.3126320413
0.2955271791
0.3878885949
0.6033420935
0.6047029111
0.7895051332
0.3137757072
0.5435706442
0.2859489368
0.2958778108
0.3392473202
0.3597565284
0.4453637087
0.2864795223
0.2861031836
0.5545346947
0.2857414835
0.2862685511
0.2906610065
0.4517736385
0.5549834261
0.3089832754
0.4355078283
0.5994866581
0.4946897279
0.3329454174
0.792252461
0.8652318231
0.2965362991
0.8111136882
0.2857386938
0.3038316368
0.3961744131
0.6871959892
0.3479599168
0.3152368389
0.8699836139
0.5743515438
0.9340914559
0.3791983891
0.7361278168
0.5026559198
0.3791983891
0.3667507535
0.3205705595
0.4306565184
0.4142005217
0.9692017618
0.4066894078
0.3336828881
0.7745739824
0.6654184352
0.6289526347
0.6497174836
0.4796044217
0.2877425878
0.7019125478
0.4000536397
0.5198742436
0.6962202027
0.5420094307
0.7508175797
0.6440870714
0.5408951194
0.381176708
0.8176867286
0.3259715103
0.2921646212
0.2871559529
0.306081662
0.2896814947
0.8095989518
0.3865319438
0.2860160423
0.364747436
0.2857885576
0.2874860328
0.2890426737
0.5165847468
0.5999402122
0.2885843641
0.3099614873
0.6357363179
0.2910398243
0.3669057156
0.8627457804
0.2906610065
0.3981077398
0.3754530754
0.2859959984
0.3238346184
0.5518442068
0.3189895351
0.7220584842
0.3982841223
0.6071977446
0.7123544338
0.3826712198
0.4088708904
0.9179182247
0.9895184533
0.5536375
0.2917019215
0.4149419465
0.6318934595
0.3181603369
0.4481585335
0.8230653102
0.8786372189
0.2872238247
0.2857885576
0.6676525056
0.2861509329
0.5411179248
0.3316068239
0.3092481559
0.9637102314
0.3033660093
0.3406809231
0.2930905746
0.2862685511
0.7497767215
0.3075093575
0.2874860328
0.3156323697
0.9235329048
0.4226272449
0.4695719576
0.4449656765
0.2857658926
0.2879048261
0.285717771
0.3909667008
0.286384932
0.3658235586
0.869169502
0.4260494185
0.4940468206
0.2951257455
0.31244362
0.2858276094
0.6040225002
0.2859062303
0.3463080868
0.416429311
0.7825813419
0.3222945449
0.5585763869
1
0.3266574426
0.6607191757
0.2871115719
0.3831714281
0.9778252518
0.5395588918
0.5669044359
0.7218437842
0.8703086535
0.7354927547
0.6253309015
0.9185804182
0.6264629405
0.7789902928
0.2860263254
0.4030853511
0.4065082582
0.776384242
0.8281990179
0.6194411912
0.2857744356
0.3333135077
0.6907243325
0.7407714214
0.2857543855
0.2859580007
0.3102316008
0.3267722816
0.9513476747
0.4654347445
0.2860263254
0.7994506899
0.2858607323
0.4635816134
0.5809080641
0.7799898366
0.2857360785
0.7257015823
0.5678062225
0.4756163168
0.550052419
0.3894232331
0.9317942055
0.3138720273
0.3479599168
