0.4021405606
0.6656230211
0.7933664346
0.5424591781
0.3836379349
0.4178650992
0.4431176086
0.3630613129
0.496367117
0.3141020923
0.6447005423
0.3633649279
0.7560087033
0.4173045894
0.4573859385
0.2912247805
0.529783538
0.9112869733
0.2874995302
0.9313690813
0.8852602495
0.3019876038
0.2862824567
0.4543402691
0.771807838
0.2874362367
0.2881135414
0.3238158152
0.3044123705
0.2920936483
0.413035487
0.2865647771
0.406455677
0.3055256497
0.4880242956
0.3209940306
0.2972715385
0.6918665492
0.6756774599
0.3998276735
0.4695175679
0.8156639355
0.3836379349
0.5058721154
0.9414010322
0.979728181
0.2864308753
0.3823050122
0.8210897283
0.7249713619
0.5433523843
0.2884086107
0.2868738683
0.9114256435
0.5703265343
0.32250078
0.3063402778
0.4048307066
0.656870082
0.3093181428
0.5841354484
0.3131490255
0.2874995302
0.3153644284
0.6308992544
0.288607293
0.6095648693
0.3131490255
0.6467323467
1
0.7083140983
0.7328832105
0.3806491059
0.3600528744
0.4360326282
0.5565755505
0.3369872332
0.6969319061
0.7015405994
0.3762357685
0.6449263622
0.3164530808
0.391096905
0.3106542702
0.765078384
0.2870199067
0.3048063199
0.7298969684
0.3102944747
0.309848302
0.7008831898
0.8707700693
0.309848302
0.9643913212
0.339678611
0.854536962
0.5882179375
0.3916132231
0.7281864519
0.4629082842
0.2899410355
0.4075434783
0.9020689421
0.3028772785
0.8720730701
0.400359873
0.3662741461
0.8179165275
0.5932109575
0.9006153451
0.4165585513
0.3041779513
0.4441098442
0.4044707055
0.5073927425
0.3042559284
0.2942978715
0.8386022536
0.6245502922
0.3215287499
0.9526076903
0.3105640834
0.2868585126
0.3386460084
0.8235019386
0.5174389974
0.54469303
0.3081034359
0.286798832
0.8895701982
0.326055473
0.3194126758
0.6107006902
0.3052043269
0.4569789152
0.5308912504
0.9780598202
0.5993422827
0.6240965421
0.8216475015
0.8013532617
0.9168933693
0.4288628278
0.3563639873
0.3120260566
0.4169313831
0.5619773865
0.3160550366
0.6534950341
0.4374020079
0.2862941566
0.7026355463
0.738192581
0.2877218012
0.3578299076
0.506740771
0.75621603
0.2875425947
0.3826375621
0.5523079331
0.3242589656
0.4745182535
0.8722355551
0.9487759468
0.9000312846
0.2932757243
0.2866618285
0.2861902484
0.4985190266
0.527349616
0.2937783186
0.2861998539
0.2863709874
0.5655848846
0.4023191927
0.8126443215
0.7943464496
0.4325301047
0.4820859222
0.290424425
0.2996631318
0.2864788871
0.4171179395
0.3528987911
0.2869370328
0.5262447018
0.3186864629
0.8562469985
0.2871071329
0.345516845
0.2862201125
0.2865762983
0.5437991555
0.3413756685
0.4635249901
0.3635169232
0.6059300575
0.3989427451
0.6356558389
0.7400965022
0.2874782586
0.5375548366
0.405010858
0.4651725208
0.303254933
0.3022078096
0.7931702336
0.327774241
0.6437971068
0.5317780304
0.9276136182
0.2922298736
0.7230374615
0.2865879938
0.7925812354
0.4659978994
0.2862061411
0.2896927951
0.4484987934
0.4395620068
0.9954536592
0.9844447351
0.9660261566
0.3378774575
0.7072240801
0.8854153956
0.3247045112
0.2955004101
0.3107446154
0.2866119079
0.3733409804
0.9359960986
0.5527567643
0.3611000757
0.4108281737
0.5024049391
0.2870199067
0.6638303212
0.5982066375
0.3635169232
0.4470982621
0.288011443
0.4873859313
0.4959373422
0.4350569842
0.3887003854
0.3347300109
0.2879614343
0.5458109868
0.979728181
0.8118865548
0.8961985509
0.420868563
0.6279523946
0.3936882129
0.2877218012
