 1.2126e+01,-5.7929e+00
 8.0448e+00, 4.3547e+00
 5.0080e+00,-4.8480e+00
 8.4731e-02,-1.0923e+01
-8.9552e+00,-1.0299e+01
-1.1780e+01, 5.4714e+00
 1.2018e+01, 4.1345e+00
 1.3745e+01, 3.9464e+00
 1.4487e+00,-1.1583e+01
-6.9771e+00,-1.3838e+01
-6.5427e+00, 6.6483e+00
 4.0662e+00,-1.3586e+01
 3.9917e+00,-6.4646e+00
-1.0089e+01, 8.2336e+00
 4.9132e+00, 1.1413e+01
-1.2975e+01, 1.0483e+01
-6.7092e+00, 8.8809e+00
 6.2656e-01,-4.4075e+00
-1.6843e+01, 2.6990e+00
 2.6737e+00,-2.9442e+00
-4.5022e+00, 2.2347e+00
-1.2541e+01,-9.8999e+00
 1.6254e+00,-1.7361e+01
 8.7261e+00, 8.9525e+00
-6.4808e-01,-7.2294e+00
 1.5813e+01, 6.9317e+00
-6.7856e+00,-1.5570e+01
 7.9266e+00, 1.3117e+01
-1.4277e+01, 6.9791e+00
 1.2923e+01,-1.0605e+01
 1.0203e+01, 8.4642e+00
 1.7412e+01, 1.1994e+00
-1.3736e+00, 1.3239e+01
 1.5565e+01, 3.7997e+00
-4.0198e+00,-1.1059e+01
 1.1034e+01,-1.0716e+01
-6.6005e+00, 1.4925e+01
-8.4735e+00, 1.0245e+00
-1.2438e+00,-8.7471e+00
-1.2774e+01,-3.7200e+00
-1.1999e+01,-1.0549e+00
-1.7343e+00, 6.2928e+00
-6.1086e+00,-1.2223e+01
 1.1041e+01,-3.6421e+00
 1.8598e+00, 3.2284e+00
 6.9958e-01,-2.0800e+00
 7.2710e+00,-1.5809e+01
-1.3669e+01, 3.2874e-01
-4.9331e+00, 4.0188e+00
-6.1992e+00, 5.1237e+00
 9.7400e+00, 5.2202e+00
-8.5411e+00,-1.4625e+01
 1.2388e+01,-1.2097e+01
 4.0734e+00, 2.0926e+00
-4.3455e+00, 9.5768e+00
 2.2604e+00, 1.5171e+01
 5.0342e+00, 1.5133e+01
-1.3003e+01, 2.3985e+00
-8.4338e+00, 3.4240e+00
-8.7867e+00,-1.2974e+01
-8.1657e+00,-6.1238e+00
 1.2525e+01, 9.4845e+00
 1.5987e+01,-6.4226e+00
-1.5356e+01,-1.4623e+00
-6.2041e+00,-7.1852e+00
-1.2069e+01,-1.1825e+01
 4.3716e+00, 8.9856e+00
-4.3512e+00,-1.4925e+01
 1.1052e+00,-9.2482e+00
 2.7909e-01, 7.0066e-01
 6.5642e+00, 5.3482e+00
 7.9509e+00, 1.3724e+00
 1.3190e+00, 1.3791e+01
-2.9278e-01, 1.4300e+01
-1.1104e+01,-6.0046e+00
 1.6000e+00, 1.0673e+01
 7.9210e+00,-1.2590e+01
 2.7348e+00, 8.1711e+00
 8.3506e+00,-1.8953e+00
-3.2999e+00, 1.3517e+01
-4.9933e+00, 7.9022e+00
-1.3297e+01,-7.7397e+00
 1.3532e+01, 2.0752e+00
 1.4956e+01,-5.0562e+00
 8.7003e-01,-7.3442e+00
-1.5196e+01,-7.9126e+00
 9.7618e+00,-1.2649e+01
-7.8489e+00,-9.8955e-01
-1.5273e+01, 3.3287e+00
 1.5806e+01,-8.9798e-01
-2.2590e+00, 8.1891e+00
 2.8131e+00,-4.6535e+00
-4.8575e+00, 1.4975e+01
-1.6890e+00,-2.1962e+00
 1.3150e+01,-6.8958e+00
 2.2057e+00, 5.3971e+00
 4.3372e+00,-9.2901e+00
-7.5871e+00,-1.1154e+01
-4.5333e-02, 8.0800e+00
-6.7990e-02, 1.2294e+01
 1.4872e+01,-8.0658e+00
-7.4816e+00, 1.0918e+01
-4.6064e+00, 9.5257e-02
-6.7150e-01,-1.5979e+01
 4.0569e+00, 3.6990e+00
 9.0810e+00,-9.9063e+00
 1.3898e+01,-2.9596e+00
-6.0184e+00,-2.0881e+00
 7.7014e+00, 6.7953e+00
 4.3397e+00,-2.0810e+00
 1.1139e+01,-6.9938e+00
 8.9016e-01, 1.5995e+01
 1.2684e+01, 9.0863e-02
 7.5524e+00,-1.1000e+01
 6.4521e+00, 9.6480e+00
-1.5352e+01,-4.0071e+00
-1.3669e+01, 9.1408e+00
-5.8766e+00, 1.1542e+00
 6.1116e+00,-7.5545e+00
 1.2330e+01,-9.1840e+00
-2.6759e+00, 1.7940e+00
 5.3698e+00,-1.4760e+01
 1.6978e+01,-3.6356e+00
 1.4892e+01, 6.7682e-01
-2.4889e+00,-5.7863e+00
-3.1918e+00, 1.0909e+01
 1.0918e+01, 1.5627e+00
 1.3888e+01, 7.7622e+00
 1.7347e+01,-1.1012e+00
-3.4883e+00,-3.4470e+00
 9.2177e+00, 1.2164e+01
-1.1472e+01, 1.0181e+01
-9.8001e+00,-1.2338e-01
-8.6227e+00, 1.3366e+01
 9.1873e+00,-8.3396e+00
 1.1099e+01,-1.7470e+00
 2.3719e+00,-1.6783e-01
 9.5795e+00, 3.4430e+00
-8.6779e+00,-4.0709e+00
 5.9182e+00,-2.6398e+00
 6.8826e+00, 1.6978e-01
-3.9922e+00,-1.3904e+00
-6.8173e-01,-1.2799e+01
 4.1033e+00, 1.3822e+01
 1.7650e+00,-1.5526e+01
 8.0119e+00, 1.0455e+01
-1.0037e+01, 3.3278e+00
-1.4265e+01,-5.7978e+00
-2.8348e+00,-8.7170e+00
 1.0711e+01, 7.0225e+00
-1.3317e+00, 1.7437e+01
-4.3944e+00,-7.1279e+00
 6.8136e+00,-4.0827e+00
 4.1577e+00,-1.6589e+01
 3.3026e-01,-1.4279e+01
-7.4099e+00,-8.7113e+00
 4.5693e+00, 6.1524e+00
 1.2802e+01, 1.1549e+01
-1.1643e+01, 7.2200e+00
 9.7477e+00,-4.8250e+00
 6.6527e+00,-1.3711e+01
-6.5021e+00,-1.0055e+01
 5.4602e+00,-5.0017e-01
 1.2307e-01, 3.4483e+00
-1.2367e+00, 4.6007e+00
-1.6472e+01,-3.7631e-01
-1.5943e+01, 6.5693e+00
-1.4415e+01,-9.8778e+00
-1.1085e+01,-3.2746e+00
-1.6354e+00,-1.1027e+01
-1.0382e+01,-1.2757e+01
-1.5497e+01, 8.0707e+00
-1.6589e+01,-4.9551e+00
-1.6903e+00, 1.0484e+01
-4.6197e+00,-1.2462e+01
 9.7082e-01, 6.5541e+00
-4.1861e+00,-5.3808e+00
-4.2642e+00, 1.2064e+01
-1.1733e+01, 1.5978e+00
-3.0228e+00, 1.6550e+01
-1.6041e+01, 1.3360e+00
 3.2174e-01, 1.7416e+01
-6.0468e+00, 1.1583e+01
-1.3430e+01, 5.0771e+00
 1.4821e+01, 9.0407e+00
-9.8774e+00,-5.0923e+00
-1.0844e+01,-1.0818e+01
 5.6540e+00, 1.4179e+00
-1.6507e+01, 4.6000e+00
-2.5665e+00,-1.4341e+01
-1.7214e+01,-2.6233e+00
 1.7170e+01, 3.1239e+00
-7.7713e+00, 7.6346e+00
 1.0051e+01, 1.0901e+01
-1.0424e+01, 6.3049e+00
 1.2751e+01, 6.4545e+00
 7.6568e+00,-6.4695e+00
-9.8756e+00,-8.9530e+00
-7.8964e+00, 5.1915e+00
-3.6939e+00, 6.9036e+00
 7.9892e+00, 1.5267e+01
 2.8877e+00,-1.0642e+01
 5.3075e+00,-1.2210e+01
-9.7235e+00,-7.2315e+00
 1.6008e+01, 1.9039e+00
-1.0745e+01, 1.1893e+01
 6.4787e+00, 2.7454e+00
 6.4440e+00, 1.3762e+01
 9.4773e+00, 4.1405e-01
 3.1098e+00, 1.0752e+01
-2.1947e+00, 3.3674e+00
 3.7911e+00, 1.6277e+01
 2.4714e+00,-7.7328e+00
 1.4356e+01,-9.8360e+00
-6.1743e+00, 3.0101e+00
-1.1685e+01, 3.2244e+00
-2.5208e+00,-1.7297e+01
 1.0830e+01, 1.3060e+01
-8.6750e+00, 8.9519e+00
 2.9703e+00, 1.2375e+01
-8.8925e-01,-6.4713e-01
-1.2036e+00, 1.4945e+00
-2.5865e+00,-7.4888e-01
-6.8047e+00, 1.3160e+01
-7.0369e+00,-4.3596e+00
-8.2495e-01,-4.9716e+00
-2.0316e+00, 1.5103e+01
 8.0500e+00,-1.4337e+01
 1.5485e+01,-3.0924e+00
-5.5530e+00, 1.6428e+01
 1.4034e+01,-8.3290e-01
 3.9005e+00,-1.1794e-01
-4.9964e+00,-9.4842e+00
 2.1274e+00,-1.4057e+01
 1.2553e+01,-4.3315e+00
 9.5227e+00,-6.7251e+00
-8.3977e+00, 1.5035e+01
 5.9667e+00, 6.9568e+00
-9.7981e+00,-1.9365e+00
 1.1704e+01, 8.1945e+00
-2.7621e+00,-1.2162e+01
-1.0524e+01, 1.3404e+01
 4.3954e+00,-1.1002e+01
 6.8195e+00,-9.5460e+00
 1.2740e+01,-1.6043e+00
 6.9915e+00, 1.1804e+01
 1.3963e+01, 5.5442e+00
-3.8681e+00,-1.6574e+01
-9.6249e+00, 4.9806e+00
 1.5349e+00, 1.7049e+00
-5.4438e+00,-3.5258e+00
-2.1473e+00,-4.2569e+00
 2.7731e+00,-1.2690e+01
-2.4724e-01, 9.6642e+00
-1.3278e+01,-2.0220e+00
 1.3841e+01, 1.0242e+01
