0.9644722576
0.6932707152
0.3487979198
0.2892478515
0.4320807766
0.4120564229
0.577773369
0.3687239331
0.883744117
0.8378006265
0.4696635999
0.2928682506
0.5014854339
0.292541789
0.3981840435
0.3405849527
0.329303692
0.3452350058
0.4466359038
0.8865477473
0.5493583821
0.6934913535
0.4478351924
0.6132067025
0.350052491
0.2871055508
0.3130078412
0.525094668
0.4426585046
0.2905669247
0.8489520322
0.2919576998
0.4033384009
0.7654497544
0.7192687116
0.2961809159
0.3534507798
0.6451862826
0.3079090261
0.5222273709
0.3665501101
0.5574449261
0.293447326
0.5242117482
0.6892935461
0.2890019208
0.4999732695
0.9618369806
0.3609222406
0.7681111125
0.2995521627
0.3809359004
0.7519999388
0.89069834
0.2864500921
0.5439853053
0.3811011006
0.2872532677
0.3566324845
0.2936958391
0.2963553929
0.3267565579
0.3835928191
0.9894146259
0.2965903827
0.3319218473
0.7652446302
0.424214798
0.5058188788
0.2864818994
0.2884355675
0.3148215079
0.4750850791
0.2866199491
0.3021420033
0.8727301209
0.9930275478
0.8761265743
0.5572198993
0.7364145963
0.4198677485
0.3966021972
0.3645532356
1
0.7846654433
0.3015628934
0.5954756301
0.2865636837
0.2919139666
0.355903827
0.9739247942
0.7433991735
0.3819288208
0.3677893463
0.3667045832
0.2876114437
0.4759229259
0.3607725275
0.9043378994
0.3988898123
0.8947824746
0.6225229861
0.287219222
0.5392969783
0.337876778
0.2892793711
0.2864925598
0.3009239965
0.6175249784
0.7362021079
0.3554681925
0.5866179929
0.6057045364
0.7986566321
0.6501542838
0.9561120386
0.6211601691
0.6025217201
0.684862241
0.9070561545
0.4820263725
0.4428566268
0.4640800859
0.3112509324
0.2865563444
0.9826239363
0.5900235569
0.6804186819
0.4301487354
0.2900164947
0.5421977744
0.9034724171
0.3016347061
0.6325084095
0.3079940144
0.4408789944
0.3301290757
0.4408789944
0.6508310985
0.3496330943
0.3776561503
0.305594737
0.3081644724
0.394680453
0.3322843269
0.8527710949
0.2920899259
0.7105910726
0.4669691996
0.3715540106
0.4448421959
0.3634867153
0.2884355675
0.5644309643
0.5359562358
0.6553389689
0.2864058743
0.3318013108
0.2871055508
0.9186599315
0.9059157913
0.315113037
0.3950289045
0.2864981521
0.8007944224
0.6236584858
0.6365878485
0.5088633743
0.348243825
0.288382745
0.3019236033
0.7492823587
0.345641424
0.2865222683
0.2874339471
0.8360017819
0.7896293678
0.4675899978
0.6542127101
0.3212358789
0.414271176
0.3917359342
0.2887670647
0.8270762347
0.407487265
0.5734709374
0.2928211016
0.355178421
0.7679067409
0.4226973302
0.778656608
0.4852027892
0.6254749121
0.3201770362
0.2873964181
0.413716193
0.4603851056
0.3758721567
0.3734624538
0.8058145714
0.2885161018
0.8079244221
0.512572048
0.3120760508
0.718187644
0.4971713999
0.2939486
0.8035033476
0.2868278515
0.4816038361
0.6300136846
0.2929155701
0.8363621728
0.9218496254
0.2876114437
0.5321786908
0.2939996616
0.429570803
0.2868778097
0.3320425289
0.6501542838
0.5893423062
0.3225265357
0.3113419795
0.7937678362
0.9297010166
0.9572252573
0.4644920088
0.3487979198
0.9091779422
0.3712376193
0.8908507937
0.5162931484
0.4856272854
0.6859712412
0.5372916981
0.6413421238
0.2959506359
0.2869171103
0.4920214076
0.2865353747
0.7701516098
0.2880803852
0.3157003017
0.2865491798
0.3734624538
0.3224181484
0.3647060954
0.3054342787
0.2864357609
0.7429774101
0.7848647657
0.2882537245
0.7398077867
0.5943395125
0.3088527154
