0.8064307416
0.4265598695
0.2943841155
0.9626855661
0.5443435618
0.7413277805
0.3994808091
0.3484831363
0.2869737323
0.3868510494
0.3007433988
0.303105771
0.4561686479
0.7874231694
0.286934355
0.3017236637
0.3210737465
0.8610561784
0.5205763849
0.3201269324
0.4600433057
0.4751603035
0.935177266
0.9838069908
0.6248099163
0.9396419544
0.3887169882
0.3441307692
0.2924783756
0.6220804826
0.4016112503
0.3813349668
0.3199182122
0.9607361939
0.6847655254
0.9992687781
0.3443986838
0.8363367351
0.3413510958
0.3028835934
0.2898359643
0.2884591723
0.4012551401
0.6951815259
0.6635165636
0.7783980939
0.5881691071
0.2926566507
0.3567226403
0.5666235104
0.2943331483
0.390596327
0.9018973191
0.6954023556
0.6054635246
0.3431974162
0.6794203973
0.4362252378
0.296504091
0.4770479701
0.5483769383
0.2998622461
0.6626169304
0.3469712551
0.6081957601
0.3733767664
0.2945896841
0.391283019
0.4709837308
0.7140403193
0.9821327816
0.4844355278
0.3314519781
0.8924757671
0.8123702587
0.4146995978
0.3454758449
0.6056912085
0.2952226876
0.4743229609
0.287109525
0.2888100141
0.3400490396
0.8697586899
0.4676610632
0.2870034827
0.6031867476
0.3280445709
0.3058067069
0.3993039486
0.4886890107
0.3137546194
0.5146453585
0.717300246
0.2938328334
0.3161680446
0.3441307692
0.3005375654
0.3013698467
0.5207966187
0.8197455164
0.8774246471
0.9727226178
0.4749508738
0.2922161016
0.9670064943
0.3971898046
0.4135894251
0.3695832067
0.4869849054
0.5139882254
0.8017865893
0.6958439125
0.6086511328
0.5118005759
0.7814204861
0.352831519
0.2869226289
0.8171106002
0.869593507
0.8240431879
0.3558496899
0.3031801588
0.2930214141
0.3256547708
0.2873556769
0.4933934402
0.9133247531
0.3923163318
0.544567405
0.4203016427
0.4075460319
0.8869285729
0.2868438672
0.2873422079
0.5870325189
0.3239881237
0.8169218483
0.6011378002
0.5122377587
0.790799286
0.7227124822
0.4938224069
0.4372034799
0.2870713794
0.2873028491
0.3279292848
0.8073932744
0.3567226403
1
0.3683342645
0.7524868381
0.4451029431
0.3174615484
0.3488983111
0.7046454473
0.5118005759
0.8856799458
0.2997956285
0.3387610295
0.9051003046
0.3364782662
0.8188061097
0.5822613856
0.3217118233
0.5693379803
0.4497025356
0.665090056
0.562105189
0.28803757
0.2884118342
0.2897397079
0.2868461427
0.5553428824
0.8116076674
0.4863467928
0.9298148212
0.59294489
0.3222477383
0.460862292
0.8015922279
0.6336726035
0.5838512772
0.704206749
0.8466987758
0.5376418127
0.2900666177
0.6668869516
0.8106528369
0.540765966
0.6352617655
0.8048870886
0.2870533559
0.3196062818
0.2952226876
0.2903057418
0.6982700094
0.4985548014
0.4586127987
0.3746567007
0.7645269844
0.2947456441
0.2957688318
0.2885314841
0.6207154279
0.2893406054
0.6912008513
0.3674027199
0.2870360319
0.8895627365
0.2970890675
0.4203016427
0.3449361652
0.3914549653
0.3099218276
0.9257041652
0.3895695801
0.7022307741
0.2965618306
0.2876279808
0.49146573
0.9716160962
0.8791909452
0.5524188115
0.2868302144
0.4755793503
0.4317524224
0.9162230842
0.2872171276
0.7138226634
0.3097463094
0.4375953582
0.4186121629
0.7524868381
0.3117120831
0.9846870896
0.3095714308
0.6157086842
0.4741137823
0.3187812257
0.3292055637
0.3911111819
0.2901002598
0.9516549218
0.287315794
0.3677127416
0.3149008557
0.6125216436
0.380016481
0.3262178119
0.7628773882
0.4437112602
0.2947456441
0.2997291773
0.5740939528
0.5218983762
