0.9816599586
0.3446234153
0.2884613868
0.876266758
0.506619661
0.3666802355
0.5410794834
0.5853696081
0.5541003878
0.3965095311
0.415640441
0.7070266484
0.911758952
0.4617014929
0.3831911865
0.6232132515
0.7952080539
0.8849317703
0.4531438442
0.3763056411
0.6154615564
0.5125136085
0.3566430996
0.2881350909
0.3028488221
0.4160121313
0.6398281594
0.2874757799
0.4451162768
0.7856568188
0.295074372
0.9525202709
0.6795398874
0.3151850679
0.3201882645
0.385363755
0.492146347
0.4594479034
0.3735777918
0.5613203126
0.6572790632
0.3180396256
0.3831911865
0.4576104779
0.3615151082
0.7358595695
0.7624030383
0.5350513994
0.3075018526
1
0.5926572916
0.4608810152
0.3331400086
0.4370195762
0.291082408
0.9110503059
0.2983555377
0.4572029547
0.5279383602
0.2976300478
0.2886886454
0.3281808258
0.3146109045
0.9344046209
0.9829131909
0.7392748577
0.7810283317
0.2880545031
0.5057493424
0.2875587062
0.3907927741
0.3858678455
0.4806570299
0.9461458281
0.4930039145
0.2873535661
0.5559031911
0.3850282613
0.6988790647
0.6884609797
0.290461729
0.2877401316
0.6355088571
0.5105452891
0.5681083572
0.992684877
0.9176167733
0.4344813372
0.7026287271
0.5956200845
0.4246646981
0.609987548
0.843262249
0.5522991253
0.3000103443
0.2876128753
0.9942539923
0.6150054344
0.2991687879
0.2893359187
0.3753389266
0.2875941181
0.3138541687
0.8298099188
0.5277166611
0.6931248852
0.3660650261
0.2884223366
0.29332531
0.7950105943
0.8053839529
0.8234894321
0.5022757183
0.3272657784
0.2964188695
0.5239534568
0.4553727078
0.9342797844
0.6719215731
0.2960865178
0.3227268483
0.3185450228
0.7354317969
0.3174382699
0.8900991136
0.3652988272
0.7692133476
0.3463760898
0.3166451751
0.5478030611
0.3816984378
0.6115842279
0.4395719533
0.3473294491
0.3072552549
0.2946665738
0.7059285617
0.3880639605
0.6405097485
0.3705702245
0.7218628661
0.3414492202
0.3473294491
0.5419744538
0.4309906369
0.6877935662
0.6350539506
0.8844571641
0.3103103377
0.8759409044
0.7315733797
0.3090974383
0.3189521279
0.8778907811
0.5226278888
0.6318684272
0.2943186998
0.8327542113
0.3168425137
0.655018427
0.3649932251
0.8778907811
0.3402796593
0.7426776912
0.3064438118
0.6721460722
0.4930039145
0.3911358668
0.2891060483
0.8073197958
0.2895798854
0.296031719
0.4258076458
0.6268589008
0.9316350001
0.3737372948
0.3803794045
0.5061844074
0.2873930202
0.8121289841
0.3439555202
0.3913075781
0.707465619
0.3793950127
0.2923656762
0.3058854794
0.3088416307
0.9547832868
0.7170834894
0.2887322337
0.4378034282
0.3277221107
0.8786995063
0.3164484607
0.2895798854
0.9330258857
0.8349496364
0.600408011
0.2898085681
0.8063527367
0.854374825
0.3339916407
0.5090168891
0.3882336775
0.2879490257
0.3723061111
0.2889844381
0.3797226767
0.3235925628
0.7997313489
0.2896928364
0.9524113555
0.7569942797
0.4983829453
0.5444380563
0.3513500272
0.288645755
0.2899873765
0.3257992117
0.2919970766
0.2883093775
0.3287575635
0.2906623905
0.2876733509
0.2876323332
0.8277745034
0.3029215327
0.3071733799
0.2874450967
0.3016380349
0.2882911624
0.4968735245
0.5164608623
0.3132932456
0.862963663
0.6384646384
0.2878132158
0.3217645594
0.3541886453
0.7546948406
0.5592874144
0.4718413622
0.4379995996
0.2874187959
0.96738082
0.3609170861
0.440162946
0.6507181299
0.8298099188
0.365604931
0.605425557
0.4467118776
0.2875760617
0.2873709261
0.2873525139
0.3274936464
