 4.8438e+00,-5.7140e-01
 2.3223e+00, 5.3216e+00
 1.1835e+01, 2.3655e+00
-3.4367e+00,-1.0423e+01
 3.7848e+00, 1.6200e+01
 4.6112e+00, 1.0186e+01
 1.2339e+01, 4.8915e-01
-3.8613e+00,-6.1908e+00
 5.5826e+00,-8.3513e+00
-1.0836e+01,-1.2350e+01
 1.0180e+01,-1.3766e+01
-6.9901e+00, 1.3040e+01
-1.4429e+01, 7.9779e+00
-7.5860e-02,-1.4982e+01
-1.7222e+01,-1.8895e+00
-1.2291e+01,-5.6074e+00
 1.1984e+01,-8.1546e+00
-1.5219e+01, 1.4980e+00
 1.1677e+01, 7.5617e+00
 5.2683e+00,-5.5646e+00
-3.9406e+00,-8.8828e+00
 1.3978e+01, 7.7545e+00
-1.0744e+01,-5.5993e+00
 8.3805e+00, 1.0452e+01
 7.2606e-01,-1.2118e+01
 3.9049e+00, 4.3025e+00
 2.7660e+00, 8.8700e+00
 7.2654e+00,-5.3862e+00
 1.4475e+01, 2.4981e+00
-1.5009e+01,-2.9837e+00
-6.1704e+00,-4.0226e-01
-5.8318e+00,-1.5076e+01
-1.5723e+01,-1.9408e-01
-6.8954e+00,-6.1386e+00
 9.2361e+00, 6.4285e+00
-1.8398e+00,-1.6105e+01
-1.5254e+01,-5.6169e+00
 1.3944e+00,-1.4467e+01
-8.4462e+00, 4.4975e+00
-1.0269e+01, 1.6100e+00
 4.2116e+00, 1.4070e+01
 7.5634e+00,-1.5626e+00
-1.1865e+01, 1.1071e+01
-1.4354e+01, 9.7833e+00
-1.6247e+00,-6.3621e+00
-2.8466e+00, 2.0679e+00
 2.3268e-02, 6.0577e+00
-3.1031e+00,-3.7706e+00
-3.3563e+00, 1.0902e+01
 2.6821e-01,-7.1662e+00
 1.1170e+01,-4.4558e+00
 1.1381e+01,-1.8157e+00
 4.0682e+00,-1.6086e+01
-7.0702e+00,-4.5024e+00
-1.3301e+00, 1.0284e+01
 9.2864e+00, 1.2321e+01
-1.4637e+01, 5.4589e+00
 1.2591e+01, 1.0389e+01
-6.8384e-01,-1.3232e+01
 1.5146e+01,-3.7960e+00
 6.4222e+00,-2.8658e+00
-4.6935e+00, 6.6544e+00
 4.1643e+00,-9.9587e+00
-1.3374e+01,-1.0069e+01
 1.0477e+00, 4.2098e+00
-1.6822e+01, 1.9513e+00
 6.7724e-01, 7.4512e+00
 9.5149e+00, 1.5264e+00
-5.8123e-02, 3.1340e+00
-1.4119e+00,-6.2347e-01
 1.9327e+00, 2.1974e+00
 6.3051e+00,-9.9350e+00
 6.9222e+00, 1.1509e+00
-1.1529e+01,-9.4269e+00
 7.3936e+00, 1.3536e+01
 1.3798e+01,-7.3914e+00
-1.2551e+01, 4.0895e+00
-5.4893e+00, 9.4155e-01
 4.7036e+00,-1.1704e+01
 1.7235e+01, 2.5683e+00
-6.9030e+00, 5.9920e+00
-1.1749e+01, 1.2709e+00
 1.4304e+00,-4.9976e+00
 1.3467e+01,-4.4975e+00
-8.0909e+00,-9.2679e+00
-9.9584e+00,-1.2090e+00
 1.5619e+01, 7.8345e+00
-1.5012e+01, 3.0340e+00
-6.0836e+00,-1.1259e+01
 4.7645e+00,-2.7649e+00
-1.6754e+00, 1.5849e+01
-6.2826e+00, 2.7649e+00
-8.4974e+00,-1.5045e+01
 6.8985e+00,-1.1881e+01
-4.2858e+00,-1.0708e+00
 3.0860e+00,-2.8670e+00
 1.3211e+01,-2.8496e+00
-1.0312e+01, 7.9405e+00
 2.6343e+00,-8.6915e-01
-8.7997e+00, 1.3079e+01
-8.9541e+00, 8.6313e+00
-8.1884e+00,-1.7189e+00
-1.5447e+00, 8.0648e+00
-4.7827e+00, 1.2149e+01
 8.2365e+00, 5.2531e+00
-8.4427e+00,-5.8541e+00
-5.2777e+00,-1.2651e+01
-2.1540e+00,-1.1741e+01
 1.6710e+01,-3.3815e-01
-1.3251e+01,-1.0699e+00
 6.8498e+00, 9.1281e+00
 1.0559e+01, 1.3163e+01
-1.6255e+01, 4.5399e+00
 1.7049e+01,-3.7711e+00
-5.5863e-01,-8.8798e+00
 5.6932e-01, 1.3498e+01
-5.4355e+00,-4.8835e+00
 7.8659e+00, 7.1492e+00
 9.5742e-01,-8.6352e+00
 9.1227e+00,-9.1843e+00
 6.1671e+00, 1.4916e+01
 9.7473e+00,-1.1412e+01
-3.5328e+00,-1.6227e+01
 1.5943e+01,-6.3009e+00
-3.8851e+00, 1.3794e+01
-1.2396e+01, 9.6391e+00
-1.1570e+01, 6.8032e+00
-1.0153e+01,-1.4079e+01
 8.2041e+00,-1.3921e+01
-7.6072e+00, 1.3019e+00
-6.7751e+00,-1.3423e+01
 1.3529e+01,-1.0299e+01
-3.1567e+00, 6.0795e+00
-6.6421e+00, 1.6065e+01
 9.3615e+00, 1.4530e+01
 1.4848e+01, 5.7577e+00
-5.4604e+00,-2.8937e+00
-1.2142e+00,-2.5262e+00
-2.0275e+00, 1.3337e+01
-9.7749e+00, 3.0352e+00
-3.5809e+00, 1.6424e+01
 8.3051e+00, 3.7165e+00
-8.0835e+00, 1.0373e+01
-6.5092e+00, 9.3306e+00
-3.8271e+00, 8.3551e+00
-2.4019e+00,-1.3795e+01
 1.1168e+00, 1.0174e+01
 4.5003e+00, 1.4402e+00
 1.1879e-01, 1.5758e+00
 9.0655e+00, 8.4850e+00
 2.9754e+00,-7.1608e+00
-1.0179e+01, 5.2364e+00
-9.2277e+00,-4.2822e+00
-1.4149e+01,-4.4124e+00
 6.2309e+00, 3.4212e+00
-8.3628e+00, 6.6054e+00
-1.1931e+01,-7.6520e+00
-1.3453e+01,-7.9483e+00
-9.1795e+00, 1.5266e-01
-7.6119e+00,-7.5994e+00
-6.0472e+00, 4.2698e+00
 2.6524e+00,-1.0631e+01
 6.8936e+00, 1.0785e+01
 1.1314e+01,-6.4134e+00
 9.5041e+00,-4.7736e+00
 9.7813e+00,-8.0042e-01
 1.2872e+01, 3.6765e+00
 6.3278e+00,-1.3448e+01
 1.3588e+01,-1.0698e+00
 2.2251e+00,-1.7236e+01
 5.2472e-01,-1.0839e+00
 5.1532e+00,-1.4855e+01
 8.2974e-01, 1.5393e+01
-1.7443e+01, 1.7692e-01
-1.0814e+01, 9.4201e+00
 6.3511e-02, 1.7426e+01
 1.1135e+01, 5.8037e+00
-1.1895e+01,-3.8441e+00
-6.6739e+00, 7.6025e+00
-2.6969e+00,-2.1459e+00
-2.0906e+00, 3.5755e+00
 5.0132e+00, 1.2367e+01
-4.3647e+00, 2.0098e+00
-1.6350e+00,-4.2494e+00
-4.5722e+00, 1.5143e+01
-1.1381e-01, 1.2133e+01
 9.3727e+00,-7.6457e+00
 7.5984e+00,-8.1750e+00
-1.2639e+01,-1.1796e+01
 2.8538e+00, 1.3048e+01
-8.3597e+00,-1.2032e+01
-1.2680e+01, 7.8183e+00
 1.6258e+01, 4.2730e+00
 1.1776e+01,-1.0800e+01
-1.0295e+01, 1.2433e+01
 5.2857e+00, 6.1743e+00
-3.7346e+00,-1.2651e+01
 1.5879e+01,-1.9233e+00
 2.8354e+00,-1.5103e+01
 1.4109e+01, 9.6748e+00
-2.4391e+00,-8.5529e+00
-6.8027e+00, 1.1439e+01
 4.1808e+00,-1.3626e+01
 1.3157e+01, 5.2315e+00
-1.0569e+01,-2.8015e+00
-1.0095e+01, 1.3935e+01
-3.5293e-01,-1.6650e+01
 4.2883e+00, 7.9704e+00
 1.2729e+01,-1.1981e+01
 8.0946e-01,-1.0414e+01
 2.1584e+00, 1.6121e+01
-5.6481e+00,-7.7421e+00
-7.3513e+00,-2.9865e+00
-3.8930e+00,-1.4518e+01
-9.6590e+00,-8.7452e+00
-4.8703e+00, 9.9043e+00
-9.2447e+00,-1.0571e+01
 1.4040e+01, 1.0165e+00
 1.1232e+01,-1.2671e+01
 1.0173e+01, 3.9733e+00
 1.0657e+01,-9.5799e+00
-8.2748e+00, 1.5240e+01
-4.0481e+00, 3.7551e+00
 1.5074e+01,-8.4486e+00
 1.1196e+01, 1.1327e+01
 2.6389e+00, 7.3454e+00
-3.3798e+00, 3.4880e-01
-1.3407e+01,-3.0359e+00
 2.9390e+00, 1.0890e+01
 6.2645e+00, 7.6742e+00
 8.2278e+00,-2.4979e-02
-1.3642e+01, 1.7325e+00
 1.0140e+01, 9.6097e+00
 1.5912e+01, 1.5830e+00
 1.3201e+00,-3.0212e+00
-6.1876e+00,-9.4172e+00
 8.5400e+00,-3.5105e+00
-1.5808e+01,-7.2684e+00
-1.5999e+01, 6.3470e+00
-1.2334e+00,-1.0453e+01
 7.0108e+00,-1.5052e+01
-1.3075e+01, 6.3054e+00
 6.7267e+00, 5.5484e+00
 6.3952e+00,-6.1624e-01
 1.0296e+01,-3.0668e+00
 3.6211e+00,-5.5116e+00
-1.2028e+01,-2.1971e+00
 6.1111e+00,-1.6264e+01
 2.7585e+00,-1.2563e+01
-9.5069e+00,-7.1089e+00
-5.1530e+00,-1.6555e+01
 8.0106e+00,-1.0674e+01
-1.4077e+00, 1.4832e+00
 1.3096e-01,-3.9538e+00
-1.5636e+00, 5.8206e+00
 1.4573e+01, 4.2024e+00
