0.395881334
0.3102437657
0.5709527258
0.3452170758
0.3563221252
0.4179711541
0.9726501175
0.291597481
0.2869430774
0.7980307328
0.8901941966
0.3305867718
0.2864025343
0.3111438833
0.3085773962
0.3010491828
0.9455839481
0.9975649757
0.3425393083
0.3006983837
0.2865488008
0.4330275129
0.4015303941
0.2898960032
0.8832281461
0.2911004569
0.4599520486
0.6582307314
0.6651931377
0.3000773608
0.4986531501
0.4217299496
0.8076910159
0.2968724806
0.4448190926
0.5390460505
0.2935806757
0.5068788446
0.3479495141
0.3659144488
0.2866317953
0.3038496599
0.7412498436
0.8877383312
0.7538369148
0.3240429592
0.2872730897
0.7237598498
0.7824280945
1
0.8346946204
0.2863958931
0.5003790827
0.8912613168
0.3353380705
0.9237664801
0.6186289884
0.4272447181
0.7342494125
0.3482257386
0.6575558515
0.9295270106
0.4597475804
0.5766107382
0.3230539582
0.2979781824
0.3099768284
0.3521491845
0.4081930023
0.4291636582
0.3208999609
0.6843828801
0.3287014607
0.3936172194
0.761709216
0.71641853
0.4076476783
0.3112347673
0.426097572
0.7127296073
0.4767369978
0.3302304215
0.3857529019
0.9657992177
0.7282688572
0.7321177093
0.2953159295
0.5129825462
0.2867432562
0.7114248241
0.6799383619
0.3642289728
0.8011406205
0.3779624045
0.5138572969
0.2977901335
0.3908555416
0.6633984375
0.2864025343
0.5738937857
0.2865010968
0.369643721
0.325831167
0.2891703121
0.3860899725
0.6826064994
0.3112347673
0.3742432828
0.3248205896
0.8181152946
0.3847443809
0.8073079142
0.9153664884
0.6070371092
0.2934814456
0.544851444
0.2866798407
0.3036963678
0.7200953973
0.4870895007
0.8590598244
0.3107819319
0.3248205896
0.2863972912
0.5464176807
0.6263504088
0.5720836055
0.6941170145
0.4540513669
0.431477853
0.5114533837
0.2866137993
0.287381492
0.7198794512
0.8749532581
0.2998056562
0.3114170104
0.8959331892
0.3020533507
0.287381492
0.7138158146
0.547985226
0.3476738294
0.6923518663
0.5222002486
0.8702354108
0.5623715915
0.2875158829
0.6374607594
0.4642619004
0.3454878706
0.4986531501
0.440856097
0.7011554683
0.4438253744
0.5222002486
0.5470893277
0.456485709
0.2881634279
0.2863946697
0.325380529
0.2876799132
0.289966117
0.9789669726
0.4460141363
0.9088490713
0.296693476
0.534371884
0.7055357086
0.876081072
0.7909709735
0.5305984535
0.8473343641
0.3434702659
0.4074661018
0.6701207172
0.3924055798
0.2883677676
0.5160471229
0.4464131063
0.8310631325
0.4601565869
0.2921191711
0.2886388014
0.9176713357
0.2864722633
0.633155685
0.493280465
0.4236230693
0.9378468391
0.7842258771
0.5506753879
0.448412583
0.2918988058
0.3141304226
0.2864890393
0.5958991607
0.2873629896
0.3535756642
0.5388231616
0.7848240031
0.6329289874
0.2990721597
0.494137927
0.9452473899
0.9518008706
0.2867890239
0.3124306491
0.4100171585
0.421541137
0.299941177
0.397811125
0.3060641033
0.7866149547
0.9296527319
0.3702721137
0.4550644051
0.3671496737
0.6354220451
0.3971079074
0.8330642503
0.8053882278
0.5314854496
0.4735966437
0.3496149358
0.6090831342
0.2869156574
0.6413088151
0.2864093501
0.5977171622
0.4727615888
0.2868009022
0.97739854
0.4287791712
0.2864006118
0.7810263095
0.3014041076
0.5542677771
0.2864890393
0.599989995
0.3310639478
0.3589672638
0.2863909995
0.5972626374
0.2867890239
0.2865073876
0.35956073
0.7344623218
0.9977730139
0.3865964164
0.8032685772
0.8659439162
0.2936305458
0.3558853428
0.3195324545
0.3691737034
