0.8094423572
0.3990928561
0.956028916
0.7744370594
0.8957783288
0.303137437
0.2951191086
0.2888654286
0.4661693794
0.4759633621
0.3058559611
0.4829238526
0.4818649782
0.2878322059
0.2886532815
0.3332950839
0.6528546292
0.8096353747
0.2966053094
0.297398329
0.3790294795
0.2941867466
0.3417258421
0.3027767571
0.516856995
0.6881683586
0.5717361144
0.4770136682
0.4738674903
0.8753493081
0.8174884471
0.3492571997
0.6981639274
0.5917674403
0.3173194741
0.7384485467
0.3135739066
0.7390894623
0.7354519073
0.2877616376
0.6298869244
0.6899501247
0.6168806747
0.7371654171
0.3249652518
0.3509269623
0.6355837209
0.5126867127
0.5847008237
0.5361358809
0.3017888899
0.2876963299
0.9129881363
0.3478806582
0.2879280423
0.6394537738
0.4581563293
0.2894016772
0.8626311714
0.3169243262
0.9975459801
0.5581468469
0.7624817843
0.3396543003
0.6262380944
0.2884459883
0.3171215878
0.3337802745
0.5604066938
0.6191637121
0.4428638363
0.5817402602
0.5862957283
0.3566320966
0.3449004769
0.2980446724
0.728783869
0.2880491375
0.5437416539
0.3312591092
0.2907753239
0.5665187277
0.3003682056
0.5860678544
0.3100693732
0.2885813839
0.2878121947
0.4276546862
0.4152075737
0.2876958033
0.8094423572
0.2906135449
0.3580913994
0.2877221377
0.998704239
0.3851520954
0.9834991751
0.4117007614
0.4476448912
0.4001537514
0.4215692464
0.8874080231
0.2889900602
0.2877137107
0.473239974
0.290125032
0.6008958853
0.314040713
0.9278425962
0.3198455532
0.2878121947
0.5070060621
0.5940486737
0.8136725543
0.3685107837
0.7480157286
0.359415914
0.2942342791
0.3547546287
0.8859873433
0.6854920198
0.9112824893
0.2881693367
0.2951698884
0.3010355545
0.6607764863
0.3210924154
0.558824569
0.7649711022
0.4502535309
0.8462336662
0.9627398949
0.9985237063
0.8922456026
0.3969824995
0.5592764951
0.287946471
0.8861455551
0.4703192828
0.9155207216
0.3052334469
0.7403699858
0.8487213366
0.5435174516
0.2998463582
0.8496059854
0.4251712508
0.6628095925
0.8464118759
0.4211920224
0.2878769661
0.4717780305
0.3625471164
0.544863102
0.3098098785
0.4628690548
0.3313776993
0.4624577643
0.3770780846
0.3453029385
0.4038965177
0.43073191
0.3451686462
0.3721165191
0.4142813267
0.7507605358
0.2878613442
0.3675808902
0.3236523834
0.49746621
0.3637547971
0.3924631044
1
0.2969411098
0.3520509244
0.5885749954
0.2927144187
0.9729792573
0.5597285093
0.5214839554
0.5421728581
0.6072895651
0.6510407538
0.7597759587
0.7576882263
0.4340260088
0.2881438946
0.3136669512
0.3831490553
0.3451686462
0.4022868642
0.2888654286
0.3026336436
0.2979850697
0.488880596
0.556792014
0.9537654059
0.3363656028
0.2877015969
0.9590783562
0.4349995994
0.3116566726
0.2877286333
0.8207093585
0.804983836
0.5740073151
0.2885990959
0.6652921353
0.4905907364
0.2877286333
0.559050521
0.7242421297
0.3611982353
0.6619062004
0.9587670182
0.351628431
0.6573842875
0.8848773564
0.2895260485
0.9253369674
0.4520671268
0.2878464241
0.8758411561
0.3957585555
0.3301984273
0.7633124553
0.3672719205
0.6419560521
0.287919091
0.2975725774
0.370227159
0.71225804
0.4434589535
0.6903952528
0.6410463132
0.2882781143
0.5477821951
0.4867479947
0.8136725543
0.4653426439
0.6462742985
0.3354967418
0.2877568977
0.2876952766
0.3154648287
0.8324602728
0.3016504222
0.3119262631
0.7343794282
0.4291904687
0.325964191
0.9658785566
0.3159474069
0.4508573759
0.3808331324
0.5332376036
