0.4419740251
0.2921000477
0.8806986028
0.2970666498
0.4020164436
0.3167679118
0.7688609854
0.6079809785
0.5262059063
0.8837317302
0.4308303697
1
0.3468102866
0.7484479948
0.9695708023
0.4743849738
0.3968900279
0.7562165179
0.554818552
0.5915631413
0.3348759005
0.7516061001
0.5453763477
0.5911074602
0.8859460987
0.4384256102
0.4556105042
0.6721973099
0.2886255628
0.7048832688
0.5239933979
0.8371978162
0.6489550667
0.3299472998
0.6831660611
0.8289490436
0.4906850996
0.4052423314
0.3395321723
0.2925987785
0.2909972494
0.6066122737
0.5408970454
0.5248779465
0.5640764416
0.786117652
0.3168666667
0.4179081495
0.9925366392
0.3371166682
0.5860971199
0.6150523163
0.3050475029
0.2883131389
0.3005651643
0.9474744707
0.4469457494
0.3325614119
0.3484537541
0.6824964272
0.2903535519
0.4250777208
0.2928574285
0.6631978795
0.2875253978
0.3421299666
0.7772394136
0.3433172605
0.9643186936
0.4011262936
0.4277523463
0.8864183242
0.3285514667
0.795071198
0.4054225192
0.4619419993
0.8635381896
0.8742091177
0.5198002982
0.2891529334
0.7907102194
0.3006324083
0.3395321723
0.3013140008
0.6082090975
0.9553880993
0.2880002401
0.5751831842
0.502530761
0.6809329356
0.9931480415
0.3908225643
0.7877188918
0.337494646
0.3736062697
0.2879709761
0.3146348873
0.6430569014
0.5215640772
0.3542156451
0.2906169626
0.7735733535
0.3481784802
0.8570385392
0.3799156426
0.3479037504
0.3650210486
0.934600596
0.4969114012
0.734203308
0.3129463149
0.6038749762
0.4349040559
0.3892839936
0.373446875
0.541791964
0.656199003
0.7311994718
0.5733671423
0.2942432717
0.3549336494
0.5042665504
0.3970653232
0.2877504973
0.2917033799
0.299447543
0.6733195106
0.4431626894
0.7476038635
0.2897149197
0.3194888393
0.2885231281
0.303755384
0.2918599788
0.2932569918
0.637149243
0.891404937
0.3915092417
0.5494173767
0.2877620661
0.5266488592
0.3582787502
0.9169982372
0.4796383784
0.4712518709
0.9084049539
0.3030905519
0.2993192334
0.8984097677
0.2895465236
0.3233998743
0.2903214055
0.3951429532
0.290257633
0.5527914297
0.3537864293
0.7917041138
0.6898475446
0.745489952
0.3186708575
0.386739735
0.28740125
0.3078563837
0.4296734732
0.6728707067
0.7418847156
0.3923700568
0.4308303697
0.2974162771
0.5215640772
0.5913352971
0.2912135009
0.4586655124
0.4576453616
0.2977719769
0.8079607868
0.3425244758
0.5053529871
0.4290962085
0.9802961425
0.7505547021
0.3275186113
0.6604909868
0.7715283144
0.3468102866
0.2876847623
0.8724000559
0.7171381528
0.2877504973
0.6196132752
0.3060675181
0.4894025899
0.5681516642
0.9881979521
0.9835668243
0.2886677585
0.4175345295
0.2875722112
0.3760115881
0.4011262936
0.6962792147
0.3609445988
0.4321840451
0.3271770071
0.3641071909
0.3621427787
0.3720177577
0.9352228107
0.3604973932
0.3513768106
0.4997168191
0.6444189163
0.2875806268
0.2873880976
0.6643248315
0.2874507011
0.3105098439
0.3033106799
0.8302423002
0.3229669835
0.52244692
0.309464357
0.8291340205
0.320629676
0.6015941085
0.8104644932
0.5257631026
0.2873744188
0.3266106538
0.8797341327
0.9408284111
0.3287826247
0.5566220568
0.4851421716
0.2899792445
0.9233738983
0.2950968656
0.2962745146
0.5713252696
0.7112448923
0.337494646
0.3378739085
0.2877391036
0.8544399541
0.2879008783
0.6376039793
0.3144447434
0.6387406106
0.2885231281
0.4712518709
0.4262218373
0.9434331286
0.2877978231
0.3199015342
0.2883313554
0.572913283
