0.4677402685
0.4328011036
0.7463754644
0.2871978188
0.7033909151
0.6420008543
0.4374801525
0.6320312053
0.9162532645
0.6667870206
0.9710028603
0.8375308636
0.5314619853
0.5064159535
0.9576334823
0.4314455405
0.412557129
0.638378342
0.7175525558
0.2868728488
0.2912091329
0.3249418543
0.9969117969
0.5077206124
0.2865592821
0.4009680773
0.2874337743
0.331667228
0.4842981352
0.6968005735
0.3221974059
0.6959194465
0.6629724619
0.2894679639
0.7194998651
0.9239810074
0.5843095043
0.9645037951
0.8937156479
0.3010910565
0.7003194575
0.505330006
0.5784123561
0.3216598366
0.8703962491
0.3235029989
0.3870790568
0.4453833407
0.476285558
0.9186867271
0.7950043308
0.2964506335
0.4310590072
0.3550032233
0.7402572659
0.3711988596
0.9915053814
0.7355879945
0.6562253147
0.3108078306
0.3456168509
0.3363395254
0.35850964
0.4477789766
0.4915377033
0.2868073143
0.6921685539
0.5206333433
0.9618586659
0.3642124155
0.2865094564
0.4595103388
0.394633171
0.726824723
0.5981676597
0.4441897275
0.7987184865
0.7750712867
0.3065052148
0.3370961629
0.3640600063
0.3666679094
0.2874887796
0.3591012764
0.5359059393
0.8382493867
0.2865461703
0.4623783544
0.8423565521
0.4619678041
0.7722311131
0.8952200605
0.5759197986
0.7009782295
0.318207425
0.4155172077
0.3920342271
0.9633804585
0.3768023574
0.3608884701
0.4530071969
0.5443837672
0.8129491262
0.3108078306
0.8460700095
0.3404337381
0.4043657067
0.286907973
0.4416133213
0.5481898044
0.2904724639
0.5546995095
0.5854443729
0.3790842748
0.8362704503
0.8333752567
0.3111692826
0.3591012764
0.3085204805
0.6663385995
0.3484941073
0.4601237616
0.2996484306
0.297714693
0.448780432
0.6340723407
0.3233933697
0.2874887796
0.6084008447
0.3483557411
0.8480010771
0.3906580739
0.5589751188
0.614085906
0.3700957901
0.7564061874
0.8590409861
0.7772945577
0.8403974463
0.3108078306
0.6079460015
0.4870586062
0.2971638935
0.8099045695
0.2866709849
0.5689044479
0.2866143489
0.2919207987
0.5720708897
0.6915056248
0.7123432353
0.3344703956
0.2873628729
0.2939414207
1
0.8728478463
0.31339113
0.2961030823
0.3195475823
0.314922683
0.3596949641
0.419439063
0.3566010586
0.3081781715
0.3498851669
0.5745608941
0.9222776033
0.2871517022
0.6620739599
0.2869446683
0.3820515623
0.2986628035
0.5120811742
0.526147213
0.6008961511
0.7503605568
0.6320312053
0.5824942213
0.9788891252
0.3034292324
0.5874877045
0.6537467529
0.3325122693
0.7413151464
0.2943001544
0.3364652762
0.4216985102
0.9809949663
0.2873628729
0.4578776515
0.328707546
0.2865138272
0.2866143489
0.3093000458
0.3815544269
0.2869960388
0.4153314875
0.3795762263
0.3098269477
0.2894359156
0.9072053987
0.3326335694
0.3729442039
0.4503867191
0.8409326945
0.4099873037
0.2865846307
0.2961030823
0.6202235798
0.2872617486
0.338112957
0.2949344579
0.930627137
0.9528965709
0.3267474535
0.695037767
0.3256144805
0.2889466671
0.3313072462
0.2865311353
0.5314619853
0.8191706465
0.7930398838
0.705580367
0.3563093719
0.3012322544
0.3152143058
0.2865383032
0.2864979174
0.8883781168
0.2865162748
0.6038524149
0.7253208368
0.2915378619
0.6031701741
0.8201064116
0.7134304564
0.8909845864
0.4990549597
0.5655154258
0.2867671171
0.2866557775
0.2865739669
0.4216985102
0.3963791794
0.4428007631
0.456656128
0.2887746255
0.287507463
0.297838935
0.5430423492
0.3049757651
0.9084823083
0.3386247472
0.9104532684
0.448780432
