0.4375046728
0.8242161101
0.294067868
0.9290701258
0.2916623056
0.6994336964
0.688779774
0.7597131101
0.3669330942
0.7992446071
0.685435316
0.9932799055
0.7729406115
0.6156880972
0.4161018065
0.3065434385
0.7187509125
0.3518808491
0.2929439614
0.29136952
0.3623667519
0.746895931
0.5263065851
0.6883342445
0.562622147
0.2976649631
0.363270911
0.8336785777
0.297723717
0.3195108755
0.2930731622
0.6382630719
0.8817695847
0.3095262261
0.3006749197
0.6035858834
0.3695707224
0.5060930269
0.3136410046
0.9405993898
0.5499853107
0.5419040336
0.3912265585
0.2934700465
0.5170341396
0.3844507802
0.3879856714
0.9241948509
0.9854391453
0.5574232138
0.9659911668
0.3068644701
0.58396914
0.3286602884
0.3507580553
0.7178794601
0.6950038347
0.7694499595
0.6177428291
0.9484538772
0.4347687435
0.5013157849
0.2931165731
0.998486409
0.3703532941
0.3312317075
0.3803083622
0.3094405399
0.7424388624
0.7358196972
0.7409482937
0.379324982
0.8534038651
0.7388147522
0.3482633793
0.4136925167
0.3640278724
0.2963056277
0.8744554825
0.9311362821
0.3001464279
0.3861278331
0.4675801064
0.9359407122
0.8678065245
0.6252738643
0.505440204
0.856192337
0.2916251021
0.2878083964
0.791726692
0.3749523525
0.4202158274
0.4255171246
0.3720857377
0.5599082297
0.4215343742
0.3067036284
0.7504876222
0.2995008686
0.5078359718
0.3448719467
0.479079319
0.6400834145
1
0.2920049144
0.2981397195
0.31582445
0.3762389144
0.3103046443
0.2920829495
0.4238052889
0.7130747853
0.2879821427
0.3324241164
0.6878885913
0.2882542679
0.4640662113
0.2986867157
0.2878015511
0.8509468406
0.8172307252
0.2882542679
0.8208302666
0.3142025503
0.2890527297
0.4991522323
0.385455647
0.6437216307
0.2932919354
0.8482967382
0.7464724055
0.467372862
0.3510379467
0.675362707
0.2996286404
0.4320495275
0.5002333775
0.3861278331
0.2897101407
0.8554971839
0.321381005
0.4295397663
0.7220128914
0.4657173475
0.466544561
0.6156880972
0.3242792632
0.5331934942
0.6154597789
0.41890186
0.402075269
0.3260489647
0.5073999534
0.3249383707
0.3181913567
0.6382630719
0.5814645023
0.6227641576
0.6334811712
0.5669251386
0.2897638934
0.2899293304
0.75657973
0.9478836952
0.2909511148
0.6387182308
0.7306638517
0.8963136205
0.3650929334
0.9757446765
0.3743119479
0.5163745693
0.4018970549
0.5506603568
0.4577104551
0.3583551808
0.4694483262
0.4532421106
0.9501488631
0.3233008351
0.3044448753
0.295821064
0.3418282326
0.4795010807
0.2881076022
0.5385480644
0.561038659
0.287724142
0.9253931769
0.3471687852
0.4993683597
0.3233008351
0.3607210745
0.3249383707
0.2981998231
0.3206478049
0.2902489014
0.4278109562
0.2900431028
0.466958576
0.6577824226
0.4127702273
0.289210958
0.3347299435
0.3369626593
0.289476878
0.6561982866
0.4601626396
0.3347299435
0.2882979466
0.3364624674
0.3759165568
0.7439270072
0.6321140687
0.5873866519
0.6735662547
0.2877285305
0.8309158081
0.5108932788
0.288422128
0.9726341679
0.453646839
0.8647699222
0.5871587484
0.5441451307
0.3102175103
0.2876714784
0.2876851713
0.5434724919
0.6816368175
0.5232080116
0.5646595287
0.2878952744
0.2924019921
0.8105323627
0.290494529
0.4013630369
0.2933362055
0.287758547
0.3108308186
0.4516262106
0.3263850789
0.2881326917
0.8404196604
0.5623958722
0.4516262106
0.2884884202
0.6056408972
0.4888401558
0.2878154172
0.9117771393
0.3700398965
0.4967782234
0.5983352304
0.3263850789
