0.3007530778
0.5530492398
0.4716715797
0.7154974254
0.2875719461
0.4153248214
0.3825293499
0.4827949477
0.5787597395
0.5526004413
0.4635995489
0.4489731556
0.3867231173
0.8422771063
0.2863062337
0.896982876
0.4125499335
0.8748979009
0.8795249155
0.7331016793
0.5595668932
0.959590289
0.9317226489
0.5715209174
0.4459740248
0.2983867749
0.5252128441
0.5941780585
0.8410365165
0.7790553372
0.7139810995
0.286407992
0.3335243994
0.500750219
0.371485826
0.6692380995
0.3601002263
0.3235036249
0.5767224652
0.9850438755
0.2864182893
0.5349568326
0.362353084
0.4459740248
0.316363586
0.311110708
0.2909359583
0.3061714766
0.310656735
0.7738177769
0.3215451877
0.2867927387
0.3007530778
0.335132823
0.299850485
0.3028668057
0.3054392452
0.5557439625
0.3923649229
0.4534025833
0.5153205965
0.447771439
0.3073364598
0.4406196799
0.7150643963
0.9912725017
0.8120358671
0.529412335
0.3649405069
0.568584331
0.5658760705
0.6699085318
0.8135486879
0.2916553889
0.7087671405
0.7623999838
0.6273214309
0.3601002263
0.2870988303
0.299714104
0.2865680208
0.4650409672
0.3318194131
0.2957588749
0.2894048687
0.2866748047
0.3357578771
0.8809457729
0.7369246606
0.2871745062
0.2956441905
0.5302980492
0.4880991177
0.9861997709
0.3558260744
0.2862320447
0.7398871985
0.5921354005
0.6424857181
0.3480214104
0.2981292867
0.3683421338
0.7004658282
0.3117529081
0.5463275348
0.5232281675
0.3424674311
0.8311555692
0.4568496788
0.2864952528
0.3502505109
0.410711989
0.6533102218
0.828603191
0.6166585482
0.8137374685
0.4151391638
0.4027417707
0.5841969173
0.6692380995
0.3274505185
0.8158093109
0.3740354301
0.8236389397
0.9901605052
0.7379838157
0.2888549222
0.8983104785
0.345826763
0.2902281928
0.3095833688
0.4410143177
0.3571409609
0.3909863004
0.9516040635
0.7695576632
0.4112623579
0.2993089359
0.4714633694
0.5449859626
0.3470569921
0.3998918462
0.9080958838
0.2867323783
0.3063359705
0.721972565
0.4985934481
0.4099795234
0.3021223434
0.3543774183
0.2889483466
0.3820308367
0.5991727851
0.2863062337
0.9645760766
0.6696850796
0.4566463318
0.2927551002
0.6445182171
0.4368867551
0.8879414127
0.5848769708
0.5042111131
0.2921472292
0.7033118792
0.343800883
0.4806832896
0.2861155975
0.7474599976
0.601443636
0.3443381106
0.2914816627
0.4198086891
0.7294769566
0.4673126769
0.2963423812
0.8820459032
0.2861208354
0.2931927841
0.6685674411
0.3101171947
0.7024368368
0.28629
0.949799572
0.3746775925
0.5681327869
0.3238347697
0.4070653277
0.2861391677
0.2918318495
0.5175119843
0.9467616994
0.4408169587
0.318803002
0.9551220216
0.9185105725
0.7128967756
0.2915248378
0.8302457183
0.3634141184
0.4938661899
0.6368337679
0.3047201188
0.5912277012
0.7451531064
0.2868239638
0.856516099
0.444182874
0.3695937928
0.3548106475
0.2937464146
0.6082569448
0.8472004318
0.3119378138
0.3151772321
0.5070319409
0.2862744642
0.3543774183
0.3229547195
0.286109312
0.613480025
0.9190432049
0.8210434648
0.2861424849
0.7052785287
0.4169999761
0.5826104572
0.8275047621
0.7836537733
0.3271050864
0.5072492488
0.3036276157
0.9624493833
0.375805926
0.2890753301
0.2861302635
0.7964664086
0.6363812521
0.8911434362
0.2873136332
0.5570925288
0.3674085147
0.3019021999
0.719818467
0.8214151347
0.9449891906
0.3318194131
0.7850466985
1
0.3075054583
0.4108953484
0.4613411917
0.5212465263
0.3260767779
0.8067052624
0.6843747246
