0.3225706293
0.4655951045
0.4996528907
0.4668355771
0.5880443958
0.3014223257
0.6288319322
0.8694289578
0.4256015295
0.2941762321
0.28848486
0.2939812962
0.4278960025
0.5370212503
0.8918296724
0.9650270459
0.2901267988
0.2911237748
0.5050698647
0.756001681
0.3906036072
0.2905216926
0.3178856755
0.6071843776
0.3544473622
0.3098105453
0.3213967455
0.5891825448
0.6976574381
0.5737264373
0.8948864175
0.3452622418
0.3076009392
0.3069430165
0.3117649023
0.5018160032
0.4331049267
0.2990876729
0.3035107189
0.5405940095
0.4296252394
0.868430616
0.6814445408
0.2876244979
0.7737519746
0.7307898196
0.9233889124
0.6655285572
0.4697393958
0.808471948
0.4082723105
0.5905485924
0.9761010367
0.3433901445
0.3945736436
0.3870296177
0.2902556587
0.2872134182
0.6010291231
0.3754788463
0.6709230015
0.4010792864
0.3394704297
0.3119463978
0.3560347766
0.2925633308
0.3256415055
0.9393424145
0.6085523244
0.5219335747
0.2988970737
0.4770546828
0.8455274841
0.2909776149
0.7318630614
0.4580004985
0.31323464
0.9541076869
0.4405413245
0.4381799836
0.2905899321
0.8901329121
0.3065370847
0.5973824994
0.7206464048
0.8789192494
0.472656106
0.6630516331
0.7585034165
0.4080905115
0.3663488255
0.6885722946
0.3982482678
0.3346882873
0.5775851997
0.2988970737
0.3181883023
0.3184923231
0.8151695428
0.7566278495
0.9957316631
0.2875778987
0.4703633302
0.2990876729
0.4714045282
0.5964710131
0.3989535048
0.9912408026
0.3623910586
0.4846580709
0.539923514
0.3921502327
0.5529317791
0.4793696624
0.5015994687
0.2895241232
0.7335778363
0.3900900432
0.8442821068
0.2876008483
0.9692992664
0.4575927387
0.2873003482
0.8830778726
0.3579312333
0.8774658297
0.288282723
0.3059756052
0.7638965888
0.7784261471
0.3299970242
0.3418071393
0.2928691254
0.3431249181
0.2873571278
0.6447383131
0.4225623982
0.3125866352
0.5170894793
0.2877395827
0.4055558608
0.8336324921
0.2990876729
0.4044756454
0.927331117
0.3172846109
0.5403704806
0.7320775712
0.2888685144
0.2917757544
0.3510394916
0.8407025227
0.3560347766
0.7626553622
0.457185268
0.3912898998
0.3106893065
0.4724473485
0.3399857588
0.9496400994
0.2923079171
0.5265752139
0.9215188815
0.7796402232
0.2873176979
0.5423833214
0.3914617475
0.3538740728
0.9400622016
0.3943998391
0.5923704102
0.3433901445
0.3527338502
0.9842212363
0.3316555232
0.2973084794
0.9051485079
0.2879308278
1
0.7457066463
0.440344095
0.2874195107
0.3406330915
0.2964437657
0.6887945331
0.7634830721
0.5527067423
0.2906243114
0.5601453154
0.8217795272
0.7025087521
0.4124810084
0.4718214624
0.6481384134
0.6213168679
0.5230371949
0.2881516123
0.5969267466
0.2885060332
0.7055868503
0.9996293634
0.4852951484
0.3563251035
0.507245075
0.3560347766
0.8262603005
0.4695315491
0.3034363962
0.3496422663
0.627238488
0.4946970007
0.5312331595
0.2884638612
0.3554556952
0.3205546205
0.5809931943
0.8610160337
0.2887273556
0.5164304554
0.3346882873
0.2970741757
0.6470054362
0.2974266427
0.6476852704
0.9219212209
0.3947475558
0.3218214777
0.8387203619
0.2874549055
0.3136084079
0.6950041525
0.708657618
0.82365169
0.3651220008
0.3254182364
0.4216174581
0.2884223869
0.3831720542
0.3646640079
0.3516021403
0.2880122504
0.9197652382
0.8077010321
0.9727420737
0.3977204483
0.33667667
0.3312977103
0.6801047262
0.6058164474
0.3599980971
0.3020555763
0.932700027
0.2874457941
0.4649757843
0.9680231805
0.602168873
