0.5383855107
0.7375680759
0.2995512909
0.7039423616
0.6689587904
0.5323825564
0.4286081752
0.3363313756
0.3771606649
0.2887823349
0.2895742733
0.3395222542
0.2925953792
0.3248026965
0.9578937263
0.3850945002
0.3012126221
0.5847656879
0.5632744912
0.2899927185
0.2918261109
0.4176175752
0.8192865605
0.294124889
0.2864575813
0.3520087483
0.2890240049
0.6013412397
0.2917388548
0.8248603846
0.3117510114
0.2882006621
0.3112928182
0.356034359
0.9721797797
0.3912151662
0.3012126221
0.7943907168
0.4828660029
0.7269070826
0.5795516437
0.8909058841
0.8693963494
0.286333563
0.4288002985
0.2899569003
0.2947607342
0.4316925297
0.7618173911
0.6550435995
0.8655985801
0.5607953521
0.8431240853
0.8758923949
0.307432053
0.6419575478
0.6651520043
0.556294108
0.3052966157
0.3643889269
0.9578937263
0.7093998558
0.5940716363
1
0.4856206445
0.3761876622
0.8986890834
0.4379263817
0.5813645942
0.3721792745
0.2864907659
0.6989007357
0.8779735242
0.9332505236
0.3545848549
0.5843120813
0.9412241503
0.5840852921
0.6500867721
0.5259619822
0.4324670516
0.3908713929
0.3709123544
0.2879747747
0.3052166658
0.7932137489
0.2883590581
0.6424097035
0.4179914547
0.6967027717
0.3666938318
0.6838880968
0.2864271899
0.2864994985
0.3157549222
0.3147765906
0.4219395125
0.7021909556
0.3610592404
0.4723645301
0.765309731
0.5533729699
0.5417301864
0.3639313028
0.3374699244
0.313338347
0.3090613165
0.3314112349
0.5228731667
0.4191153242
0.5003954103
0.3939809243
0.3680901109
0.9467645103
0.6883192828
0.2906279566
0.8887680352
0.6448954891
0.8106126506
0.2971164824
0.3469856503
0.9667663254
0.3939809243
0.2870077406
0.4603822008
0.28827908
0.4595642343
0.3030440903
0.2891489892
0.3364573136
0.4126070856
0.4408775988
0.3514420838
0.316548771
0.9854963804
0.4336313811
0.5453049728
0.5060250828
0.7872935994
0.437142489
0.4686220647
0.3138138506
0.388307023
0.8833458025
0.3235828434
0.8593948068
0.7644894891
0.2862769623
0.3304549347
0.3070129258
0.8424158719
0.2875231527
0.3292726902
0.4468338743
0.3663849014
0.7126626086
0.2863171422
0.3084543364
0.3021521798
0.4612012829
0.6204260874
0.7331048223
0.5970244506
0.2883590581
0.8029482359
0.6761046696
0.5286152155
0.5644021338
0.3043479304
0.515622242
0.9158177962
0.286363434
0.3694963081
0.2863477126
0.6033863391
0.6133847315
0.3193009435
0.2863931292
0.9933275905
0.3924217887
0.3684017444
0.7835142224
0.4276488676
0.3035752545
0.7356578516
0.460586867
0.2866400794
0.429954862
0.7497814005
0.3527200553
0.2862767876
0.2869761488
0.6812235109
0.6444436657
0.4843480711
0.2863995921
0.2899212543
0.4700749875
0.295760124
0.7768962075
0.828355806
0.7868968535
0.3413474769
0.2864994985
0.7219644516
0.2863527784
0.5911197013
0.4492359643
0.5381627714
0.2864575813
0.2865655136
0.6199719469
0.3945025656
0.9407609629
0.5671103196
0.8390345826
0.8972117121
0.4320796203
0.4054940398
0.2869761488
0.5079811758
0.3080255789
0.3604604043
0.2981123192
0.2865555593
0.8789290238
0.8109929275
0.2863171422
0.6322233301
0.6092947151
0.5736649184
0.9363989556
0.2864575813
0.8679156629
0.3879669752
0.9436289188
0.3139094212
0.2943341289
0.3396517192
0.3352043386
0.9859900767
0.6188364977
0.4845600245
0.3514420838
0.507111345
0.6566188249
0.5763807874
0.4589514957
0.7744730577
0.8946789153
0.4244036942
0.2891489892
0.3468486068
0.2979855005
0.2874211093
0.505373878
