-5.5561e+00,-2.1334e+00
 1.0143e+01,-1.1532e+01
 7.0954e+00, 7.7141e+00
 1.1035e+01, 6.8523e+00
-8.4410e+00,-1.2849e+01
-8.8719e+00,-1.0351e+01
 1.4142e+01,-5.0334e+00
-2.1184e+00,-9.3862e+00
-8.6670e+00, 3.9811e+00
 1.2553e+01, 3.9898e+00
-3.7587e+00, 2.2473e+00
 5.1025e+00, 7.3847e+00
 4.8624e+00,-1.8513e+00
 3.7119e-02,-6.1399e+00
-1.2553e+01, 3.6094e-01
-1.4201e+01,-9.4136e+00
-1.4356e+01, 9.1887e+00
 3.0074e+00, 5.3614e+00
-1.5115e+01, 2.6138e-01
-4.7931e+00, 1.2269e+01
-1.5073e+01,-7.8208e+00
-1.5000e+01, 2.6329e+00
 1.1614e+01,-1.1465e+00
-1.5798e+01,-5.8678e+00
 9.4709e+00,-2.8014e+00
 8.1630e+00,-4.5704e+00
 9.8046e+00, 5.2347e+00
-1.0602e+01, 4.5878e+00
 2.3590e+00,-7.9503e+00
 1.0119e+01, 1.2850e+01
 2.2825e+00, 1.9636e+00
-2.2132e+00, 7.8580e+00
 1.4259e+01, 6.2800e+00
-1.2107e+01, 8.3274e+00
-6.2622e+00,-4.3146e+00
 4.7247e+00,-7.6804e+00
-3.6777e+00,-1.7957e+00
-1.7197e+01, 4.7278e-01
 9.6043e-01, 6.9052e+00
-3.5659e+00,-1.2743e+01
-7.6739e+00,-1.0195e+00
-2.1691e+00, 1.4652e+01
-1.2599e+01, 5.6698e+00
-8.2071e-01,-3.7062e+00
-8.3714e+00, 1.7243e+00
 2.8811e-01, 1.2227e+01
-5.5772e+00,-6.1895e+00
-6.2090e+00, 1.5121e+01
 3.7427e+00, 8.3380e+00
 6.7557e+00, 3.4537e+00
 1.5501e+01,-6.3174e+00
-1.4409e+01,-1.7320e+00
 1.0060e+01,-9.0961e-01
 7.1823e+00,-1.6713e+00
-1.1257e+01, 1.1712e+01
-3.2336e-01,-9.7635e+00
 3.0039e+00, 1.6655e+01
 8.9530e+00, 7.8449e+00
 4.2899e+00,-1.8191e-01
 5.1841e+00, 1.4856e+01
 1.8019e+00, 9.7354e+00
-2.6566e+00, 1.0490e+01
 1.6725e+01, 3.9687e+00
-8.1824e+00,-6.3228e+00
-4.6904e+00,-1.1695e+01
-4.8891e+00, 8.8222e+00
-6.0573e+00, 1.0426e+01
 8.3383e+00, 1.0390e+00
-3.3078e+00,-1.4384e+01
-1.1677e+01,-5.7347e+00
 1.0814e+01,-6.6056e+00
-8.9370e-02, 2.9605e+00
-1.3010e+01,-1.1009e+01
-3.9474e-01, 1.5521e+01
 7.0478e+00, 1.1706e+01
-1.0395e+01, 1.3831e+01
 1.5898e+01, 6.2080e+00
 3.0188e+00,-1.3627e+01
 9.0353e+00,-8.5781e+00
-4.6409e+00, 1.6230e+01
 1.5134e+01, 4.7587e+00
-4.5519e+00, 5.9119e+00
-4.3178e-01,-1.1997e+01
 1.6857e+01,-2.1280e+00
 1.3380e+01, 1.0271e+01
 1.9416e+00, 1.3175e+01
-1.0643e+01, 8.7576e+00
 1.4477e+01,-9.6042e+00
-1.2495e+01,-2.1821e+00
-1.1471e+01,-1.0704e+01
-1.7407e+01,-1.4192e+00
 1.4831e+01, 9.6058e-01
-6.9547e+00, 1.1870e+01
 5.3402e+00, 1.2136e+01
 1.2478e+01,-3.1820e+00
-1.4353e+00,-7.6148e+00
 1.2237e+01, 9.2334e+00
 7.0902e-01, 1.6569e+01
-1.1887e+01, 1.7349e+00
-3.3361e+00, 4.1275e-01
 4.3494e+00,-1.5090e+01
-9.9650e+00,-6.6131e+00
-5.6568e+00,-1.3753e+01
-9.6649e+00,-2.3454e+00
 9.5556e-01,-4.8520e+00
-9.0118e-01, 8.8594e+00
 9.4270e+00,-5.9034e+00
 8.9513e+00, 1.4285e+01
-1.6949e+01,-4.3130e+00
-1.1352e+01,-1.3260e+01
 1.0963e+01, 1.1372e+01
-1.1680e+01, 9.9604e+00
-9.9532e-01, 1.6439e+00
-7.8171e+00, 7.5416e+00
 3.8554e+00, 1.2587e+01
 1.7977e+00, 8.2311e+00
 1.2910e+01, 7.0293e+00
 6.8505e+00,-1.3354e+01
-1.2672e+00,-1.7063e+01
 4.5099e+00,-1.1978e+01
-5.0783e-01, 4.9179e+00
-5.2228e+00, 7.6745e-01
 1.5077e+01,-7.9553e+00
 1.9732e+00,-1.5831e+01
-6.2317e+00,-1.6186e+01
 1.3384e+01,-1.0121e+00
 1.7278e+01, 1.3530e+00
-9.5531e+00,-1.4144e+01
-2.5403e+00, 5.2137e+00
 5.2843e+00,-1.6454e+01
-3.1250e+00, 1.2528e+01
 1.0010e+01,-1.3976e+01
 1.1343e+01, 8.3749e-01
 8.6303e+00, 9.6241e+00
 7.1381e+00,-9.4125e+00
 3.7336e+00,-3.9716e+00
-9.3787e+00, 1.1932e+01
-2.5305e+00,-4.9568e+00
-3.5677e+00,-8.0699e+00
-2.6500e+00, 1.6456e+01
-1.5445e+01, 8.0123e+00
-7.2371e+00,-8.6711e+00
 1.4902e+01,-2.6896e+00
-4.9862e-01,-1.5368e+01
 1.2196e+01,-1.0151e+01
 1.2834e+01,-6.2269e+00
-3.2038e+00,-1.6705e+01
 4.5101e+00,-9.4484e+00
-1.2062e+01,-8.4969e+00
 1.1901e+01,-8.2363e+00
-2.0221e+00,-1.0463e+00
-1.4362e+01, 6.7331e+00
 8.3144e+00,-1.5329e+01
-8.8207e+00, 1.0109e+01
-1.5038e+01,-4.4041e+00
-1.3510e+01, 1.0483e+01
-1.0134e+01,-3.7923e+00
 1.5537e+01, 2.9221e+00
-5.9536e+00, 2.2618e+00
-7.8559e+00,-1.4816e+01
 3.9558e-01,-1.4960e+00
 2.4004e+00,-1.2108e+01
-4.5695e+00,-9.8082e+00
 1.5090e+01, 8.1226e+00
 3.8245e+00,-1.6819e+01
-1.6889e+01, 2.4138e+00
-2.7766e+00,-1.1334e+01
-2.4259e+00, 3.6585e+00
 3.9778e+00, 4.0881e+00
-7.6981e+00, 1.3871e+01
-9.9061e+00, 2.6100e+00
 1.1108e+01,-4.6730e+00
-1.0211e+01,-9.2773e+00
 8.1134e-01,-1.3819e+01
 3.3173e+00,-1.9285e+00
 3.2355e+00,-1.0607e+01
 4.3582e+00,-5.9969e+00
 3.7389e+00, 1.4338e+01
-9.7564e+00,-5.6865e-01
-2.3367e+00,-2.6056e+00
-7.3643e+00,-1.1041e+01
-5.2768e+00, 3.6574e+00
-3.5364e+00,-6.0871e+00
 1.8766e+00, 4.3262e+00
-9.0001e+00, 5.9016e+00
 1.0571e+01, 2.4856e+00
 9.1302e+00, 1.1461e+01
 6.0891e+00, 8.2206e-02
-5.1165e-01, 1.0662e+01
 2.0438e+00, 1.4939e+01
-1.3776e+01,-5.7275e+00
 1.6622e+01,-5.2276e+00
 1.4159e+01, 3.5764e+00
 1.6177e+00,-6.5160e+00
-4.6565e-01, 1.3806e+01
-1.4308e+01, 4.3907e+00
 6.9280e+00,-5.8493e+00
-1.2990e+01, 3.4788e+00
 7.4165e+00, 1.3662e+01
 3.4780e-01, 5.4246e-01
-1.5991e+01,-2.8254e+00
 7.7138e+00, 5.8498e+00
 1.5722e+00,-4.8098e-01
 5.8770e+00, 5.0953e+00
-7.8324e+00,-3.9631e+00
 8.3584e+00,-1.0860e+01
 8.3437e+00,-1.2964e+01
 3.3805e+00, 1.0828e+01
 5.3038e+00,-4.5247e+00
 5.9822e+00,-1.1535e+01
-6.4616e+00, 4.7134e+00
 6.1917e+00, 9.2676e+00
 1.6687e+01,-7.5495e-02
-4.1693e+00,-3.5086e+00
-1.2197e+01,-4.0533e+00
-5.5785e+00, 7.0876e+00
 9.9952e+00,-9.9213e+00
 2.3917e+00,-1.7301e+01
 1.6528e+00,-1.0637e+01
 1.9594e+00,-3.3874e+00
-6.2612e+00, 1.3300e+01
 8.3134e+00, 2.8885e+00
-1.0823e+01, 5.0606e-01
 1.1301e+01,-1.3079e+01
 1.3574e+01, 2.0310e+00
 1.0769e+01, 9.5856e+00
 5.7061e+00, 1.6556e+00
-3.9787e+00, 1.4811e+01
 1.8999e+00, 1.1258e+01
 7.6102e+00, 1.5184e+01
-7.0678e+00, 7.5910e-01
 4.2338e+00, 2.4172e+00
-8.5809e+00, 1.5212e+01
 5.3654e-02,-8.2393e+00
-8.7323e+00,-8.5445e+00
-1.8854e+00,-1.3738e+01
 1.2975e+01,-1.1440e+01
-6.3398e+00,-1.2289e+01
 1.1794e+01, 1.2858e+01
-1.0033e+00, 6.7634e+00
-1.0893e+01, 6.3342e+00
 1.1179e+01, 4.5950e+00
 1.3564e+01, 8.4813e+00
-1.6382e+00, 1.1742e+01
 7.1778e+00,-7.7458e+00
-1.3515e+01, 1.9119e+00
-5.2399e+00,-7.7725e+00
 6.1493e+00,-3.0605e+00
-1.0161e+01,-1.1620e+01
 1.3028e+01, 5.9575e-01
-4.3496e+00, 1.0504e+01
 2.7673e+00,-5.4376e+00
-1.6251e+01, 4.1298e+00
-1.1756e+00, 1.7247e+01
 2.4889e-01,-1.6870e+01
-6.2308e+00,-5.4638e-01
