0.2943961069
0.9283315682
0.4156916277
0.3262835342
0.3140476422
0.645828034
0.347794092
0.2866790327
0.8119773945
0.3267384968
0.88789109
0.3631382285
0.7121061496
0.9949183177
0.6598080817
0.8117872917
0.407425507
0.3046528915
0.5064020719
0.6467320373
0.9437630513
0.6120226502
0.460520437
0.7088379809
0.8926326236
0.7114532309
0.6247503516
0.418115733
0.3122602833
0.2913641378
0.3370869226
0.4059767747
0.3558630615
0.4025618469
0.3120754473
0.8346214564
0.5259117932
0.5913328875
0.3100840514
0.3617790235
0.4329832274
0.5068367628
0.4685563454
0.3296356522
0.6313333302
0.4254817056
0.5383408283
0.2868882261
0.2939841002
0.6133869562
0.48259096
0.9018506127
0.5105389664
0.6004249141
0.4023831299
0.7064357254
0.2904274509
0.8317152565
0.2917836127
0.8423334618
0.6174791925
0.3015083652
0.7310892299
0.6914866696
0.4798463503
0.3365819427
0.3144311487
0.9760408185
0.7276631482
0.3913345528
0.4211208653
0.3497358699
0.2923095908
0.2880464278
0.924865965
0.7530556079
0.286551427
0.7726163913
0.4406139115
0.3812131263
0.2869368027
0.3777671633
0.5208391622
0.6872814343
0.8000588245
0.4847089109
0.3748544647
0.4750153634
0.626794121
0.457254033
0.4743876322
0.957808106
0.294035007
0.4511793068
0.5979239164
0.2867496439
0.8089272623
0.694357114
0.8581671286
0.2975829631
0.5829320019
0.6102034553
0.9822282411
0.6981020808
0.9080326366
0.441008592
0.2905391197
0.2867042018
0.8488523445
0.4533990337
0.2980183832
0.5576087885
0.3212237067
0.6901599601
0.5806636893
0.2937821718
0.4119935568
0.4417989178
0.2934353419
0.4691787083
0.4662794221
0.450173328
0.3178931339
0.2946061807
0.9165000813
0.3068262385
0.4947380457
0.8414441675
0.6322407098
0.3637455924
0.3446616616
0.2948725847
0.4550189911
0.9456866854
0.4766920422
0.3248213692
0.3462869865
0.3589433353
0.2864996796
0.872008908
0.3338453664
0.3552828266
0.2915298704
0.2884938481
0.3068262385
0.5929234095
0.3274253938
0.3862235235
0.6757159556
0.812926842
0.2875374704
0.9692530941
0.5804369182
0.6133869562
0.7287350615
0.378746505
0.3263970519
0.5490714016
0.3579102495
0.2884938481
0.5179810715
0.8846296229
0.5768101916
0.3025982127
0.2867891415
0.3290488521
0.2962101396
0.2884938481
0.5936051521
0.996218146
0.45644028
0.5956506717
0.2865016027
0.2877583036
0.4275840707
0.9087401084
0.6227059784
0.3192272625
0.4325953374
0.2874258953
0.7938046938
0.5166642425
0.2867790051
0.3326244514
0.5423571548
0.4258631559
0.772413198
0.7272340645
0.2864918123
0.7864893686
0.286490064
0.3944483435
0.3199563802
0.7476154511
0.3756597169
0.2908057033
0.2883384575
0.4097932426
0.4226322506
0.3589433353
0.2893644055
0.7421402095
0.772413198
0.2955292082
0.3207988264
0.2866479198
0.3273105405
0.3364560531
0.2865232811
0.2873036508
0.5684367743
0.4333714572
0.3734124915
0.3382314212
0.6548557118
0.2864937354
0.3464233171
0.2867309431
0.8629019175
0.7049046031
0.7846966534
0.444773989
0.3789101362
1
0.8674049514
0.2889680257
0.4266271225
0.3528402004
0.9003879972
0.3140476422
0.9043155301
0.7664949226
0.2864918123
0.7013980025
0.3345848304
0.3845420764
0.9504186063
0.2930491772
0.8827481463
0.399007067
0.3057650633
0.3143350373
0.4762725023
0.7754548066
0.3083405529
0.5756774999
0.5555837428
0.5926961736
0.9384089428
0.2875956088
0.3190203219
0.7559699824
0.2910807124
0.2865059734
0.3259438741
0.2895572085
