0.2945795731
0.2862361833
0.9007306566
0.3795672768
0.5057452128
0.3626630175
0.9738068577
0.8207174911
0.5461106299
0.3410123406
0.8295517618
0.7651723209
0.6512502665
0.5068306373
0.3711800674
0.4544363207
0.5971191415
0.3678843212
0.5894053722
0.2927349041
0.2861388202
0.2992571903
0.8290046975
0.7629185576
0.2863586551
0.3412750572
0.2919403142
0.9068898446
0.3855570874
0.4851438603
0.8829471498
0.4224702794
0.3094604569
0.4332056401
0.2944174722
0.6913962755
0.4142329546
0.3326581044
0.3384158248
0.8326388247
0.3265168931
0.6977756742
0.2860665753
0.2861250349
0.4432128023
0.3463712959
0.8989807896
0.504227552
0.307130215
0.333024396
0.5044442214
0.2882404193
0.7861242751
0.3509558406
0.8366008342
0.6390678562
0.7076148673
0.9587236484
0.7488363583
0.4297252716
0.2868765926
0.2929290135
0.8079130367
0.2877164206
0.567681567
0.3638786521
0.5712940101
1
0.48175824
0.3090201512
0.4147888545
0.4658875237
0.2868941999
0.3195088801
0.6911757859
0.8763136353
0.4237971073
0.4996884546
0.5749102783
0.9264759272
0.2873908767
0.7287601827
0.4422224234
0.5828321928
0.5479001606
0.5098758238
0.3443359961
0.5173065198
0.7743186875
0.494313026
0.5871379755
0.3562676719
0.3631179424
0.3373929135
0.3901446329
0.5354108868
0.3716552374
0.7724990303
0.6309233283
0.3204570516
0.4322361065
0.2934261756
0.3076379711
0.3124658377
0.6872013693
0.8027380124
0.4977496836
0.8568562795
0.6191364001
0.2900752912
0.5443227927
0.4237971073
0.3444707287
0.9486709691
0.6155060094
0.2861925634
0.4915304705
0.5654259167
0.3139846934
0.7023766823
0.8477362702
0.3414066235
0.3790748012
0.3116291348
0.51009367
0.831914447
0.6204974484
0.324819304
0.2923548489
0.3095489954
0.2896722195
0.3186764297
0.5537271859
0.6807766774
0.4123861415
0.3261747033
0.2872617711
0.3611547668
0.3349997673
0.9264759272
0.9803262159
0.2924017601
0.8835707228
0.3610046351
0.2898528548
0.9659954428
0.4318488858
0.2929290135
0.2873041118
0.6827732909
0.8260755151
0.384884324
0.951751016
0.2951869335
0.6345450294
0.7571507802
0.3213102012
0.9526889747
0.3575866844
0.709138488
0.5814731768
0.3002137888
0.3093720775
0.6399717907
0.306132053
0.2869119812
0.4015105035
0.9109446116
0.384884324
0.2867911653
0.9820885055
0.7657857756
0.4079931517
0.619363256
0.6647228557
0.8926005653
0.4832376432
0.9439427503
0.7552875906
0.2861184039
0.6579959969
0.2863364999
0.3872467954
0.4367133008
0.3447406038
0.4245572661
0.2902270185
0.2865751145
0.4249378804
0.2931754728
0.2872828546
0.7246930955
0.9154604065
0.3190914327
0.2864293032
0.3746896093
0.6433595067
0.308497042
0.2940451505
0.7372674715
0.5210395791
0.3318084712
0.4118339644
0.4679548734
0.7225460004
0.2890250622
0.2861763361
0.2907390967
0.482814668
0.3239276243
0.505311364
0.430303411
0.2860072387
0.2862009386
0.592580875
0.5153348697
0.5900857314
0.4889699227
0.2884694059
0.7467444362
0.514678391
0.7627133268
0.2882966282
0.792631102
0.7242640324
0.4096339516
0.3743681822
0.6662894943
0.6411013937
0.3130307102
0.2887094563
0.2976298402
0.6286583928
0.2860822813
0.4159032058
0.2860995575
0.4400505832
0.9798389354
0.7912567881
0.2860035736
0.5184032947
0.307130215
0.8922996591
0.5724237025
0.2859957199
0.4257001744
0.3049170029
0.3411436296
0.51009367
0.9457244943
0.3833771695
0.384213353
0.4312686923
0.5192814299
0.3108961148
0.6025669157
