-1.7183e+00,-4.1796e+00
-1.4608e+00,-1.6451e+01
 7.2427e+00,-2.4457e+00
-1.4654e+01,-2.1429e+00
-1.0822e+00, 1.0908e+01
 3.3990e+00, 6.8884e+00
-7.1320e+00, 6.7016e+00
 4.5075e+00,-1.6810e+01
-1.1161e+01, 1.0633e+01
-3.6848e+00,-1.6001e+01
 1.2306e+01, 1.2154e+01
 8.9378e+00,-3.0794e+00
 1.0075e+01, 8.1030e+00
 1.3189e+00, 1.2110e+01
 3.9566e+00,-1.0908e+00
 7.0973e+00, 4.6719e+00
-7.0396e+00,-1.5172e+01
-1.3061e+01, 4.0543e+00
-4.5937e+00, 3.7330e+00
-6.0036e+00, 2.2667e+00
-4.7383e+00,-1.1814e+01
-1.5069e+00, 1.3256e+01
-7.8874e-01, 8.5893e+00
-1.7896e+00,-1.3604e+01
-8.9670e+00, 1.8939e+00
-1.5366e+01, 5.8472e-01
-7.5575e+00,-4.0771e+00
 4.5441e+00, 2.8294e+00
-1.0685e+01, 9.1406e+00
 1.1341e+01, 1.6226e+00
 5.9559e+00, 1.1546e+00
 1.0809e+01, 1.0155e+01
-8.9602e+00, 1.0841e+01
 2.9147e+00,-1.2457e+01
 1.2388e+01,-2.9894e+00
 2.6400e+00,-9.8444e+00
-9.2999e+00, 6.2192e+00
-9.3105e+00, 3.8686e+00
-1.0522e+01, 1.2886e+01
 2.8708e+00,-1.5366e+01
 5.5188e+00, 4.9315e+00
-7.4881e-01, 1.4822e+01
 1.4369e+01, 5.4054e+00
-1.1851e+01, 7.3052e+00
-1.5998e+00,-8.3365e+00
-7.3143e+00,-1.1441e+01
 7.2621e+00, 9.4876e+00
 9.2914e+00,-9.0472e+00
 1.0156e+01,-1.8064e-01
 1.0987e+01,-8.9254e+00
 1.1250e-01, 8.6488e-01
 1.3796e+01,-2.9211e-01
-1.6645e+01,-2.3146e+00
-1.3453e+01,-7.8760e+00
 6.7802e+00,-4.4003e+00
-4.1416e-01, 4.2319e+00
 4.8193e+00, 7.9139e+00
 6.8292e+00, 1.3923e+01
-5.9660e+00, 5.1695e+00
 1.4544e+01,-6.1865e+00
 7.7835e+00,-1.3191e+01
-2.6730e-02, 5.7567e+00
-1.1852e+01,-1.1924e+01
-1.0132e+01,-5.8413e+00
-4.2499e+00, 6.4509e+00
 4.1353e+00,-8.3776e+00
 3.4575e+00, 1.1004e+01
 6.5697e+00,-7.4624e+00
-1.7061e+01, 2.7431e+00
 5.2526e+00, 1.0090e+01
-1.4993e+01, 4.8748e+00
-3.4288e+00, 1.6566e+01
-6.9255e+00, 1.2380e+01
-1.8930e+00,-4.2790e-01
-7.6890e+00,-9.7828e+00
 1.4720e+00,-5.2059e+00
 5.2789e+00,-3.1327e+00
 8.4069e+00, 3.8933e-01
-1.5879e+00, 1.6391e+01
-3.9447e-01,-1.4831e+01
-5.8259e+00, 1.4231e+01
-4.6941e+00,-4.1598e+00
 1.4249e+01, 8.4042e+00
-9.2778e+00,-7.6816e+00
 1.1077e+01, 4.2809e+00
-1.1571e+01,-7.4356e+00
-1.0858e+01, 1.6781e+00
-5.5728e+00,-2.4861e+00
 9.2166e+00,-7.4294e+00
-1.1100e+01,-1.1930e+00
-1.3607e+01, 1.4080e+00
 1.2259e+01, 1.3974e-01
 1.5037e+01,-2.0643e+00
-9.4211e+00,-8.8480e-01
-5.6143e+00, 4.5587e-02
-3.8276e+00,-1.9020e-01
-3.1834e+00, 1.1766e+01
 3.0381e-01,-3.7925e+00
 5.8701e+00,-5.7160e+00
 5.4659e+00,-1.0304e+01
-1.4364e+01, 8.3030e+00
 1.3936e+01, 3.8862e+00
-9.0929e+00,-1.4109e+01
 8.1905e+00, 2.3675e+00
-8.3898e+00, 7.5976e+00
-8.7088e-03,-6.3684e+00
-3.4658e+00,-9.8444e+00
 6.5311e+00, 8.0408e+00
-2.8511e+00,-2.8637e+00
-9.0808e+00, 1.4058e+01
 1.3534e+01,-4.5042e+00
 2.1012e+00,-6.4256e-01
-2.0073e+00, 3.6671e+00
 2.5566e-01,-8.0427e+00
-2.0258e+00, 6.7373e+00
 9.4770e+00,-4.7913e+00
-6.2686e+00,-6.8491e+00
 1.4800e+01,-8.9520e+00
-1.5439e+01, 2.8947e+00
 4.7705e+00,-6.8681e+00
 3.2700e+00, 9.3407e+00
 1.7105e+01, 2.0672e+00
-1.4603e+01,-5.1841e+00
-3.4681e+00,-1.2964e+01
 1.0813e+01, 6.5688e+00
 1.1535e+01,-1.2697e+00
-1.6618e+01,-5.1276e+00
-8.7757e+00,-2.9590e+00
 2.5152e+00,-6.4192e+00
 7.8995e+00, 1.1490e+01
 1.7190e+00, 1.6378e+01
-3.0325e+00,-7.1682e+00
-6.8750e+00,-1.3457e+01
 4.9778e+00, 1.2088e+01
-4.4431e+00, 1.5334e+01
-2.2802e-01,-1.7413e+01
 1.3173e+00,-1.5106e+01
 5.2096e+00,-1.2235e+01
-1.1020e+01, 3.9846e+00
 8.1252e+00,-1.0275e+01
 4.0012e+00, 1.3239e+01
 5.2800e+00, 1.5671e+01
 9.3744e+00,-1.4331e+01
 9.5176e+00, 1.3063e+01
 1.0959e+00, 8.0755e+00
-5.8888e+00, 7.6174e+00
-3.7042e+00, 8.6671e+00
 1.4921e+00,-1.6877e+01
 9.5716e-01,-1.2999e+01
-1.1616e+01, 5.8098e+00
 3.4859e+00,-2.6527e+00
 8.8445e+00, 4.5739e+00
-1.1476e+01, 2.7924e-01
 2.7477e-01,-2.0179e+00
 1.2126e+01,-1.1468e+01
-1.0367e+01,-9.7260e+00
-2.9945e+00, 1.6537e+00
-3.2187e+00, 1.3822e+01
 1.0991e+01,-3.5624e+00
-1.7459e+01, 1.0259e+00
 9.2572e+00, 1.0794e+01
 6.1161e+00,-1.1962e+00
-1.5294e+01,-8.1898e+00
-1.4743e+01, 6.8355e+00
 1.6449e+01,-3.0133e+00
-4.2298e+00,-5.9022e+00
 1.1469e+00,-9.4477e+00
 4.4460e-01, 1.7404e+01
 7.8937e+00,-1.4928e+01
-7.5376e+00, 1.5444e+01
-7.3303e+00,-5.1348e-01
 9.7003e+00, 3.0593e+00
 2.8512e+00, 4.4495e+00
-1.2826e+01,-4.8293e+00
 1.6385e+01,-3.6470e-02
 2.9318e+00,-4.4576e+00
 1.2431e+01, 9.5510e+00
 1.2018e+01,-4.7551e+00
-1.3426e+01,-5.7076e-01
 5.8425e+00,-1.5195e+01
-7.2236e+00, 8.7296e+00
-8.0908e+00,-6.6963e+00
 1.5556e+01,-4.5466e+00
-1.3302e+01, 9.8019e+00
 1.2932e+01,-1.0170e+01
 1.3801e+01, 1.0717e+01
 1.1176e+01,-1.2869e+01
 8.3765e+00, 1.4404e+01
 1.3505e+01, 1.4253e+00
 9.2579e+00,-1.2406e+01
 1.2297e+01, 7.4179e+00
-7.3300e+00, 4.3437e+00
-2.8485e+00, 5.3443e+00
 1.2655e+01,-8.4409e+00
 7.5270e+00, 1.5752e+01
 5.9437e+00, 6.5037e+00
 9.1987e+00, 6.7139e+00
-1.5713e+01,-6.7375e+00
-9.7425e+00,-1.2427e+01
 1.6304e+01, 4.6880e+00
 6.8485e+00,-1.1756e+01
 2.4908e+00, 2.5447e+00
 1.5260e+01,-7.5162e+00
-5.3347e+00, 1.0167e+01
-1.3168e+01,-9.9038e+00
 1.2628e+00, 1.4310e+01
-4.1949e+00,-1.4311e+01
-1.2618e+01,-2.3801e+00
 4.2036e+00,-1.4373e+01
-1.1856e+00,-1.1293e+01
 4.1701e+00, 1.6982e+01
-5.7294e+00,-8.6004e+00
-1.0310e+01, 7.5983e+00
 1.1359e+01,-6.4010e+00
 1.4934e+01, 6.8572e+00
-1.1011e+01,-1.3465e+01
-8.7854e+00, 9.3212e+00
-1.0258e+01,-4.2097e+00
-1.5527e+01,-3.5019e+00
-7.4357e+00, 1.3875e+01
 1.6624e+00, 1.0527e+01
 9.0926e+00, 9.2418e+00
 2.2908e+00, 9.1652e-01
 1.2441e+01, 3.3587e+00
-8.8279e+00,-4.9205e+00
 1.2456e+01, 4.8737e+00
-7.4329e-01, 2.5666e+00
-2.4546e+00, 9.9356e+00
 2.0099e+00, 6.0602e+00
 8.2379e+00,-6.0962e+00
 1.1102e+01, 1.3489e+01
-1.3338e+01, 5.8305e+00
 4.2545e+00, 8.6416e-01
-5.0680e+00, 1.2513e+01
 8.4172e+00,-1.3596e+00
-1.2290e+01, 1.2448e+01
-1.6637e+01, 4.2191e+00
 1.5133e+01, 1.9142e+00
 7.7650e+00,-8.4677e+00
 1.7380e+01,-1.3553e+00
-4.3237e+00,-7.9835e+00
-5.2009e+00,-1.6597e+01
-7.4141e+00,-8.0662e+00
-1.2934e+00,-2.4384e+00
 1.0870e+01,-1.0645e+01
-6.2084e+00,-1.0402e+01
 3.1995e+00, 1.4606e+01
-2.6873e+00,-1.4828e+01
-7.0797e+00, 1.0663e+01
-2.0224e+00,-5.7087e+00
 1.2123e+00, 4.7247e+00
 1.7074e+00,-3.2087e+00
-1.2274e+01, 2.6141e+00
-5.9903e+00, 1.6021e+01
-4.6230e+00, 1.5600e+00
 7.5399e-01, 2.3701e+00
