0.3362117731
0.9460596218
0.2871836678
0.3015558991
0.8453226721
0.6519562655
0.4652242534
0.364041252
0.333242449
0.4403931566
0.6629910538
0.3708614199
0.4023631266
0.3911449303
0.7591729335
0.8082890287
0.2866434435
0.5374387739
0.8693996815
0.6367993988
0.3378545219
0.4726941634
0.3148445327
0.5221460268
0.9058231467
0.4435582551
0.3740395236
0.4531734201
0.3062093748
0.5283316623
0.6065765308
0.4007595841
0.6694971807
0.8111554714
0.9631662861
0.2892918659
0.3092391177
0.6933062977
0.3460152108
0.9734526979
0.2871280892
0.3098523852
0.4117881918
0.7309497556
0.8736562807
0.289261363
0.5441361038
0.7311636704
0.2899723811
0.3774278507
0.9866195012
0.517746061
0.961149102
0.8096286712
0.7021136175
0.5419007216
0.3050876708
0.5243518391
0.3164116406
0.3184263903
0.2996914842
0.2939482733
0.3497341628
0.3304749234
1
0.3218851141
0.8263547768
0.7273061585
0.8567980225
0.3237315229
0.4762505625
0.2867259873
0.3209253351
0.4252682524
0.4333481256
0.2886608231
0.3214570253
0.6632157282
0.2883767835
0.4613167439
0.5965677668
0.5430180563
0.5452548509
0.630447401
0.9290784014
0.8291163405
0.3605722067
0.2972729327
0.7816045798
0.2967355224
0.486174082
0.6824447692
0.2935021737
0.7449651939
0.439211563
0.3349645101
0.4090418457
0.6562407966
0.2889946296
0.4070419397
0.8451460942
0.3619216929
0.2896064122
0.7600008961
0.3857016407
0.7318051354
0.3156231018
0.6401984436
0.3894317524
0.2925602607
0.3043834001
0.4749932995
0.7219242853
0.7905686177
0.5261191892
0.289510232
0.4207214522
0.4237468595
0.9318430015
0.5677566267
0.874792269
0.4945037857
0.7415871592
0.2867920861
0.3211375546
0.5236896975
0.3192495636
0.2904683685
0.6519562655
0.9109274612
0.2868821323
0.3224236387
0.2869022382
0.2882307106
0.2869445466
0.7751531325
0.3007817541
0.4609068753
0.952505582
0.4235570903
0.4791927708
0.2876700752
0.4339310813
0.5305476861
0.8950980234
0.4641935683
0.6828895527
0.8166519731
0.3230748633
0.3658775744
0.402899489
0.7290224419
0.6213604762
0.3053253571
0.4627534701
0.3281312291
0.8716989619
0.6170404761
0.2866472911
0.913571464
0.6994773506
0.6093065967
0.4672906723
0.3522678885
0.5448072689
0.6616425402
0.9243200463
0.5756779336
0.9325885597
0.9740266628
0.6726307222
0.3993412422
0.555352898
0.8652519926
0.3626758429
0.3176130707
0.3446629733
0.5573783428
0.4621373152
0.3607216411
0.4919320318
0.3082912522
0.2868172651
0.2880233346
0.3058051157
0.4609068753
0.2936001157
0.4306378098
0.4745747094
0.3046166909
0.384024033
0.5668525869
0.5059498272
0.3549889575
0.2985157949
0.2980106167
0.6946309373
0.2868086973
0.5727335638
0.3683537941
0.3522678885
0.348760533
0.2866030428
0.2886341334
0.3437245706
0.3880691289
0.286923043
0.2868086973
0.3018423586
0.5743186955
0.2923354555
0.6672559437
0.2883273975
0.2919846644
0.6043014879
0.3604228998
0.3721268886
0.28663295
0.6670316867
0.3338542311
0.5697917072
0.3205027248
0.4489451043
0.8472597465
0.5718280991
0.7820056985
0.4419731435
0.8707156261
0.2896064122
0.5057326044
0.3637369482
0.4477431468
0.3555678545
0.5190643824
0.357757269
0.9894773254
0.7793939875
0.5537788231
0.905679603
0.3129419388
0.8739812844
0.3549889575
0.3779161377
0.2868821323
0.759587026
0.7139096398
0.2868627251
0.2867394524
0.4333481256
0.2868086973
0.3282470153
0.6306744004
0.8941944919
0.7023330701
0.2874338979
0.4716516347
