0.3194745503
0.3524240849
0.3122631523
0.2899386326
0.451855436
0.8155554872
0.6396436387
0.4187454597
0.3042154754
0.7612799878
0.8633903802
0.5101547933
0.5981271017
0.9249371122
0.6838122193
0.298366869
0.645969326
0.5551531766
0.7909025165
0.8683610427
0.3542863663
0.3815905368
0.410956938
0.3824203781
0.2875925659
0.3005873591
0.8339986247
0.611755115
0.37075093
0.6552084865
0.9173096355
0.5392648657
0.8265274875
0.2882877233
0.3618037659
0.8793399791
0.3163112761
0.2999638789
0.3505840949
0.5132102568
0.5562767659
0.6746961544
0.5027708197
0.9182476894
0.7319336083
0.8294582726
0.5704766467
0.9154192241
0.5297130995
0.8213524317
0.8501128547
0.335432688
0.5915432708
0.7391525203
0.5499920851
0.3656093374
0.3453352806
0.8438166236
0.5763562517
0.4144595948
0.8495921662
0.9444592117
0.3434508754
0.327615057
0.2995556684
0.4815994296
0.4520570661
0.2877067257
0.68558517
0.4982373567
0.5195655455
0.5180283848
0.6228792107
0.2974174001
0.7857604751
0.3524240849
0.7763565883
0.6827031328
0.2875261538
0.8339986247
0.6153886438
0.3033667984
0.2886272367
0.4428605087
0.3898441282
0.2939450194
0.9875782807
0.6657584737
0.9111658113
0.5731891199
0.2874189413
0.4274627509
0.8681965935
0.3046866895
0.3773216507
0.4357793855
0.4640805965
0.787347279
0.4344148319
0.5064561924
0.5707026036
0.926346276
0.6292290136
0.3588159961
0.3627099683
0.3095413449
0.9887043134
0.3006574605
0.7967807716
0.4200596296
0.9890333483
0.2968053027
0.8966730543
0.3038272693
0.3045289683
0.522865899
0.9728195159
0.9702546338
0.3507248368
0.3301922874
0.286152372
0.7653862589
0.3729721144
0.3908730397
0.6948595709
0.3430505725
0.9793836527
0.4293827083
0.2925617425
0.289795078
0.2865860178
0.2993537997
0.7378826682
0.4438522186
0.2903858111
0.7099616841
0.3235521153
0.294364671
0.3558794096
0.3283108912
0.287051169
0.5123364058
0.3430505725
0.4490404528
0.5250708688
0.9101925632
0.3029122028
0.7486187004
0.5464094246
0.4383243163
0.2882605558
0.2880238455
0.7263764147
0.371383152
0.5484238646
0.428037823
0.7423193362
0.7253041802
0.3078062897
0.3163112761
0.4003066423
0.4599773309
0.3005873591
0.2977926831
0.4470388173
0.8490707469
0.6686676536
0.6744732191
0.5856448755
0.5583005977
0.2879231478
0.5992625959
0.8207945115
0.6489020521
0.2990869634
0.4468390743
0.2883702648
0.385768038
0.2862230915
0.2863660826
0.7527921681
0.7410539587
0.2926088498
0.2861789144
0.2970481335
0.3103429179
0.4723673847
0.3235521153
0.318027682
0.3226755399
0.9498348347
0.7463143184
0.4282296885
0.5517858235
0.3582245609
0.7789714019
0.9276168997
0.2921454465
0.3522817533
0.424789555
0.4577323799
0.3734511347
0.5738675654
0.3832530612
0.6735812082
0.9237752417
0.3768341318
0.9063947445
0.428037823
0.6038051686
0.2861521973
0.3045289683
0.6452921471
0.3236623634
0.2869151069
0.6904504021
0.3427843924
0.2895849122
0.2863837146
0.6215177573
0.5661865188
0.3258987378
1
0.7739337654
0.2864114711
0.9312452492
0.2861925345
0.6809270363
0.4462403071
0.2891508422
0.3429174135
0.338600983
0.4464398191
0.5540301478
0.6081209727
0.3041375087
0.9600244004
0.4512509912
0.367463586
0.3844235685
0.364383066
0.2862749484
0.3845912345
0.4286136808
0.2893475602
0.9610805357
0.313772805
0.3542863663
0.2862443934
0.2866237148
0.2863660826
0.3169119755
0.965627704
0.2861759459
0.7177676339
0.7310806951
