0.2867490218
0.5886844747
0.854656305
0.3530165034
0.4923967232
0.6581525909
0.3781086262
0.3196196053
0.381557704
0.4256755338
0.8563771164
0.3840524079
0.4558363685
0.4040011381
0.2900181415
0.3258998691
0.7816011114
0.3352592671
0.2929848206
0.3203504543
0.3031688688
0.2977289372
0.5118742089
0.3998987859
0.2905433544
0.6504814054
0.2950854515
0.7864034279
0.3642266734
0.5112188174
0.3308809658
0.825850929
0.4277788239
0.613258637
0.3391785048
0.3113513301
0.9883448452
0.2980377202
0.756653302
0.3258998691
0.6005124711
0.9342987415
0.5127486755
0.9797470838
0.8023361741
0.4339575983
0.2867626707
0.361504687
0.3098340985
0.4729349263
0.2934096692
0.2870906994
0.2933617812
0.2872087561
0.3010045406
0.4756542863
0.4613466383
0.3012142908
0.3014255294
0.3025772208
0.613258637
0.2996443334
0.9528844537
0.7522738327
0.575517785
0.3864038281
0.2977289372
0.2879766522
0.375837842
0.9983100032
0.5968716238
0.346463677
0.8835460605
0.5155954371
0.2891999178
0.7116604393
0.4823923455
0.5116557012
0.2896895951
0.6531913652
0.5464285207
0.7712783115
0.5131861688
0.4650485242
0.2924843542
0.6303142551
0.7127498208
0.7358066932
0.4677357973
0.3406018761
0.3813923059
0.2868414101
0.2887020786
0.3853933721
0.8890024723
0.336760175
0.781400232
0.5208694083
0.3823864159
0.6475427817
0.5292655413
0.858942824
0.5848216291
0.3665260476
0.3055604665
0.6956469409
0.5221914941
0.3597128626
0.3598614787
0.7222919915
0.2872475798
0.4900442621
0.3233485406
0.8146101667
0.9809214643
0.9064280424
0.2871961643
0.9249212962
0.2870483696
0.5832318288
0.756445297
0.5226324996
0.723371123
0.3162757828
0.427587173
0.5049042295
0.2987317732
0.6847939698
0.6384844047
0.5832318288
0.4228248541
0.3486610615
0.3018524669
0.2896895951
0.3935887168
0.6705104165
0.2905433544
0.3076030072
0.2875633439
0.9563361381
0.5029524722
0.2994460349
0.346463677
0.3669892797
0.4179323433
0.6774431891
0.6702863639
0.2916275012
0.6450540912
0.317070941
0.3456486375
0.4099807639
0.5563110533
0.8457532303
0.62713342
0.8181981658
0.2911854975
0.5780119547
0.367919081
0.3682300007
0.9178716945
0.2896259613
0.2987317732
0.4132877107
0.3406018761
0.2976676835
0.2941484362
0.9649760909
0.5158147148
0.8377247436
0.8191380344
0.7306797093
0.5138427314
0.3080236312
0.3713661181
0.3174722427
0.3123575316
0.4232037707
0.6319039911
0.9530969073
0.8427390434
0.9696912336
0.3037710186
0.2895007708
0.9059971922
0.6624293643
0.2896576917
0.3234578134
0.7196976615
0.4836625252
0.2918352834
0.3479706506
0.5504655499
0.3493548467
0.5660110783
0.325338482
0.2868855008
0.8025301401
0.7430224401
0.2901543998
0.3258998691
0.2874033797
0.9282783461
0.7893863264
0.4718918666
0.7321778743
0.8515381573
0.476703004
0.9167837584
0.664003042
0.466907739
0.3756765275
0.9004663797
0.4437841779
0.6207671819
0.7626614416
1
0.2879560356
0.2872087561
0.4775430878
0.2868358112
0.8025301401
0.2897216715
0.286892499
0.4497760872
0.2888347271
0.2972436059
0.4746071223
0.2875299552
0.3360071487
0.5637519833
0.8278828944
0.4335688479
0.8925277685
0.4333746
0.2868015165
0.3610550097
0.3090495281
0.5018698428
0.6164446091
0.3247808374
0.6296327956
0.5966441043
0.3802377451
0.6662492204
0.7326055019
0.8905411262
0.2873299425
0.7781777538
0.7680077338
0.7585228835
0.6400712564
0.365602933
0.3696352137
0.3274915868
0.5131861688
