-5.2030e+00,-1.6700e+01
-7.6485e+00, 6.8649e+00
 5.3664e+00,-2.2109e+00
 1.0978e+01,-9.3748e+00
 8.3470e+00, 8.4366e+00
 9.0214e+00, 2.0050e+00
-7.2206e+00,-1.1744e+01
-1.2887e+01,-8.2890e+00
-1.3245e+01,-3.6518e+00
-5.3762e+00, 1.1824e+01
-5.1480e+00,-2.4060e+00
-1.2108e+01,-6.3529e+00
-1.0554e+01, 6.5102e+00
 7.5337e+00,-1.0970e+01
 1.0724e+01,-1.3024e+01
 1.4946e+01, 3.0700e+00
 7.1512e+00, 9.7600e-01
-1.1352e+01,-9.5560e+00
 7.4148e+00,-1.4843e+01
 6.3107e+00, 1.4122e+01
 1.6087e+01,-4.2102e-01
 1.5610e+01, 5.0280e+00
-5.9990e+00, 9.8233e+00
-5.1652e+00,-1.2296e+01
 1.6591e+01, 3.2636e+00
 5.6543e+00, 7.5001e+00
-1.5620e+01, 5.2460e+00
 3.7863e+00, 6.0887e+00
-7.4649e+00, 1.2117e+01
-8.3241e+00,-7.7723e+00
-9.0892e+00, 1.2040e+01
-6.2432e+00, 1.0295e+00
 1.2916e+01, 8.9244e-01
 9.2813e+00,-3.4299e+00
-2.0899e+00, 1.4737e+01
-5.1362e+00,-1.4746e+01
 1.2995e+00, 1.4277e+00
-1.3925e+01, 8.5044e+00
-5.7687e+00,-4.8046e+00
-5.7842e+00, 1.4115e+01
-4.2373e+00, 9.1994e+00
 1.1019e+00, 3.8402e+00
 2.0797e+00,-1.1191e+01
 5.0383e-01,-2.1682e+00
-4.9123e+00, 4.7267e+00
-8.4824e+00,-9.4471e+00
-1.7341e+01,-2.2441e+00
 1.3604e+01,-4.3058e+00
 1.3096e+01,-8.7619e+00
 7.2934e+00, 9.7743e+00
 1.0167e+01, 1.3248e+01
-1.2036e+01, 1.2552e+01
-1.6197e+01, 3.5741e+00
 1.2648e+01, 1.1970e+01
-3.3266e+00,-1.5723e+01
 9.9746e+00,-6.7664e+00
 9.7860e+00, 7.5919e+00
 1.2718e+01, 1.0084e+01
-1.5227e+01,-5.1349e+00
 8.2203e+00, 1.3924e+01
-8.7737e+00,-4.3764e+00
-1.5866e+01,-3.1095e+00
-1.3513e+00, 3.1115e+00
 1.3615e+00,-7.4742e+00
 5.4707e-01,-1.0372e+01
 1.1818e+01,-6.9319e+00
 1.4811e+01, 7.0575e+00
 1.6995e+01,-2.6416e+00
 5.2861e+00, 1.2982e+01
 9.9955e-01,-5.0087e-01
 1.0106e+01,-1.1287e+00
 4.4895e-01,-1.4534e+01
 3.3026e+00,-3.9456e+00
 1.0985e+01, 3.2979e+00
-1.5492e+01,-6.8098e+00
-2.1757e+00, 8.1136e+00
 4.4537e+00,-1.1025e+01
-6.6457e+00,-9.2356e+00
 2.2730e+00, 1.6868e+01
-4.8005e+00,-7.8135e+00
-1.9956e+00,-1.0645e+01
 6.9473e+00, 2.5852e+00
 5.3380e+00, 1.0224e+01
-1.1035e+01,-5.1227e+00
-8.7684e+00, 1.4239e+01
 5.5160e+00,-7.8297e+00
 6.6823e+00,-4.9347e+00
-7.4658e+00,-2.5033e+00
-2.3546e+00, 1.2035e+01
 4.7493e+00,-1.3926e+01
 1.7360e+00,-1.3625e+01
 1.3354e+01,-1.1235e+01
 5.5488e+00,-1.6065e+01
 1.2968e+01, 4.6950e+00
-4.7854e+00, 1.5713e+00
 6.7360e+00,-1.3211e+01
-2.3411e+00,-6.6818e+00
-9.1841e+00,-6.4773e+00
-1.3646e+01,-1.5531e+00
 7.4681e+00, 5.7621e+00
-1.0198e+01, 4.5797e+00
 5.4624e+00, 1.8632e+00
-1.0273e+01, 4.4072e-02
-9.5516e+00, 1.0457e+01
-1.1411e+01, 1.1165e+01
-1.1021e+00,-8.4369e+00
 5.6304e+00,-9.7456e+00
 1.2583e+01, 6.9374e+00
-1.5231e+00,-1.4125e+01
 8.1903e+00,-4.3722e-01
-1.8315e+00, 1.7294e+01
-8.3106e+00, 8.4374e+00
-1.3927e+01, 6.2704e+00
 1.2311e+00, 6.5409e+00
-1.3558e+00,-1.6654e+00
 4.5814e+00,-8.9921e-01
-1.7278e+01, 6.0716e-01
-1.0706e+00,-3.9359e+00
-1.2588e+00,-1.7248e+01
 9.3984e+00, 4.4904e+00
 3.1150e+00,-6.8716e+00
-4.8777e+00,-1.0084e+01
-4.6956e+00, 6.7032e+00
-1.2061e+01, 9.7932e+00
-9.8829e+00, 8.3142e+00
 1.1453e+01,-1.8960e+00
-8.2307e+00,-1.3936e+01
-7.0363e+00, 5.2412e+00
-6.1812e+00,-7.0811e+00
 7.1091e+00,-7.4739e+00
 1.6542e+00, 1.2968e+01
 8.0266e+00, 1.2260e+01
 1.3716e+01, 8.6094e+00
 7.4915e+00, 1.5290e+01
 1.3282e+01, 2.9886e+00
-1.0150e-01, 9.0671e+00
-5.3926e+00, 1.6027e+01
 6.9649e-01, 1.5921e+01
 4.4221e+00, 1.6758e+01
 2.9530e+00, 1.4647e+00
-9.0518e-01, 1.1648e+01
 3.2914e+00,-1.5830e+01
-1.4573e+01,-1.9439e-01
-3.5352e+00, 1.3742e+01
-3.4022e-01,-1.2994e+01
 2.1663e+00, 8.7025e+00
-8.8797e+00,-1.0261e+00
-1.2310e+01,-1.1234e+01
-9.0628e+00, 2.3524e+00
 1.4473e+01,-5.5610e+00
 1.1773e+01, 8.8443e+00
-1.0198e+01,-8.2972e+00
 2.7766e+00, 1.0486e+01
-1.0416e+00,-5.7927e+00
-1.4988e+00, 9.6196e+00
-3.6071e+00,-5.3013e+00
 5.6840e+00, 1.5891e+01
 1.2126e+00, 1.0437e+01
-1.3923e+01, 2.0267e+00
-1.3182e+01, 4.9543e+00
-3.3967e+00,-2.5911e+00
 1.4795e+01,-8.2638e+00
 1.5741e+01,-4.2327e+00
 6.3772e+00, 1.1621e+01
 2.0313e+00, 1.4720e+01
-1.6170e+01, 2.0735e+00
-1.0168e+01, 1.3112e+01
 2.1032e+00,-1.9821e+00
 9.7900e+00, 5.9960e+00
 1.8531e+00,-5.7802e+00
 5.5541e+00, 3.5022e+00
-7.9529e+00, 7.4861e-01
-1.1162e+01,-2.1807e+00
 1.1332e+01,-1.1032e+01
 1.3909e+01,-2.0414e+00
 4.1783e+00, 1.4993e+01
-3.5934e+00, 1.5316e+01
 3.7325e+00, 1.2523e+01
 1.9861e+00,-9.3121e+00
-2.7008e+00, 1.9641e+00
 6.0412e+00,-5.5223e-01
-2.6531e+00,-3.2721e-01
 9.0871e+00,-1.3147e+01
 1.5491e+01,-6.9198e+00
 3.6841e+00, 2.9754e+00
-8.2776e+00, 3.7964e+00
-1.4444e+01,-8.7039e+00
-1.3643e+01,-6.7081e+00
 3.4094e+00, 7.5628e+00
-1.1801e+01, 1.4542e+00
 1.3963e+00,-1.6599e+01
 1.0767e+01, 9.9588e+00
-6.7613e+00, 8.5314e+00
-1.1970e+01, 8.2794e+00
 9.2875e+00,-5.1353e+00
-1.0251e+01,-1.1129e+01
 1.7430e+01, 1.4820e+00
-1.7822e+00, 6.6180e+00
 5.5959e+00, 5.5889e+00
-1.3376e+01,-1.0172e+01
-8.6284e+00,-1.2404e+01
-7.5938e+00, 1.5578e+01
 1.5075e+00,-3.7275e+00
 4.5332e+00,-5.3280e+00
 8.9687e+00,-8.1285e+00
 6.8953e+00, 4.2112e+00
-4.9373e+00, 3.1582e+00
-1.1993e+01,-2.6837e-01
-3.7666e-01, 4.4395e+00
-3.1742e+00,-8.4240e+00
 1.2239e+01,-4.8106e-01
-1.4286e-01, 1.4009e+01
-2.6674e+00, 4.0208e+00
-2.5642e+00,-1.2257e+01
-7.7180e+00,-5.8434e+00
 7.0053e+00,-2.6872e+00
-1.6446e-01, 9.9895e-01
-1.1186e+01,-1.2908e+01
 2.2386e-01, 1.7405e+01
-1.1614e+01, 3.0319e+00
-1.5574e+01, 7.9110e+00
-3.3462e+00, 5.9643e+00
-1.3604e+01, 1.0100e+01
-1.0011e+01,-1.4170e+01
 1.2016e+01,-3.5257e+00
-7.4499e+00,-1.5224e+01
-1.6279e+01,-1.0438e+00
 7.7046e+00,-9.2564e+00
 9.0287e+00,-1.4648e+01
 9.4801e+00, 1.1613e+01
-9.0605e+00, 5.5953e+00
 4.3943e+00, 4.6653e+00
 1.1739e+01,-5.1017e+00
-4.8688e+00,-6.8015e-01
 1.1350e+01, 6.0654e+00
 1.4512e+01,-9.7638e+00
-3.0058e+00,-1.3851e+01
 1.1007e+01, 1.1450e+01
-3.6499e+00, 1.1103e+01
 3.8135e+00, 9.1571e+00
 1.4228e+01, 5.6435e+00
 9.6606e+00, 5.0175e-01
-9.6482e+00,-2.8802e+00
 9.4705e+00,-1.0045e+01
 8.0110e+00,-4.2304e+00
-4.9566e+00,-6.1572e+00
 2.7325e+00, 4.3157e+00
-4.0244e+00, 1.6889e+01
-7.1221e+00,-8.2681e-01
-6.4112e-02, 7.4756e+00
-7.0802e+00, 2.6108e+00
 3.5897e+00,-8.6972e+00
 1.4192e+01,-3.7595e-01
-1.2399e+01, 6.6314e+00
 1.3523e+01,-6.8435e+00
 1.1352e+01, 1.8338e+00
