0.6299644901
0.2866619066
0.6911735771
0.4738699573
0.2923545415
0.6256565129
0.3752497787
0.2872428799
0.2980724935
1
0.8057476296
0.7186950107
0.3385024051
0.2865990728
0.866623803
0.3910793908
0.2926819357
0.287204685
0.7547297958
0.2910052275
0.3418872578
0.2912955425
0.3816241879
0.3609339308
0.6313241961
0.8520909103
0.2877554524
0.6869741561
0.8905966856
0.41062647
0.9932104409
0.3098344263
0.7818446224
0.5295383833
0.3417553306
0.6131718497
0.452702319
0.3091288532
0.6054485848
0.8763903213
0.851572866
0.7343399768
0.8005431941
0.5091105204
0.5302027758
0.5017337237
0.5900067845
0.8726834062
0.2861800517
0.2922167869
0.3329914951
0.3118271337
0.9243741281
0.343748743
0.2965316818
0.5707529318
0.4342585221
0.5538544487
0.5911415039
0.2894737734
0.6068115983
0.4935551544
0.3132295995
0.2897147666
0.6718551533
0.3485197127
0.6480571229
0.9485166227
0.9686297831
0.3282234931
0.8886128201
0.3030142796
0.8486234285
0.3940179023
0.4835446764
0.9797555136
0.5675907005
0.2989149373
0.4886412727
0.325701136
0.6566158122
0.9372662376
0.5097639448
0.2869901311
0.3362146481
0.3428146213
0.3261544139
0.5536299145
0.2897851727
0.7870203607
0.6525650592
0.450083804
0.3016103706
0.5915954369
0.3098344263
0.4553332969
0.3890240097
0.3108211992
0.3796440631
0.7766265773
0.7729898506
0.2914652042
0.358403831
0.525117173
0.3368455387
0.6424127256
0.2874442878
0.42368659
0.3566401662
0.3741244845
0.9397368487
0.4713674244
0.2898920733
0.5119448797
0.6177135852
0.3206606595
0.3747667998
0.2862813357
0.8739780093
0.2875297179
0.3017553616
0.5121632119
0.3337267028
0.9589420976
0.3081753602
0.6843159834
0.6011325378
0.3780066418
0.871708801
0.6780966787
0.7184790546
0.4553332969
0.7472188929
0.297013365
0.2874026154
0.4672170401
0.4626821311
0.3228130505
0.4415143713
0.559925241
0.7530666859
0.3991016497
0.4197207023
0.7371001157
0.3688984033
0.7421740097
0.9357143069
0.2975057633
0.3750886676
0.4604270154
0.8306255585
0.4191574365
0.5696232036
0.2923545415
0.3322614754
0.7434379867
0.7950936622
0.3162395864
0.2941794312
0.7392177036
0.660659989
0.3796440631
0.2863206234
0.7954846565
0.6550412732
0.9951310243
0.315056674
0.7354025336
0.9113848278
0.9384483306
0.3931504064
0.7394291917
0.8986714398
0.2953744855
0.9304591977
0.5268839467
0.2922625345
0.4078886047
0.4974201659
0.2885367393
0.3636527578
0.7758201125
0.9378585578
0.540426931
0.9581556081
0.3822878917
0.8317169522
0.3945396827
0.4154237065
0.2869081315
0.8870763272
0.3685859009
0.2864761832
0.2861774321
0.2862041515
0.2867859885
0.9755204713
0.683650746
0.4393455606
0.2918569501
0.2865405979
0.3504743905
0.2885081842
0.3123838734
0.2871671859
0.2912955425
0.8836642719
0.3839551023
0.4967748476
0.3450948688
0.3006138669
0.7882086449
0.6233879432
0.2980724935
0.442107548
0.2940228097
0.5233527434
0.6240685936
0.3824541024
0.9798975956
0.3742848856
0.38919469
0.4795332574
0.455130477
0.4980659373
0.7373120949
0.4751246089
0.3712576528
0.4713674244
0.3160408829
0.3664120935
0.3387594215
0.2991798049
0.5462338951
0.862127975
0.2953744855
0.6767610185
0.3110936479
0.7954846565
0.3235806482
0.3169399229
0.3063265592
0.3332359887
0.288771408
0.5644317575
0.3288067165
0.4200966732
0.3767050768
0.5545281888
0.3625905929
0.5491442308
0.3298657592
0.2862141055
0.3080896384
0.4219820184
0.4438913604
