0.3085379718
0.4918765595
0.6141729085
0.3833135846
0.3395581515
0.6046024235
0.4825088946
0.5580609322
0.3022621483
0.3213421407
0.5866133619
0.287555969
0.2905137083
1
0.2873799982
0.5032985681
0.6946570666
0.4102566642
0.4422970932
0.2938344816
0.4863278627
0.2945283497
0.4130118868
0.287740302
0.356001998
0.2888217937
0.3135455814
0.3407227668
0.4089784531
0.4643312421
0.5412180068
0.3342753098
0.8799258847
0.4060751368
0.930718999
0.2899819091
0.9840085395
0.8571637678
0.6775309191
0.5343027331
0.2962957214
0.5834300021
0.6369285219
0.3890419273
0.4389431182
0.2899185507
0.5354160305
0.4250080152
0.4705445059
0.9626176394
0.5327455105
0.2900138482
0.8043983118
0.6059696479
0.5655135776
0.7737730695
0.2873495276
0.8734467749
0.5454707682
0.3456293988
0.8174157533
0.8124770256
0.3703629169
0.3457646375
0.336258101
0.3395581515
0.4148608331
0.7616534292
0.6546003275
0.7516491544
0.7840825555
0.8202428713
0.9744584074
0.3123386365
0.3853204749
0.9389934651
0.3783687032
0.3652454614
0.5809302297
0.2909783873
0.5777507602
0.4361988506
0.8564753327
0.4448776083
0.2897326347
0.6649712415
0.9452155596
0.6759653676
0.3156487518
0.3456293988
0.8202428713
0.3229489391
0.600273317
0.3285500016
0.3000462358
0.7376961616
0.2966943277
0.5155142319
0.301411288
0.7161609286
0.9105796001
0.3864986894
0.8335814141
0.4968155707
0.3059823302
0.9908607701
0.362964192
0.2879021922
0.3587822349
0.3780427654
0.2873022433
0.8005085329
0.4023037888
0.3469879483
0.3863300352
0.3071172306
0.798945038
0.3200814233
0.9280327103
0.4873919893
0.5934405487
0.2870736624
0.8881371202
0.4030186664
0.4430896614
0.3125225801
0.3093954511
0.5172705822
0.7499697498
0.4651561807
0.6999560058
0.6815503792
0.800118063
0.303582988
0.2896121585
0.6518879876
0.8333988328
0.3551338101
0.6251046061
0.4987557292
0.8732830083
0.5133226015
0.3829806976
0.3320888734
0.7661960814
0.5829753991
0.3985778878
0.3670907643
0.2929463246
0.2899501433
0.7139835696
0.4818742388
0.288298988
0.5829753991
0.5374220093
0.2956316735
0.6618195912
0.5609941724
0.6435095133
0.2917099796
0.3500246521
0.5743470369
0.5900260913
0.5847940616
0.3099176423
0.2874808579
0.2873595095
0.7520684788
0.9202517555
0.2941772398
0.7981616798
0.7960019431
0.4482722372
0.3945504184
0.7269845294
0.2881387543
0.9676315541
0.9936921147
0.2902755949
0.3025510554
0.7220190352
0.3095688737
0.2882375923
0.2957954
0.478288017
0.3151640898
0.2873595095
0.3094820822
0.6937719961
0.6552779953
0.9354676143
0.5741202349
0.2882783484
0.4067985618
0.2870967862
0.3186385281
0.4938058811
0.3201856405
0.8593920298
0.2873113502
0.8973079716
0.3165309882
0.8729552152
0.9115680536
0.4571605466
0.4846282274
0.5052520801
0.295740655
0.2871803418
0.3650924973
0.8278860253
0.9478257656
0.9242510506
0.7034773283
0.3050349263
0.72093653
0.2880077091
0.6166789947
0.3646343569
0.3678649204
0.4033767214
0.2870699835
0.2875176265
0.3402037531
0.3154544175
0.5430073727
0.4182130103
0.6866726549
0.3019758827
0.4770264815
0.7474443806
0.4082502267
0.3055056949
0.2951496496
0.5838846474
0.3422932589
0.2876095403
0.4910204851
0.3237104687
0.2975763143
0.4301811317
0.3336632538
0.2871032678
0.659565811
0.4893109613
0.5329678702
0.8602453123
0.2871624753
0.3487744427
0.3243691039
0.409160758
0.391266251
0.3895535783
0.7100541916
0.838301504
0.6799883432
