0.3097213709
0.5696782226
0.3594698588
0.8055690792
0.2940126953
0.3839772174
0.2986699008
0.7935260141
0.4959448902
0.4521182304
0.4908027392
0.6497306422
0.2913137454
0.6227874159
0.7160208603
0.3293208059
0.2897188871
0.885346636
0.2872004877
0.3093690472
0.3315798726
0.9714075872
0.8355668363
0.827192034
0.3823103182
0.2864838934
0.4610637724
0.2864618823
0.2886221265
0.5991566495
0.3917888832
0.508490656
0.2921795811
0.3102546329
0.4368148577
0.9570341734
1
0.3057434664
0.6970245662
0.3091064788
0.4730594044
0.9347274693
0.7402170324
0.3665928663
0.8428932892
0.794506799
0.5769179092
0.3379013582
0.4115632242
0.5884817856
0.803451482
0.4491009873
0.3615625249
0.6009745998
0.3814811352
0.3236301277
0.6972445184
0.2948579014
0.3004139448
0.6082473719
0.5748802864
0.5957485601
0.8831616702
0.9096032421
0.355214992
0.3398309755
0.3719161619
0.4117470085
0.4223793358
0.8368270046
0.380654813
0.4616786941
0.5406935557
0.3134789354
0.37366833
0.7999684155
0.6121109053
0.3977105869
0.2910673527
0.7660362308
0.8405845666
0.5111059017
0.3609620797
0.2952412948
0.2878278412
0.355214992
0.4804021244
0.3046274164
0.9344846383
0.2931622374
0.4745219202
0.5172322542
0.4010728234
0.4918715128
0.8748934707
0.4279030734
0.5183296646
0.2863946224
0.4216233665
0.9899875297
0.4839950504
0.3113383066
0.2912722513
0.5039296578
0.3004139448
0.740005539
0.7639853285
0.6445378366
0.818283408
0.3336455841
0.4191765685
0.6415990755
0.2889743025
0.3754349117
0.8777825677
0.3746301414
0.5602014854
0.3106133199
0.4718082769
0.5200875996
0.2881913571
0.3004139448
0.6341287047
0.3022697674
0.2958033426
0.409548011
0.3336455841
0.2910268876
0.2973433846
0.585304848
0.4137749964
0.286345353
0.8907317113
0.3066426252
0.3919612832
0.6118836533
0.8812748898
0.3004832608
0.3624669852
0.3012566376
0.5026302954
0.8024861839
0.97871956
0.2955202113
0.585304848
0.4191765685
0.7492633867
0.395431875
0.6148377155
0.4541390257
0.3306222684
0.9316630668
0.3271146688
0.9764646318
0.3757576469
0.754478581
0.7233617836
0.6923975947
0.4017854194
0.5389098183
0.352629051
0.4449056029
0.289351383
0.3456718283
0.313669008
0.3299101865
0.8542336356
0.3181103866
0.4806130045
0.4722250657
0.2911079894
0.4240855606
0.2864108701
0.886432515
0.8323090085
0.4429198513
0.3451298297
0.7682855504
0.3213515426
0.3669020886
0.7304380698
0.9595130816
0.5559256783
0.4309823434
0.8423616943
0.6826560822
0.9354535336
0.4214346017
0.367988243
0.5588504067
0.2866175189
0.7047014831
0.2863946224
0.9434259991
0.3599161877
0.2939100943
0.2881155296
0.4513119842
0.5959757381
0.951878054
0.503496347
0.2875034109
0.511324125
0.7695094768
0.3553598988
0.33389135
0.3799958234
0.5800895687
0.7140695011
0.8620497185
0.3429837522
0.3065600761
0.2910673527
0.6476997202
0.2864052796
0.6779858969
0.2865156861
0.3394425239
0.3403508702
0.286578045
0.2864994406
0.5588504067
0.9778294949
0.3086720588
0.7666503782
0.288482745
0.2863249105
0.6603120479
0.3120734181
0.6990028642
0.2875444082
0.8745707073
0.8088252026
0.6952636939
0.2863186204
0.2864286898
0.2871486509
0.2866819654
0.7240071058
0.6084746494
0.4091828783
0.6607613256
0.3198696183
0.6159737457
0.7066682058
0.3764045309
0.9224881835
0.3415287943
0.5651615134
0.9928674297
0.512852901
0.2883743586
0.5415861315
0.3254107036
0.6116563989
0.2863187952
