0.4236989572
0.5219910269
0.2860942985
0.9654384445
0.3883388389
0.569973284
0.8528225549
0.9615424208
0.4077150536
0.7144073048
0.318214027
0.349997489
0.3138232845
0.4620722907
0.2944658309
0.3915946791
0.4496924108
0.2859045303
0.4143213841
0.2977390862
0.3477675095
0.6757913571
0.2996679661
0.7681819718
0.6932573436
0.8291626143
0.6500664803
0.4916171288
0.3282276038
0.368092642
0.2865358667
0.7538150275
0.2860029925
0.2858025697
0.5767477339
0.330592924
0.765942844
0.7973904277
0.4169238596
0.4024856935
0.2868964259
0.4108191352
0.4250299154
0.2876452154
0.5350294354
0.3224626708
0.4736612928
0.2864679494
0.330592924
0.2881736668
0.5555703977
0.61413227
0.8203490808
0.2908245809
0.2897860057
0.318214027
0.2999449351
0.2890660046
0.5432631515
0.9370302639
0.9900069382
0.7412876368
0.4035607233
0.7396032903
0.6853222818
0.7940836044
0.8735649203
0.8106095269
0.382112679
0.3150894039
0.3921123302
0.6471408953
0.32445323
0.5106074476
0.6435362394
0.4476888228
0.4521065822
0.2889302574
1
0.411921379
0.7995197774
0.2857832218
0.3336310687
0.8802317998
0.2929948055
0.7355902393
0.3847863354
0.5932727782
0.7398140089
0.2974206273
0.4368076789
0.2865186267
0.8932411537
0.3718709018
0.9357339306
0.3470776701
0.3476292729
0.845385956
0.8828858295
0.7172136292
0.5609624783
0.3814487806
0.7317722189
0.6811177143
0.898843259
0.9268211127
0.3440825074
0.4850208482
0.6639737077
0.3066162978
0.7118106173
0.641055693
0.3804563453
0.7007109439
0.6299860795
0.6433108116
0.4757517807
0.6030216317
0.5837595132
0.3591051154
0.3245652353
0.3834459074
0.306034129
0.5206720581
0.3485997446
0.8678913218
0.4346605927
0.3817805028
0.4360257665
0.6225164886
0.4075333401
0.6630789758
0.2918396304
0.3120201956
0.3103642618
0.8911436093
0.2917477854
0.2893101857
0.4362211214
0.8434595644
0.2858618305
0.4338823184
0.8240423522
0.3194631234
0.2858618305
0.6426344354
0.9110211059
0.5632125403
0.5215512189
0.2943563681
0.2890318097
0.3262631364
0.3844505563
0.8282526277
0.3055413996
0.3061996595
0.9745698608
0.5490718248
0.3105457324
0.2991896257
0.2859615179
0.3801264467
0.6272709864
0.3457080998
0.8429325054
0.6755690692
0.664420933
0.2992574644
0.2856734004
0.3691874507
0.8273407443
0.9103323659
0.5724558018
0.9286962138
0.2865358667
0.2859135928
0.3004359759
0.2857215145
0.319778825
0.6154923515
0.3819465342
0.427513164
0.2856751437
0.8205344484
0.4759611665
0.5504147319
0.3152865193
0.9779588318
0.2891696217
0.3316762779
0.992681075
0.286698844
0.619118412
0.4240787867
0.5688454678
0.6958926968
0.3260348233
0.8492095114
0.3048934547
0.3622542933
0.3322831961
0.3736256741
0.9250507848
0.5252943253
0.2890660046
0.5259559693
0.8031783285
0.5677180449
0.3068682069
0.2860247744
0.745274965
0.2857894968
0.3263775147
0.5106074476
0.5392525327
0.2865358667
0.985810957
0.5542242806
0.2934531833
0.2892747868
0.8587634952
0.5222109873
0.4319424922
0.2857894968
0.4740788977
0.5294900955
0.2858308063
0.286183329
0.2860137964
0.4935418168
0.3110021712
0.7473660931
0.5401429807
0.5283847253
0.3167845901
0.4626878828
0.7872152908
0.9398157875
0.2876714726
0.5228710934
0.2859615179
0.3204143284
0.2870890852
0.4600247635
0.4368076789
0.907553448
0.4084428892
0.2876979028
0.9732585335
0.4433077999
0.7653309488
0.3525468408
0.3611983869
0.2926968439
0.2859819069
0.3924579679
