0.2858112152
0.6170038853
0.7121572101
0.335080471
0.4723525323
0.3405866016
0.8723326345
0.8048047887
0.8105109686
0.7650338395
0.3344571565
0.3205883922
0.3083724081
0.2972582623
0.2874815671
0.9369163347
0.8651572829
0.5884430357
0.3620590465
0.4887851515
0.3386364107
0.3124512226
0.3045363273
0.4605822926
0.9564502557
0.2896756893
0.299838985
0.5699039835
0.4230784359
0.3918920182
0.6779302528
0.6708131542
0.2952150243
0.6854599139
0.2882277591
0.3376091602
0.5886695252
0.2860239726
0.6694756442
0.3830653426
0.3672696253
0.619496241
0.5278786281
0.8837089122
0.490703409
0.299494053
0.3175591148
0.7004071435
0.2879650309
0.7867247419
0.5016525688
0.3106900547
0.990556684
0.6517860673
0.5791641689
0.3894864311
0.2921782874
0.3310327142
0.630135648
0.2888616253
0.4614012055
0.2884730311
0.5710320432
0.6872264347
0.6836913815
0.8610065513
0.3133052199
0.7350773991
0.881532895
0.4056723048
0.6436833794
0.3276055706
0.6856808399
0.3536505616
0.2860840778
0.7947667741
0.7785745806
0.9180615876
0.3181753368
0.4653058834
0.7091218464
0.5263332418
0.8785517485
0.5947870488
0.383399286
0.401365505
0.8396530245
0.3550955344
0.3155449831
0.5155662845
0.7205700714
0.3319996253
0.4740212566
0.7605300729
0.4230784359
0.727423552
0.6015879055
0.5125074231
0.3108727658
0.4626316267
0.9000409515
0.35728727
0.2857815884
0.4140858454
0.6839125567
0.6710359817
0.9528377023
0.4736037025
0.2952723562
0.9660238468
0.3213387316
0.4858099443
0.3486965173
0.7489441576
0.380245101
0.7428784225
0.3682039051
0.3143661574
0.6594162125
0.828879977
0.976833309
0.8042307072
0.2918041469
0.4396979932
0.498203521
0.4063957116
0.2857887338
0.4534646077
0.5400773072
0.3323645962
0.4587437808
0.874740405
0.3944927974
0.4082111447
0.2896756893
0.3210162509
0.3677362167
0.3604041185
0.3613049189
0.5719347565
0.6088434973
0.877445355
0.2864498356
0.447034862
0.285907059
0.3110561076
0.2870101575
0.2901364753
0.5103275734
0.4849618768
0.2863840119
0.938432283
0.353794473
0.2977028855
0.2932632063
0.4836914613
0.5886695252
0.2901364753
0.3525039762
0.9699303847
0.6887704581
0.3074242199
0.9441013992
0.450642219
0.2971327257
0.2856595837
0.5588711105
0.8988795665
0.7147525939
0.8944712848
0.3381216638
0.7439273411
0.4738124486
0.3244137812
0.3096964364
0.6511117219
0.9039162762
0.286217338
0.7568248079
0.490703409
0.2865717168
0.2894909861
0.3960647275
0.5389644556
0.2893463147
0.2856423272
0.8044221371
0.5219275604
0.5848202295
0.2964541995
0.3008267044
0.7823646751
0.3381216638
0.4486351207
0.2892750098
0.8528899914
0.5690018092
0.6400753964
0.2862755124
0.2884730311
0.295737052
0.4040504662
0.4565044071
0.6843548143
0.8296068129
0.4316964786
0.383399286
0.4436505782
0.3764821754
0.5586464144
0.383232258
0.2856386667
0.2857045534
0.2856653358
0.3407177266
0.3213387316
0.3635766914
0.2888282951
0.5898020751
0.293996276
0.3052600903
0.5868578122
0.6894316947
0.3218792161
0.8858673223
0.4546785843
0.4936958978
0.5568495852
0.3310327142
0.6267421261
0.3125454855
0.285671785
0.386594076
0.8103217854
0.2914857087
1
0.2859575901
0.4315030675
0.3020693382
0.4111361706
0.3347060553
0.3134008897
0.347725226
0.2869031373
0.5416365119
0.9897400902
0.2858352644
0.8335825197
0.7898761785
0.4107691855
0.5787119634
0.2856522628
0.3056678293
0.2891693418
0.2872137162
0.3607038808
