0.2867117168
0.2942084785
0.3041635107
0.2902599728
0.93832291
0.4840545803
0.2961593611
0.5993873014
0.5541600327
0.3102899064
0.6821427468
0.5083258163
0.3192114822
0.4147594431
0.3190035967
0.4213063193
0.7509970279
0.4564334938
0.4132791475
0.8655716954
0.2912201029
0.2946361778
0.2872073704
0.3575740891
0.2862761473
0.5351678253
0.7152659465
0.4927849618
0.8269372036
0.3498226175
0.3482908742
0.576257801
0.3552376076
0.3301358854
0.8776008898
0.7411383607
0.8466582002
0.4271982507
0.3166570249
0.3110130811
0.2861043656
0.4160596782
0.3121168107
0.3321754266
0.4287325607
0.4312376455
0.3624966894
0.2871878432
0.8378111347
0.3161576869
0.7343623501
0.5360569421
0.2929417889
0.8665646431
0.3365055863
0.401661561
0.7052637531
0.4689600173
0.3228386258
1
0.288405092
0.6705646871
0.8049633172
0.700889403
0.4855385477
0.457043522
0.717428958
0.6236801553
0.8551331878
0.3330274003
0.3757980529
0.6021123182
0.4360955018
0.4045277431
0.2863002356
0.7117965213
0.2975534546
0.4222507971
0.5429640651
0.3974115213
0.2862195892
0.7074452522
0.665420838
0.9295952556
0.9033825662
0.5570808577
0.2865009426
0.9354719761
0.3439277789
0.8005294672
0.4158736474
0.4449688404
0.3700574166
0.9740942177
0.2932857722
0.6438273668
0.7154824357
0.2862012593
0.5694756829
0.5212356062
0.3121168107
0.5586551281
0.3008173612
0.4425867898
0.5011716599
0.5521401695
0.4435779361
0.3536505747
0.3467753943
0.697159681
0.2865494537
0.5447510487
0.4465631152
0.4910742928
0.436290903
0.2921411088
0.7491180877
0.2864892507
0.372908405
0.7989787887
0.5674437062
0.5647365301
0.3797100787
0.9512678933
0.3415350686
0.447362104
0.9129422145
0.670341316
0.3741879535
0.3412719756
0.8663993653
0.5351678253
0.3218614566
0.286139982
0.2865009426
0.5016037851
0.4153161203
0.8336755023
0.3865459251
0.9353519172
0.2871493104
0.9900359625
0.3006763578
0.326183608
0.2874552536
0.4169912399
0.790767418
0.5035507189
0.5991602324
0.58962712
0.737968355
0.2934860704
0.7927331008
0.3047929879
0.8963716378
0.2962181305
0.3345043276
0.701108473
0.6352364375
0.4745832042
0.49815225
0.6084713066
0.2866829307
0.2955809081
0.4392317792
0.4463635602
0.5353900572
0.8818705335
0.3421952255
0.3127711284
0.568798211
0.2890054382
0.3669356723
0.6949609428
0.2869327244
0.8269372036
0.3571334788
0.4378570795
0.2973665965
0.9804867894
0.8813993262
0.8600558716
0.4243365933
0.2870743317
0.4895802633
0.462562306
0.3362534372
0.2988375245
0.2861033181
0.6343310349
0.9170185702
0.773599305
0.2874989998
0.4216838381
0.7650507839
0.3620434766
0.3840229656
0.292325075
0.5525888643
0.3802037768
0.3030869846
0.3335174121
0.6037020292
0.5882660803
0.6397604531
0.3010301023
0.3115621057
0.5925768711
0.6195962747
0.7962547094
0.28777606
0.6544217007
0.7880045151
0.9053866861
0.983698738
0.2871684899
0.2898891065
0.2944209757
0.2862133047
0.4804623797
0.3024118278
0.3621944217
0.2861645982
0.9951119196
0.2974910015
0.3833544437
0.4386421339
0.741771017
0.3345043276
0.6943006454
0.3748305761
0.3634065049
0.2873698456
0.6598155145
0.3446003265
0.6669877313
0.2861111748
0.3231670604
0.2983159033
0.5803327885
0.5654130881
0.3055135572
0.9430571265
0.2874122022
0.8544487196
0.4149449076
0.3503836249
0.6710113524
0.6526212058
0.744507274
0.341666823
0.9380875717
0.939143379
0.286139982
0.299707825
0.9767189324
