0.9432557208
0.3141737941
0.2888445524
0.3076839081
0.8215919068
0.9621183468
0.2901587538
0.2980275611
0.307850331
0.5712318705
0.3162952808
0.3081011772
0.6408808454
0.3570532078
0.4643570789
0.2918156574
0.5928259345
0.3846743893
0.7101901875
0.9258959681
0.4741192011
0.8234648052
0.5567610658
0.7680192325
0.2992797784
0.2875132508
0.8871763242
0.7768039676
0.2971324986
0.29189598
0.3813484684
0.3062152633
0.7288550945
0.6619248749
0.5862238136
0.3775808636
0.4206748213
0.3866918037
0.5857687608
0.7547478855
0.8332667644
0.3081011772
0.3106893065
0.8217795272
0.53679822
0.3061352145
0.2873366245
0.3050316421
0.4842336422
0.2897568634
0.5350151407
0.8695950484
0.6347465467
0.3883853537
0.2950351406
0.6324724772
0.7868778694
0.6706985111
0.2883217544
0.3376846157
0.7256224208
0.397369098
0.3175844445
0.60308072
0.2874457941
0.2968425712
0.3003967736
0.5916871748
0.8980564682
0.4470949978
0.3284828369
0.7427424499
0.3991300773
0.4208631637
0.2872144698
0.3114938522
0.2872134182
0.922856581
0.3622405417
0.8075081293
0.5035500416
0.6865707462
0.5144556596
0.3433901445
0.2875778987
0.2919769912
0.4210515987
0.4383763089
0.3613401134
0.4867836749
0.308692133
0.4321355354
0.2912352077
0.8260744541
0.3007344691
0.4048353105
0.7981682056
0.3714932644
0.3349348212
0.3448587988
0.6785403234
0.6128840299
0.3724429343
0.4227516615
0.4216174581
0.4749566541
0.7011873753
0.6854576987
0.8968536252
0.3388294482
0.2874641919
0.3027022252
0.3826733331
0.8421381401
0.5585653853
0.5450708023
0.5347924027
0.5195090817
0.2875340999
0.6540231275
0.314079169
1
0.435440179
0.7676080004
0.3175844445
0.2923923679
0.3906036072
0.2873501182
0.7761946509
0.3376846157
0.2873238316
0.2873059562
0.620633337
0.3131415931
0.2992797784
0.9817782367
0.4019694564
0.2877127837
0.5685127545
0.6506295243
0.3355536775
0.8737193448
0.3825073222
0.2878096413
0.5823571527
0.9528183031
0.2875132508
0.8639001419
0.6383827582
0.3490871494
0.3943998391
0.2877810932
0.6517611686
0.3253068272
0.5057219332
0.4627102256
0.9647405137
0.7206464048
0.6188103684
0.2879628726
0.4711961583
0.6998647076
0.530566778
0.4762147221
0.4007239453
0.5762228197
0.2873716726
0.4996528907
0.2883217544
0.7743634518
0.9992084455
0.3398567149
0.3173844
0.345937399
0.3427281211
0.4592255032
0.9705541416
0.2922659495
0.7121578225
0.4795804816
0.4212401262
0.9746111445
0.3148405761
0.8136463066
0.2876612849
0.2873003482
0.8011037388
0.3464799956
0.9370389274
0.4191714268
0.7210800086
0.4267471597
0.3749966162
0.3363010487
0.3769319579
0.3298796623
0.8370915828
0.89443024
0.9990125442
0.509206742
0.5655698703
0.3190021173
0.5372443126
0.6153915828
0.4051953825
0.9096136709
0.8257025379
0.3102479254
0.2872617917
0.2880122504
0.7467628835
0.5529317791
0.4701552865
0.4290480346
0.2873432838
0.5013829836
0.3242010134
0.3968428686
0.3183908281
0.2939812962
0.7223797924
0.4383763089
0.2873003482
0.4256015295
0.3169861765
0.7337919729
0.3894068371
0.5689657718
0.4130337928
0.8968536252
0.9680231805
0.8737193448
0.2876488476
0.5281260996
0.2877810932
0.3041870175
0.5365752217
0.3027022252
0.8088569883
0.6151636364
0.4718214624
0.2872539049
0.8909055301
0.4812692076
0.3004639799
0.6598953635
0.9369166762
0.2875556492
0.6201776238
0.8563858198
0.9186778767
0.2886591285
0.5206105264
0.6297422869
0.5173092373
0.3508991643
