0.4622906964
0.4886576332
0.4387756658
0.5006679156
0.368906346
0.3428096673
1
0.3928191123
0.3103352361
0.3085688464
0.2873924192
0.623363919
0.2910114831
0.3607887071
0.3337154143
0.6511766407
0.2861331589
0.3178255909
0.3211707413
0.3268218117
0.7071258501
0.488231752
0.4005360209
0.9390086934
0.2871858793
0.6385383509
0.3973545272
0.3057941563
0.2866137312
0.4970049561
0.6453150648
0.5388727031
0.3019991534
0.304987974
0.6509514144
0.6985965022
0.2957102639
0.6880246042
0.8884083708
0.3624447025
0.3034242692
0.3310429594
0.611789945
0.5716529437
0.6328818067
0.395601658
0.3501929436
0.6718080128
0.3533130468
0.3978824354
0.2902563722
0.8407207691
0.6099735137
0.4088165478
0.3460423128
0.3038865509
0.3379818918
0.7363796055
0.9366515783
0.3858153373
0.5286615058
0.5527339664
0.2904881378
0.9058259605
0.2949769732
0.3504739398
0.8649500072
0.8524373693
0.5725569374
0.5286615058
0.7521393804
0.9596261343
0.6637575782
0.6156492719
0.3883563076
0.8407207691
0.3084821998
0.3015614002
0.5718789201
0.8035024846
0.8664403662
0.5264510679
0.8177379809
0.5947612669
0.375582641
0.9271988637
0.6213224736
0.3088297441
0.3991178719
0.3156169488
0.7527636853
0.4171180043
0.5121754274
0.9806235766
0.7961405159
0.2884782509
0.46024176
0.4323367119
0.3763914031
0.7422967501
0.9049717139
0.2890278175
0.3744553185
0.3056316262
0.418613888
0.3421461501
0.3738137356
0.2877107497
0.385646828
0.7742969245
0.6543278479
0.3013447407
0.2862675535
0.5000204756
0.2861602142
0.8723322772
0.3293788466
0.2869609762
0.2881699831
0.6192805077
0.8238731
0.2890278175
0.3103352361
0.3045120386
0.288776655
0.4005360209
0.4288632279
0.4079062521
0.7444005018
0.4513105501
0.3499124801
0.9194231314
0.4925003016
0.3096210447
0.700569811
0.9268185426
0.5049952131
0.9560769206
0.4409418325
0.3102454067
0.3489350629
0.4119298211
0.7149468681
0.2870702976
0.3061211542
0.2884782509
0.6722543027
0.3017795382
0.3178255909
0.3068663293
0.4678567133
0.8035024846
0.3933387577
0.717542108
0.5393181792
0.767393715
0.4519150277
0.3105153705
0.3733337947
0.8580738168
0.290449081
0.7870998909
0.912123534
0.7589798112
0.3950778554
0.7199157267
0.4012475683
0.2993941125
0.9807616121
0.2870891266
0.5000204756
0.5106483222
0.8874884763
0.3195832476
0.5344246659
0.4856811061
0.9923529752
0.2861235584
0.4366193274
0.5489232796
0.2861661488
0.9160788837
0.8201644162
0.7847189016
0.2873924192
0.3664190766
0.286062287
0.699912367
0.4635233515
0.6079298983
0.3025173262
0.5933995766
0.9721073796
0.3514616116
0.3399160964
0.63129667
0.8322893316
0.5990743049
0.2894939234
0.2932935239
0.6079298983
0.3212777889
0.506948605
0.2863408499
0.773286069
0.3843027809
0.3329796397
0.2865336563
0.9325512607
0.376067546
0.6038425238
0.5297680364
0.3052281298
0.2936469645
0.2860954545
0.4801827245
0.2890923345
0.8331944381
0.9325512607
0.4848326801
0.7058173681
0.2873924192
0.2861916321
0.2865209204
0.4346676698
0.3130090103
0.6455407202
0.4529239699
0.5390954263
0.3624447025
0.652302496
0.3166116121
0.3594451938
0.2899203197
0.2860701426
0.4686854221
0.2861916321
0.2861382209
0.5626271392
0.6824886244
0.3064507326
0.6170111287
0.2880630792
0.4197396892
0.3717417423
0.7616579874
0.2882796575
0.4154422799
0.3317648752
0.994199653
0.3446858069
0.4533280619
0.3017795382
0.3570822611
0.2889323366
0.601798904
