0.992218696
0.2984189455
0.3079929314
0.937751862
0.570596483
0.9265246174
0.436630036
0.3059943275
0.698580785
0.3300366721
0.8831835346
0.5778381601
0.7758182805
0.9797621197
0.8467907002
0.8268447349
0.3432585849
0.6650414886
0.2948652012
0.4086460326
0.5227421322
0.8317842079
0.4143403543
0.286735518
0.8866092293
0.3843214702
0.4513231573
0.2974739095
0.3047136227
0.8928766479
0.4315728505
0.7095210836
0.5196607433
0.5229625194
0.3000089499
0.5875884706
0.3593302336
0.4197502269
0.5912207166
0.3186310961
0.3769002584
0.5220811987
0.4592341357
0.3118964141
0.346907879
0.5030756802
0.4173153711
0.3912820202
0.502642739
0.6250728774
0.3866772803
0.4869784552
0.3248582014
0.9262685481
0.2976599096
0.3399691558
0.6459093062
0.8789201659
0.925240301
0.7357835667
0.875076385
0.7699360432
0.2976599096
0.704281452
0.9934054585
0.9717656272
0.305670262
0.7296010441
0.3347643409
0.3279293841
0.286747568
0.2870251896
0.356095201
0.2895564196
0.4199381716
0.704281452
0.2916590861
0.7780361985
0.6336912117
0.8619030223
0.2909536749
0.5393689266
0.9397563895
0.3614211711
0.5245062827
0.8469659858
0.3083350346
0.6452316208
0.2875932209
0.6990201694
0.3722428754
0.7594721257
0.2948111052
0.4134156418
0.3914540992
0.768916813
0.6255267962
0.3314678691
0.9744543959
0.2871054894
0.952429086
0.3460883267
0.496602059
0.2863257088
0.3642985043
0.3448681876
0.5371413093
0.6928560574
0.3419324038
0.5431626947
0.3262098026
0.2913209575
0.2940715304
0.6155345834
0.5474123983
0.8970683958
0.532251617
0.287834967
0.4090105848
0.5335836165
0.3642985043
0.5724055374
0.7410808553
0.8539109647
0.9221175732
0.3156119367
0.4423366166
0.302203814
0.5563891719
0.502642739
0.480624903
0.2935137459
0.7905933733
0.4201262085
0.7156052302
0.2872974773
0.3720840624
0.9286851372
0.7617415982
0.5384775143
0.7084313308
0.3512195561
0.518562105
0.315808881
0.3429922434
0.2965073666
0.2867975122
0.3120811441
0.4335111839
0.2866778852
0.3987781624
0.6093988362
0.2885729982
0.2907165424
0.2879518016
0.3620231495
0.3086797006
0.4503170053
0.8075068805
0.3464974918
0.4419408808
0.5282629129
0.302203814
0.414525583
0.3878633869
0.5563891719
0.3225447681
0.6018985337
0.6028076197
0.8135968093
0.2887729867
0.6879942792
0.9936343067
0.5436095656
0.292552302
0.424666434
0.4188118877
0.7582313839
0.628930128
0.7964831155
0.8830267899
0.3505154204
0.3064852758
0.287411077
0.2863624012
0.3393217207
0.448310355
0.2881730419
0.6336912117
0.6087169957
0.7670785102
0.3444639342
0.2867975122
0.315808881
0.4307999057
0.2927862763
0.7014342109
0.3001457653
0.8207332876
0.7293871513
0.3264371535
0.308420961
0.4035840593
0.318528222
0.3851603083
0.5170256932
0.8211059756
0.2902978663
0.3323124024
0.2867236425
0.2869942894
0.8613984034
0.9472574975
0.5873615195
0.6495211329
0.287089081
0.287572287
0.6452316208
0.7233796918
0.4658054485
0.2881226625
0.3650632121
0.4812579133
0.5480842864
0.3785292236
0.2867721912
0.4333169688
0.5358062208
0.8629099849
0.6443278198
0.2869200891
0.3462245791
0.3189406388
0.2895564196
0.3569712904
0.2875309408
0.2863494717
0.3256440275
0.5608911853
0.7383300913
0.6804506285
0.4802031915
0.8427370333
0.3456803861
0.3731982701
0.3765758685
0.8273962888
0.5298127523
0.2864689743
0.4643619968
0.4227683311
0.2913209575
1
0.499401842
0.3221116425
0.3279293841
