0.4642071695
0.4007712296
0.9225781301
0.287898876
0.3644736465
0.4564334938
0.3505242097
0.5823716584
0.3112868826
0.8693612541
0.5694756829
0.459490024
0.4249073285
0.3218614566
0.4754201658
0.3068268912
0.8724573992
0.3302546954
0.3264113757
0.5039838925
0.2875659214
0.3606906479
0.5941656105
0.6062002267
0.9714255648
0.9714255648
0.6214115923
0.8497941902
0.921007332
0.6903324624
0.6980381934
0.3388003754
0.6082442018
0.2945821238
0.7332991114
0.5362792998
0.3030869846
0.7457672545
0.3530773981
0.2971812423
0.7644362337
0.2871303049
0.2920501489
0.6127859855
0.869524987
0.3024861908
0.3600926822
0.6191423866
0.8602243672
0.3748305761
0.2862609608
0.5393955357
0.8238065151
0.2861693119
0.2884907348
0.2939986882
0.3141028216
0.3046346443
0.4318178015
0.4743741185
0.7970343608
0.9668913589
0.3186929159
0.5557323197
0.3293083032
0.4231975373
0.3572802201
0.7905704899
0.4607170673
0.6991355331
0.2944209757
0.3584587814
0.2874989998
0.6852465883
0.3247176084
0.7232477743
0.4327864293
0.9478361677
0.4897935342
0.5905346204
0.307077733
0.9696654787
0.2935872377
0.8835914178
0.8527317832
0.3352505251
0.3991751189
0.487025275
0.3090487952
0.5636092948
0.7217422302
0.3717950626
0.6341046549
0.3766075179
0.7447173991
0.4231975373
0.3390581676
0.5148720248
0.2917813652
0.3680227278
0.3997062259
0.2861033181
0.3065774973
0.6636286827
0.2987717399
0.2876809297
0.3499626694
0.351370509
0.4262421542
0.5792004642
0.3088740407
0.3138148767
0.91059371
0.2867117168
0.2867117168
0.4302724293
0.724107114
0.2904518505
0.542071243
0.5934846902
0.9264429187
0.7885976343
0.286614014
0.4014832897
0.6248141669
0.2944745228
0.3505242097
0.8376321804
0.5672180135
0.4834194483
0.4047077392
0.994342255
0.2864777331
0.8172934929
0.3125833945
0.4893670467
0.5550583477
0.3956584007
0.3770946029
0.3411406373
0.2861300305
0.754326691
0.2896748443
0.291053224
0.3423276719
0.287704452
0.5683466436
0.6313872193
0.2998442031
0.4201759512
0.98414571
0.6000685248
0.6354627584
1
0.7555717472
0.6611620722
0.9076543768
0.8619047017
0.4349248356
0.7463965495
0.4968611931
0.4752108328
0.2861645982
0.3596455424
0.6032478199
0.2861111748
0.9510565466
0.6685534346
0.286614014
0.4685453426
0.4203641174
0.9619593965
0.6816988576
0.4296943307
0.3341331592
0.7848314569
0.9118404974
0.2861216502
0.3167573562
0.9087790899
0.2875434406
0.8294990875
0.3057566601
0.4842664052
0.407601279
0.5977978818
0.5654130881
0.5490020138
0.4925709429
0.5029013125
0.3049519803
0.4511739105
0.2861096034
0.5190374837
0.4611266376
0.4412025134
0.2861556946
0.4441735683
0.4287325607
0.2866274489
0.3444655432
0.4900068593
0.2868498757
0.3089613382
0.7386032466
0.4054287282
0.3255038677
0.3617419641
0.646761508
0.8372740376
0.4320113572
0.7808422995
0.7595013776
0.9902431086
0.3626480117
0.288405092
0.3320542936
0.5022523336
0.8327710352
0.2882113164
0.7756191911
0.3225115457
0.2861111748
0.3076686527
0.436290903
0.2871493104
0.2861216502
0.8537629321
0.2908484795
0.2861038418
0.3061650623
0.3808636496
0.7193720572
0.3388003754
0.8532477274
0.3008173612
0.8106914231
0.3634065049
0.3535070837
0.6313872193
0.3815253551
0.5678951418
0.460512386
0.32813849
0.9463012349
0.2862394897
0.2862761473
0.2878246661
0.5144344152
0.6870174977
0.7489090525
0.3783986282
0.5168433122
0.2861038418
0.49815225
0.3074144383
