 1.2118e+01,-1.4018e+00
-4.5718e+00,-1.2516e+01
-3.7983e+00, 1.6590e+00
-1.2960e+01,-1.0986e+01
-1.3311e+01,-4.6030e+00
-1.2261e+01, 9.9408e-01
 1.2440e+01,-7.3448e+00
 1.8179e-01, 1.0296e+01
-1.5544e+00,-1.5527e+01
-1.3325e+00, 5.2556e+00
-8.7897e+00, 5.7096e+00
-9.0811e+00, 8.2315e+00
-8.4200e+00,-9.7208e+00
 2.8250e+00,-1.4974e+01
-1.0960e+01, 4.8382e+00
-3.8077e+00,-1.5315e+01
-5.3228e+00, 3.9878e-01
 1.1770e+01,-9.2847e+00
-8.2729e+00, 1.2622e+01
 8.6885e+00, 7.5971e+00
 4.8095e+00,-1.6362e+01
-6.4585e+00,-1.2621e+01
 8.1671e+00,-5.9782e+00
 9.8168e+00, 1.5649e+00
-2.3407e+00,-9.8498e-01
 4.0385e-01,-2.5215e+00
 5.7293e+00, 7.8313e+00
 3.0490e+00, 4.9800e+00
-1.8786e+00,-3.7410e+00
 8.1614e+00, 2.8102e+00
 1.6092e+00,-8.3376e+00
 9.1455e+00,-1.1568e+01
 9.8938e+00,-5.7227e-01
 6.7859e+00,-1.4948e+01
-7.1410e+00,-3.3857e+00
 7.2444e+00,-8.3028e+00
 6.3420e-01,-1.5939e+01
 7.5343e+00,-1.7219e+00
 5.3782e+00,-1.3329e+01
-1.0216e+01, 1.2635e+01
-5.5120e+00, 4.9213e+00
 1.2927e+01, 1.1261e+01
-1.1625e+01,-1.1819e+01
-9.6771e+00, 1.5933e+00
 3.7378e+00,-3.9325e+00
-1.4258e+01, 7.1935e+00
 1.0328e+01,-9.7630e+00
-6.6322e+00, 7.1042e+00
 1.2706e+00, 5.4786e+00
-3.5901e-01,-1.3862e+01
-8.6601e+00, 1.5040e+01
-5.8428e+00, 9.2685e+00
 6.0203e+00,-2.0189e+00
-1.0517e-01, 1.7418e+01
-9.6468e+00,-1.3894e+01
 1.5390e+01, 5.8665e+00
 2.8456e+00, 1.5253e+01
-1.5733e+01, 2.0800e+00
-6.6799e+00, 1.0858e+01
 7.3601e-02, 1.2018e+01
 5.8474e+00,-3.5529e+00
 2.1907e+00,-1.6644e+00
-5.8134e+00, 1.4202e+01
-2.7566e+00, 1.0345e+01
-1.1009e+01, 1.0191e+01
-1.1115e+01,-6.5273e+00
-1.4207e+01,-1.1413e+00
-4.9232e+00,-4.8776e+00
 1.1516e+01, 4.2040e+00
-8.4215e+00,-7.7085e-01
 9.7077e+00,-1.3254e+01
 1.2283e+01, 7.2442e+00
 1.4035e+01,-9.7291e+00
-3.8947e+00,-7.7602e+00
 1.0357e+01, 1.1077e+01
-7.3155e+00, 3.4145e+00
 1.2132e+01,-3.9192e+00
 4.6459e-01, 3.3925e+00
 2.7495e+00, 1.1439e+01
-6.9326e-02,-1.0162e+01
-1.5200e+01, 4.1774e+00
-1.1184e+00,-2.3656e+00
-1.3504e+01, 9.4295e+00
-3.5383e+00,-3.6661e+00
 5.7767e+00,-3.1106e-01
 1.3682e+01, 5.7921e+00
-7.2518e+00,-1.1212e+01
-4.7786e+00, 1.0788e+01
 1.1224e+01,-1.0990e+01
-1.0533e+01,-8.2260e-01
-3.5770e-01, 8.1074e+00
 1.3684e+01, 2.7353e+00
-6.3249e+00,-7.0604e+00
-1.3707e+01, 1.7430e+00
-2.2537e-01,-7.7247e+00
-2.6538e+00,-1.2624e+01
 5.5089e+00, 1.3677e+01
-1.0288e+01,-4.7482e+00
-1.5484e+00, 1.6544e+01
-1.2942e+01, 5.3646e+00
 2.2478e+00, 1.3175e+01
-1.5769e+01,-7.5605e+00
 1.5783e+01,-1.0659e+00
-2.9733e+00, 8.5304e+00
 9.7550e+00, 1.2914e+01
 1.6399e+01,-4.6680e+00
-3.4332e+00, 1.4037e+01
 7.9219e-01, 1.4400e+01
-9.5091e+00,-8.6242e+00
 9.7940e+00, 3.3774e+00
-5.2383e+00,-1.4797e+01
 7.9475e+00, 1.3345e+01
 2.1884e+00,-3.8987e+00
-1.6872e+01, 3.3418e+00
-5.5903e+00,-1.6270e+01
 8.5729e+00,-9.4849e+00
 4.3715e+00, 6.8030e+00
 1.6726e+01, 7.3252e-01
 9.5776e+00, 5.2775e+00
 9.4021e+00,-3.7857e+00
 3.5257e+00, 2.0338e+00
-2.8297e+00, 6.3763e+00
-3.0622e+00,-1.6959e+01
 6.1926e+00,-1.1799e+01
 5.7367e+00,-7.7497e+00
-1.3478e+01,-9.3472e+00
-1.2032e+01, 7.9549e+00
-5.5392e+00, 2.4449e+00
 4.8964e+00, 9.3330e+00
-9.5048e+00,-7.0692e+00
-2.0650e+00, 1.3100e+01
 3.3743e-01, 1.2322e+00
 1.5623e+01, 7.4229e+00
 6.0310e+00, 2.3560e+00
-1.4865e+01,-4.5532e+00
-5.1943e+00,-1.0540e+01
 1.8215e+00,-1.0559e+01
-8.8790e+00, 1.0078e+01
 1.3836e+01,-3.4586e-01
-1.2343e+01,-7.9077e+00
 1.7310e+01, 2.3097e+00
 4.1541e+00,-6.3353e+00
 6.4503e+00, 1.5525e+01
-3.2289e+00, 1.6358e+01
 1.1669e+01, 8.8806e+00
-1.2015e+01, 1.2061e+01
 1.0231e+01,-2.4739e+00
-1.1927e+00, 9.4644e+00
-7.4623e+00,-1.4267e+01
 1.0765e+01, 7.2579e+00
 1.9658e+00,-1.2817e-02
-7.7805e+00,-6.2871e+00
-2.3516e+00,-9.1682e+00
 3.8523e-01,-5.1188e-01
 5.1815e+00, 5.5143e+00
 7.0974e+00, 5.6783e+00
-4.2192e+00,-1.6325e+00
 6.2025e-01,-5.5422e+00
 5.1715e+00, 1.1605e+01
 5.4058e+00,-5.5016e+00
-1.1416e+01,-2.1762e+00
 6.2218e+00,-1.0262e+01
 4.8448e+00, 1.6740e+01
 1.3988e+01,-2.6105e+00
 3.3075e+00, 9.4165e+00
 1.8648e+00, 1.7382e+01
 1.9723e+00, 2.6781e+00
-7.1967e+00, 5.3170e+00
 8.2475e+00, 1.5153e+01
-1.0187e+01, 6.5300e+00
 8.8261e+00, 9.5126e+00
-1.2889e+00, 2.6302e+00
 3.1045e+00,-8.1816e+00
-3.7269e+00, 1.2234e+01
-7.9578e+00,-1.2545e+01
-6.9783e+00, 8.4668e-01
-5.2713e-01,-4.3989e+00
 1.4295e+01, 1.0051e+01
 1.4907e+01, 3.9819e+00
 4.2252e+00,-1.6323e+00
 1.5635e+01,-6.8537e+00
-5.1980e+00,-3.3992e+00
 6.1334e-02, 1.5841e+01
 7.1872e+00, 9.4353e+00
 2.8480e+00,-1.2889e+01
-9.4713e+00,-3.3167e+00
-5.5566e+00,-8.9587e+00
 3.6562e+00,-1.0176e+01
-1.1283e+01, 3.0818e+00
-1.5841e+00, 1.1438e+01
-1.5777e+01,-1.5441e+00
 5.6569e-01,-1.2389e+01
 1.7307e+01,-2.5510e+00
-7.4631e+00, 8.4528e+00
 1.1951e+01, 2.6995e+00
 4.0788e+00,-1.1904e+01
-5.3415e-01,-1.7407e+01
-1.1885e+01,-3.9134e+00
 1.2778e+01, 1.0924e+00
 1.3213e+01,-1.1083e+01
 1.3921e+01,-4.4180e+00
 1.0716e+01,-4.8593e+00
-1.6956e+01,-2.6802e+00
-1.5685e+01, 3.3540e-02
 7.8280e+00, 6.0269e-01
-1.2922e+01,-2.8262e+00
-1.1515e+01,-9.7795e+00
 1.2990e+01,-5.6864e+00
-5.1495e+00, 7.7353e+00
-2.3327e+00,-5.5986e+00
 9.8308e+00,-8.1309e+00
 9.9376e-01, 7.0560e+00
 2.8513e+00, 6.9318e+00
-1.4431e+00, 5.9700e-01
 8.3326e+00, 1.1446e+01
-5.0803e+00, 1.6161e+01
 7.9459e+00,-1.2642e+01
-1.1689e+00,-1.1488e+01
-5.9872e+00,-1.3919e+00
 1.1688e+01, 1.2315e+01
-4.2750e+00, 5.7940e+00
-1.0194e+01,-1.1281e+01
 9.4035e+00,-1.4736e+01
-1.4099e+01,-6.9930e+00
 1.0974e+01,-6.3544e+00
-1.7091e+01,-7.8470e-01
 3.4788e+00,-1.7105e+01
-3.0568e+00, 4.8625e+00
 1.4453e+01, 8.3794e+00
-6.9961e+00, 1.6039e+01
 1.5683e+01, 2.1886e+00
-6.0967e+00, 1.2313e+01
 7.4988e+00,-3.2222e+00
 1.4725e+01, 9.6430e-01
 4.7524e+00, 3.2776e+00
 1.4250e+01,-7.4409e+00
-4.6192e-01, 6.5670e+00
-1.2653e+01,-6.2414e+00
-1.1674e+00, 1.4320e+01
-8.8461e+00, 3.5203e+00
-1.3273e+01, 3.4427e+00
-3.8594e+00,-9.7722e+00
-1.2205e+01,-7.7096e-01
-1.4748e+01,-2.8829e+00
 3.4465e+00, 5.0682e-01
-1.6553e+01, 5.2179e+00
-1.7276e+01, 1.4366e+00
 1.9315e+00,-1.6904e+01
-7.4287e+00,-8.5718e+00
 7.2425e+00,-4.7806e+00
-2.1870e+00,-7.3346e+00
 6.6417e+00, 1.2104e+01
 1.1333e+01, 1.3949e-01
-7.5020e+00,-1.5795e+01
-3.0910e+00,-1.1189e+01
 1.5437e+01,-3.2833e+00
