0.6497791244
0.4893452327
0.856353469
0.8542973776
0.7754528939
0.6051105973
0.7123853256
0.6089746394
0.3028857505
0.3435426061
0.3169189664
0.5067885552
0.4938355012
0.4028874463
0.8506707428
0.3465147684
0.3889037563
0.3115443818
0.3013504191
0.5814929347
0.2863766795
0.47017876
0.2879900482
0.2871033955
0.4568110596
0.6652988414
0.5422963299
0.3236542767
0.4846669946
0.3569890892
0.5307255975
0.4519502788
0.867281473
0.360390554
0.289340598
0.4112266292
0.310010417
0.6030649631
0.2891188027
0.3111793277
0.4173361787
0.4574215924
0.2870239629
0.9288576406
0.5011539446
0.5548431693
0.5148599599
0.4106763993
0.8255963099
0.8272537582
0.3334252718
1
0.2903123408
0.3740163649
0.2955422627
0.4979180373
0.7472238103
0.7778736587
0.8303678307
0.5022350297
0.572434078
0.5293961616
0.3491345646
0.3376716649
0.3126547062
0.7501560229
0.8978540629
0.4054031089
0.5494561531
0.352370646
0.7249210033
0.3028857505
0.3716268728
0.3237644469
0.3014218859
0.2864832578
0.4699709591
0.2874449509
0.3935471051
0.4853033369
0.2864212345
0.2884497274
0.5717555353
0.3141703718
0.379039082
0.8926189814
0.3672392047
0.286528855
0.3498320592
0.3705210261
0.4392016123
0.289537445
0.3071642233
0.520126408
0.7584761292
0.3370368721
0.785082567
0.3580171268
0.9606544182
0.6511323884
0.2863667198
0.9538357673
0.2974887418
0.2948258047
0.3318454871
0.4028874463
0.3231056808
0.8246728842
0.2868378321
0.4292795517
0.3342860186
0.2863882116
0.5953386381
0.6605859862
0.8448993879
0.8846343149
0.8959228045
0.5218869843
0.9569043939
0.5137657645
0.9697839076
0.3131240357
0.7311334506
0.6280540782
0.2873868429
0.3890743138
0.7058471535
0.2864266508
0.5973834681
0.906847482
0.3096561554
0.6257849444
0.7720085667
0.8743128299
0.2993497436
0.6906825581
0.3013504191
0.4555919331
0.6110202134
0.299955746
0.4487334513
0.4617131441
0.3178282533
0.2990847255
0.2863609536
0.2917598772
0.2882642845
0.2869934097
0.5107076917
0.2869934097
0.4441434975
0.8104109551
0.2863924051
0.8993289707
0.3494131605
0.7364575717
0.6542874441
0.954766329
0.7754528939
0.3016372745
0.318032013
0.370994236
0.9823299611
0.3495526596
0.7212616696
0.3740163649
0.9565007382
0.2948258047
0.692669949
0.3042592444
0.5013700648
0.3426108483
0.3736962127
0.7574408796
0.9590941741
0.4555919331
0.6621580392
0.6189731103
0.9065630257
0.4055835555
0.4689329275
0.6686588773
0.6019285448
0.3339162646
0.408848644
0.4126981716
0.3465147684
0.4061254967
0.5566418235
0.9903818593
0.5837605833
0.7358202534
0.2881120979
0.2865540109
0.7221238305
0.3440780696
0.4356748214
0.4674824265
0.7080304572
0.3787116428
0.4495358497
0.9513126309
0.339986107
0.3083504084
0.7880621692
0.7788797108
0.2880627572
0.4475321382
0.5980651507
0.8356291854
0.7073758709
0.6583383605
0.2874449509
0.3170193807
0.2869200773
0.3048076471
0.3326931053
0.5503530184
0.2948258047
0.3430093453
0.2905763773
0.2870871604
0.5685908391
0.3735363152
0.5111440399
0.2863448779
0.2863399852
0.4989954348
0.866619302
0.2865716544
0.6704486398
0.6673155146
0.6713429143
0.2868919647
0.4138058719
0.8993289707
0.286369865
0.2874646682
0.9687453476
0.2863583326
0.3681713694
0.2864060337
0.3073317504
0.2884227154
0.5582167984
0.2868378321
0.3823388458
0.9301141283
0.2871871837
0.4233579249
0.5483356401
0.2942941233
0.2863478484
0.3470622499
0.7689551518
0.8200279151
