-2.0320e-01, 1.4846e+01
-1.4596e+00, 3.7990e+00
 9.4311e+00,-6.6790e+00
-8.7166e+00, 1.0135e+01
-8.8939e+00, 4.6181e+00
-1.3302e+01, 5.6522e+00
 7.1449e+00,-1.0013e+00
 5.9832e+00, 4.7478e+00
-3.2680e+00,-9.6412e+00
 1.0416e+01,-1.0739e+01
-3.2085e-01,-2.5120e+00
-9.4202e+00, 1.4539e+01
-9.2337e+00,-1.2229e+00
-7.8927e+00,-2.0122e+00
 8.9489e+00, 9.8926e+00
 1.4417e+01, 7.9422e+00
-5.3021e+00,-1.9185e+00
-9.6668e+00, 6.8119e-01
 3.7282e+00, 9.5091e+00
 9.2003e+00,-1.2417e+00
-8.0619e+00,-1.1691e+01
-7.1812e+00,-1.4725e+01
 1.3044e+01,-7.1898e+00
 1.6248e+01, 1.8534e+00
-5.5187e-01,-2.1963e-01
-4.3223e+00, 1.5144e+01
 1.4229e+00, 9.2269e+00
-2.4176e+00, 2.4035e+00
 5.8096e+00,-8.5629e+00
 3.2058e+00, 1.5173e+01
 4.0675e+00, 7.4658e+00
 1.9650e+00,-1.4157e+01
 7.6889e+00, 7.1829e+00
 8.8059e+00,-1.3529e+01
-6.4293e+00,-1.2310e+01
-8.9548e+00,-3.9439e+00
 4.5244e+00,-1.3238e+01
-3.9258e+00,-6.1787e+00
-7.8612e-01,-1.7284e+01
 1.3134e+01, 3.8525e+00
 9.1585e-01,-7.3509e+00
 2.9899e+00,-8.5885e+00
-7.3764e+00,-4.5865e+00
-3.8479e-01, 7.9059e+00
-2.1853e+00,-1.3392e+01
 1.1054e+01, 1.1000e+00
-1.7160e+01,-2.4788e+00
-1.0400e+01, 2.6514e+00
 6.7215e+00,-1.1817e+01
-1.6069e+01,-5.3819e+00
-1.3642e+01, 3.2276e+00
-3.5701e+00,-1.1831e+01
 4.6614e-01,-5.5813e+00
 1.0702e+01, 7.7031e+00
 7.0243e-01, 1.0737e+01
-1.0432e+00, 1.2524e+00
-2.2388e+00,-3.0863e+00
-1.7540e+00,-1.0249e+01
-1.4359e+01,-7.9983e+00
 7.7859e+00,-7.6626e+00
 1.5356e+01,-2.1905e+00
 8.5858e+00,-3.9634e+00
 7.4934e+00, 1.1399e+01
-1.1945e+01,-1.4961e+00
-1.4292e+01,-1.0328e+00
 1.5505e+00,-1.6468e+01
 1.8199e+00,-2.7105e+00
 1.5276e+01,-8.5046e+00
-1.3311e+01, 8.2930e+00
 1.1102e+01, 5.9978e+00
 5.0748e+00,-2.1379e+00
 7.9657e+00, 5.3152e+00
 1.2907e+01, 1.5563e+00
 1.2633e+01, 5.4426e+00
-4.6023e+00,-1.5109e-01
-1.0544e+01,-5.4210e+00
-5.4470e+00, 1.1736e+01
-4.9776e+00,-8.4276e+00
-1.0403e+01, 1.2312e+01
 1.0413e+01, 9.3147e+00
 1.0514e+01,-8.1061e+00
-1.3628e+01,-1.0230e+01
 1.4094e-01,-1.1206e+01
-4.1631e+00,-3.8057e+00
-1.3407e+01, 1.5813e+00
-4.2639e+00, 1.6644e+01
-1.6046e+00, 1.6140e+01
 4.2510e+00, 1.2255e+01
-1.0687e+01, 4.8532e+00
 6.0729e+00, 7.9159e+00
 8.2376e+00,-9.8626e+00
 3.5523e+00,-6.1639e+00
-1.6618e+01, 2.4105e+00
-1.1730e+01, 1.3370e+00
 1.0507e+01,-1.3114e+01
-3.6056e+00,-1.4883e+01
 3.9587e-01, 3.3666e+00
-1.1274e+01, 9.9505e+00
 4.5314e+00,-3.2588e-01
 1.1468e+01,-3.9017e+00
-1.1771e+01,-9.0693e+00
-5.4975e+00, 3.6185e+00
 7.6049e-01, 6.5593e+00
-7.2779e+00, 5.9064e+00
-1.4677e+01, 6.4905e+00
 1.1840e+01,-9.7725e+00
 6.0221e+00,-6.3535e+00
 9.0631e+00, 3.3392e+00
 1.5011e+01, 4.0051e+00
 1.0323e-01,-1.4939e+01
-9.0658e+00,-1.3633e+01
 1.2983e+01, 1.0592e+01
 8.0988e+00, 1.7518e+00
-5.4173e+00,-1.3725e+01
-3.4358e+00, 4.1562e+00
-6.5696e+00, 1.0126e+01
-7.0578e+00,-6.2111e+00
 3.0970e+00, 6.1938e+00
 1.7647e-01,-9.0011e+00
-6.7972e+00,-1.8893e-01
 9.5815e+00, 1.4439e+00
-4.2455e+00, 1.0377e+01
 5.1855e+00, 3.0825e+00
-7.1213e+00, 1.2051e+01
-1.7216e+00, 1.0003e+01
 2.5143e+00, 1.2865e+01
-1.4523e+01,-4.2071e+00
-8.7884e+00,-7.4177e+00
-9.6379e-01, 6.5160e+00
 6.7390e+00, 2.8232e+00
-1.0887e+01,-3.5756e-01
 1.0486e+01, 1.1737e+01
-1.5171e+01, 2.8402e+00
-5.6905e+00, 1.4104e+01
 1.0489e+01,-2.2099e+00
-6.0599e+00, 2.0836e+00
 1.4133e+01,-4.6196e+00
-1.2239e+01,-4.8815e+00
 4.3735e+00, 4.5847e+00
-1.2872e+01,-7.0446e+00
 6.6734e+00,-1.4501e+01
-1.0103e+00,-4.7018e+00
 6.9438e+00, 1.4661e+01
-1.2143e+01,-1.0525e+01
-5.3529e+00,-1.6483e+01
 1.6412e+01, 6.0164e+00
 5.6613e+00,-1.6226e+01
 2.8552e+00, 2.7941e+00
-1.0280e+01,-1.2015e+01
 9.4672e+00, 5.5432e+00
-5.1516e+00, 7.3644e+00
-3.4362e+00,-1.4672e+00
-7.6821e+00, 1.7613e+00
 1.8347e+00, 1.2975e+00
-2.8109e+00, 7.9734e+00
-5.5605e+00,-5.7683e+00
 2.8592e+00,-7.2512e-01
 1.6453e+01,-4.3802e+00
 2.0444e+00,-9.9128e+00
 5.5424e+00, 1.6104e+01
 5.0324e+00,-1.4664e+01
-9.9755e+00,-8.9853e+00
-8.9999e+00, 8.2617e+00
 4.1147e+00,-4.1787e+00
-6.9399e+00, 1.5844e+01
 5.0474e-01, 1.3210e+01
 6.1376e+00, 9.8928e+00
-3.9584e+00, 5.6432e+00
-8.0917e+00, 1.3601e+01
-1.2886e+01, 1.2892e-01
-3.1728e+00, 1.4099e+01
-1.0449e+01, 7.7291e+00
-1.0646e+01,-2.5554e+00
 2.9914e+00, 1.6950e+01
 6.6071e+00,-1.0194e+01
-1.0770e+00,-6.5183e+00
 1.1935e+01, 1.2659e+01
-1.8458e+00,-1.1780e+01
 1.5879e+01,-7.3908e-01
 3.2581e+00,-1.5281e+01
-6.1064e+00,-9.7557e+00
 1.1068e+01,-5.5774e+00
 1.0558e+01, 4.4773e+00
 1.4692e+01, 2.2799e+00
 8.3681e+00, 1.3021e+01
 6.1725e+00, 1.0391e+00
 4.1873e+00,-9.7322e+00
-2.6940e+00, 1.2647e+01
 1.1965e+01,-1.2614e+01
-1.2615e+01, 1.1020e+01
-3.1721e+00,-8.0822e+00
 3.3118e+00, 1.0959e+01
-1.5937e+01,-3.4411e+00
 2.5528e+00,-4.3878e+00
 1.1971e+01, 9.1317e+00
-2.6416e+00,-1.6790e+01
 1.5559e+00, 4.9318e+00
 6.8386e+00,-3.9091e+00
-1.3070e+01,-3.2546e+00
-5.6536e+00, 5.4482e+00
 2.9502e+00,-1.1163e+01
-6.8226e+00,-7.9182e+00
 8.2069e+00,-2.4449e+00
 1.6672e+01, 3.5757e+00
 7.1949e-01, 1.7439e+01
 1.3463e+01,-1.0624e+00
-1.5837e+01, 4.9837e+00
 8.3894e+00,-1.5047e+01
-6.8383e+00, 7.9612e+00
-1.7428e+01,-1.2198e-01
 8.9388e+00, 1.4671e+01
 5.1196e+00, 1.4583e+01
 1.4583e+01,-6.2638e+00
 3.5569e+00, 9.4731e-01
 1.5916e+01,-7.0352e+00
-2.5201e+00,-5.5270e+00
-7.9514e+00,-9.9791e+00
-1.4849e+00,-1.5346e+00
 4.3956e+00,-7.5969e+00
 1.1287e+01, 2.8214e+00
-1.6045e+01,-8.4515e-01
-1.0623e+01,-1.3618e+01
-3.9149e+00, 1.4912e+00
-1.0780e+00, 1.2162e+01
 8.9518e+00,-1.1300e+01
-1.1921e+01,-1.2546e+01
-1.5531e+01, 1.2998e+00
 4.5099e+00,-1.1537e+01
 6.6834e+00, 1.2743e+01
 3.2372e+00,-1.7188e+01
 1.9134e+00,-6.1475e+00
 1.4420e+00, 1.5964e+01
-4.9778e+00,-1.1071e+01
-1.2379e+00,-1.5782e+01
-8.2984e+00, 3.1679e+00
 1.2207e+01,-2.3565e+00
 1.4778e+01, 6.4000e+00
 1.7072e+01,-1.9941e+00
-1.1709e+01, 6.4373e+00
-1.2305e+01, 4.4525e+00
 1.3354e+01,-1.0623e+01
-4.1954e+00, 1.2853e+01
-9.1666e+00, 6.5022e+00
 1.2941e+01, 7.5148e+00
 1.0055e+01, 1.3425e+01
-1.0831e+01,-7.4707e+00
-6.0789e+00,-3.7374e+00
-2.5276e-01,-1.3087e+01
 7.4174e+00,-5.6794e+00
-2.7218e+00, 1.7505e-01
-1.0298e+01,-1.0470e+01
 1.3300e+01,-8.8450e+00
 1.2987e+00,-1.2366e+01
-1.4729e-01, 9.4636e+00
 1.1079e+00,-6.6637e-02
-1.3737e+01, 9.7902e+00
