0.5676190453
0.8146435945
0.5766562004
1
0.709930064
0.3653691658
0.8153956018
0.921215463
0.3436265365
0.3367210883
0.7504234541
0.6688987188
0.3171070832
0.4989867907
0.7510486677
0.4931874417
0.836508695
0.2884966045
0.5592831284
0.4125249541
0.7624240602
0.8384753725
0.3211676514
0.3372285389
0.7293205122
0.6782584285
0.4781246786
0.7357031837
0.7525056296
0.5511991961
0.9201648417
0.7860376952
0.6167996105
0.8388319325
0.3026380728
0.3732058118
0.6149843902
0.2891574855
0.3217049756
0.63651082
0.487638865
0.6077214933
0.2860680479
0.3552098875
0.2861866895
0.6333437945
0.6829197653
0.8187652817
0.5260498221
0.3811743496
0.3177166368
0.3377382483
0.8654820389
0.4247007492
0.3084630656
0.9781644219
0.2905464441
0.5545639887
0.2865435526
0.9744832816
0.2884670335
0.5411387087
0.4979100607
0.4354931186
0.9771396508
0.7806626301
0.6140766833
0.2889608968
0.5959187692
0.2861694178
0.3930306539
0.2861073063
0.517468797
0.7016430984
0.2860507736
0.9677348265
0.5150592697
0.5386879717
0.2934445029
0.312525167
0.6968207393
0.2925588828
0.2863499667
0.3541977083
0.287127333
0.2867932248
0.3735255439
0.3615660942
0.7216064419
0.4398051804
0.4349081944
0.2865017002
0.4285241216
0.3165030742
0.4039715562
0.2877092842
0.3614156003
0.3524774463
0.3457874695
0.497479717
0.3675327555
0.3285617461
0.4617220202
0.5258290855
0.9050888826
0.5777873856
0.6568006118
0.3194736909
0.3399295916
0.8397219578
0.3243365443
0.2942778356
0.4966196315
0.3055268523
0.2953803112
0.5331318001
0.4028954321
0.5247259456
0.4023587378
0.4718487879
0.9360926138
0.4777045728
0.287107294
0.3136623077
0.9690240052
0.2881808321
0.3191604109
0.8797109547
0.3831680663
0.2871475457
0.9062244554
0.3970426099
0.6572498407
0.2988242403
0.3947680893
0.3204217581
0.4994178287
0.7407780377
0.2860008678
0.5968264484
0.8523172062
0.7780583503
0.2869718868
0.6955025557
0.5565853175
0.3211676514
0.2901950544
0.2999730341
0.3913039358
0.3993348455
0.6735844936
0.3327434069
0.8975607089
0.3155087518
0.3509171881
0.4914763357
0.401822959
0.8876444329
0.7418317009
0.3838362631
0.2875882616
0.9192403981
0.6924219544
0.5800506451
0.9291433095
0.598415027
0.3084630656
0.4654235829
0.4314144859
0.9154947658
0.5773348748
0.8638228199
0.5251670925
0.3100494111
0.7424632946
0.984852289
0.9311270291
0.6762568122
0.9701215364
0.3185379753
0.6520788795
0.7784596895
0.8776515827
0.3312896562
0.2924638793
0.8765365076
0.4266080411
0.45418382
0.2861003272
0.8148317045
0.3973941142
0.2901950544
0.3669121275
0.6835845983
0.5176880879
0.3672221963
0.2882648766
0.3317719275
0.3728865556
0.2969140864
0.4134475442
0.4341294614
0.5170303357
0.2933938591
0.2864746694
0.4271819473
0.3136623077
0.3626230755
0.286827566
0.3926844496
0.3506352252
0.4829729287
0.8430860499
0.2861292902
0.3123378385
0.2861292902
0.4887030657
0.2923226504
0.3273998441
0.3226816697
0.3018956247
0.3455154446
0.4252720076
0.4706003513
0.2863735135
0.8165214442
0.473725708
0.2859647453
0.4250814993
0.3267097736
0.286327117
0.6206559053
0.2942778356
0.2897481697
0.4224237506
0.3672221963
0.4233709314
0.3016032329
0.558833285
0.2925588828
0.2859642217
0.317921051
0.7675384654
0.3065944679
0.6362846831
0.3072649811
0.6570252365
0.6387714794
0.8366878744
0.5965995227
0.74603367
0.934054333
0.2861610435
0.2868103084
0.67870292
0.2860507736
