0.3126352733
0.2960773612
0.740058134
0.3064467192
0.2887811468
0.9564389425
0.3428349157
0.3659101408
0.756653302
0.4406174672
0.3257872927
0.8625032985
0.9496473919
0.3604572228
0.9650695158
0.6518367092
0.5397199211
0.4209357432
0.476703004
0.3015671815
0.3040760238
0.4366882857
0.3163746338
0.334024277
0.7398460258
0.3886069547
0.5072948915
0.28699939
0.6452804144
0.2868303871
0.3228044428
0.4584829798
0.5239564345
0.738572345
0.2889439707
0.8596238536
0.8409552924
0.8778196159
0.3323195282
0.2867857684
0.325338482
0.2869633531
0.7103518678
0.654996533
0.2913438196
0.6280424051
0.5694030708
0.3627094093
1
0.3043064945
0.4312435069
0.7767629817
0.9783920864
0.6436958333
0.6714063754
0.7671877557
0.4887638818
0.4762833313
0.6341741738
0.7086049029
0.461756855
0.4828155053
0.8646888223
0.5110004415
0.8969036985
0.3093096115
0.2875974305
0.2982877613
0.308363027
0.649577519
0.8541384565
0.2906530557
0.2895944041
0.4318236859
0.3654495159
0.312914436
0.7645164563
0.4840863835
0.3008655346
0.3586761426
0.5855031189
0.3927232568
0.2934096692
0.6628790981
0.6430165031
0.4421982589
0.6155343964
0.6057473766
0.4627836113
0.3870797071
0.3399527824
0.3196196053
0.8252951855
0.4529999164
0.3064467192
0.3419105542
0.3022127849
0.402568067
0.46649411
0.8587723583
0.8885391073
0.3184863216
0.7302512449
0.4802800824
0.3182822708
0.6216769611
0.6346280808
0.2993802684
0.9990546626
0.3260125948
0.4169986791
0.6071131083
0.9026657935
0.6155343964
0.5798268659
0.7101336343
0.327262414
0.3016382552
0.3476954335
0.2869070203
0.8841752186
0.9745227753
0.4339575983
0.3745506471
0.2886245736
0.5542857985
0.4662873959
0.6642277631
0.2898846481
0.2949254646
0.4254848594
0.2895007708
0.9425449971
0.4894038243
0.5635261769
0.7323917115
0.4418025781
0.8646888223
0.3423058756
0.2869901186
0.4160673705
0.9271238838
0.2960773612
0.6421105261
0.3580865622
0.5563110533
0.72423364
0.9509535083
0.4361017561
0.286789443
0.7872002747
0.5215302759
0.3547367488
0.2990539358
0.395502195
0.5626231441
0.344703986
0.286954781
0.2868015165
0.5766513001
0.5504655499
0.3183842191
0.3563302411
0.6198573131
0.5182295018
0.2925289959
0.5412829336
0.2882605113
0.296652064
0.7720936024
0.3300515158
0.2884498099
0.4503790873
0.3915161635
0.4045402206
0.3506121287
0.751018219
0.776560628
0.5195487365
0.2867490218
0.29122482
0.3896301063
0.3423058756
0.297183695
0.3389215387
0.6912265613
0.579373065
0.2895944041
0.3870797071
0.2897863433
0.2868471841
0.5033858618
0.3840524079
0.3869105697
0.785405939
0.5761978535
0.5094730518
0.4915405262
0.4211242421
0.4681502249
0.726816939
0.3378993237
0.6854606274
0.2920902841
0.2926187928
0.2869721001
0.6391645624
0.3032435637
0.8172564821
0.5576622389
0.3277213529
0.5923222062
0.9921658794
0.9458653577
0.3534447852
0.9535205546
0.2902235653
0.3777828186
0.3044609585
0.2915455903
0.357499048
0.7549877385
0.3463274957
0.2868414101
0.5554107109
0.4087032913
0.9731188587
0.2882605113
0.289469906
0.3370123242
0.3408624942
0.8400604634
0.2868303871
0.6280424051
0.9732023162
0.3660639312
0.5727987769
0.2900859252
0.9190881802
0.7935379735
0.2868200638
0.7381473934
0.9391382639
0.7883936289
0.3479706506
0.8295386441
0.2867728198
0.303094338
0.9136214058
0.6644524616
0.3640743813
0.8293549739
0.4186809617
0.2869810219
0.7430224401
0.3561847253
