0.6909848653
0.5483149818
0.2943033863
0.6303471242
0.6273863193
0.2874122541
0.6109699033
0.2957941402
0.4574590628
0.2909025958
0.339931265
0.8267551235
0.7049102575
0.7949040918
0.3312581628
0.6733452908
0.3654936684
0.8072189554
0.4382460368
0.3498516568
0.4360915802
0.2878719414
0.7913370477
0.3492962074
0.8415655856
0.7480546726
0.6396741852
0.444769096
0.4609337959
0.7320866682
0.3445290108
0.3822387538
0.4521854872
0.3000447019
0.6773799832
0.409427847
0.7180361965
0.7374397152
0.2888095908
0.9583554565
0.3769956634
0.3953323141
1
0.4323943287
0.6769321095
0.5950044053
0.2934045001
0.5758864909
0.2883241779
0.6141634853
0.6697519054
0.3157040063
0.6510191672
0.2885951145
0.7740112849
0.2881032611
0.7208609831
0.4423868615
0.5213634265
0.2891640046
0.9808683694
0.6351266778
0.287675266
0.3537999752
0.7729900579
0.4101584625
0.3499908569
0.2878461766
0.8955743052
0.6292085211
0.3011878835
0.4671151512
0.4544105088
0.4116244328
0.7204268642
0.4934895302
0.318581503
0.3257247461
0.3988393858
0.3779696042
0.2953161733
0.3032487495
0.5368965609
0.4308468654
0.3568295203
0.3221208355
0.7980569378
0.8788001361
0.31323618
0.2921112317
0.323303802
0.7029294639
0.3492962074
0.2881516193
0.459296051
0.2950051811
0.3307840199
0.4881407746
0.3246152565
0.9496516496
0.9784593888
0.3187847694
0.4708532507
0.3074546973
0.9330067799
0.335878908
0.3117706416
0.3757037095
0.5123533975
0.6219169257
0.3367528704
0.2889701032
0.6082323847
0.2886366137
0.2874517115
0.9983746952
0.9470552628
0.3176744766
0.9661754798
0.6207770255
0.7572897109
0.4999521181
0.288218545
0.2884361017
0.5745240536
0.4415953573
0.6253357513
0.4467630356
0.4461640263
0.2932231363
0.4417931119
0.3269625357
0.2877967478
0.4826154573
0.8973907245
0.8666078805
0.5654558257
0.6111980257
0.2873917354
0.2876002289
0.5346670308
0.8377742868
0.3834015247
0.8039223844
0.3077022957
0.3069638784
0.3991924263
0.4160597735
0.2887001715
0.4360915802
0.8722684731
0.8943560026
0.3070452759
0.4119919079
0.3569752285
0.3614067949
0.3386492449
0.2873903324
0.9069970642
0.2903005472
0.3623069971
0.2971938956
0.8106876352
0.4509756736
0.5702132909
0.853253637
0.6086886406
0.5364503939
0.3690472367
0.5451729809
0.299139478
0.7618681011
0.8284253796
0.7526850009
0.8908207843
0.3097354211
0.5224669236
0.3367528704
0.642173196
0.9414607874
0.2984512635
0.8786385482
0.2874380331
0.8666078805
0.5116969485
0.4493668506
0.3792747861
0.3160931019
0.9273656712
0.2965649675
0.2880874915
0.5656821902
0.3032487495
0.2990760744
0.2874780153
0.9954947961
0.5829334116
0.2959022234
0.9639675538
0.5456215056
0.3267361351
0.5244556755
0.6704261496
0.6358090991
0.8037278513
0.3887880174
0.7825300936
0.8006060803
0.4175505162
0.3006439189
0.2874897641
0.4828272417
0.3018827946
0.6856453652
0.2879255716
0.3932486588
0.3624574769
0.3862486999
0.7604142378
0.5620626834
0.2873854219
0.2878984064
0.3203289572
0.5510123171
0.2875513107
0.2942545377
0.9347610295
0.5802041443
0.2874669678
0.3252791433
0.7752347921
0.3205374671
0.5471922207
0.2886157769
0.3069638784
0.3414883234
0.3579988374
0.4291126379
0.4613439409
0.2890899847
0.3784581665
0.9357545936
0.3617063517
0.3306658515
0.3545160239
0.3111422752
0.3036924826
0.9913108024
0.8829704527
0.4794458582
0.2873880525
0.74084998
0.5503376314
0.7016072958
0.3587338873
0.2878088424
