0.4859979455
0.2946616328
0.511230484
0.3923769712
0.3217962913
0.9448728519
0.3677761828
0.3333390159
0.2993814411
0.515609222
0.7662170372
0.3011991212
0.3186637028
0.3463593167
0.3855635146
0.45522095
0.9047688439
0.3032117004
0.6101520754
0.4580690931
0.5044787581
1
0.3387063622
0.3610725396
0.5277350201
0.2872066754
0.3443353556
0.5040447006
0.3701165706
0.3118973965
0.8872999977
0.3051175774
0.9409118701
0.7556504811
0.3351812314
0.631776834
0.4250958866
0.6417671835
0.2899119587
0.3101941279
0.4900470441
0.288012053
0.3810660784
0.2870033626
0.4094268777
0.416805169
0.7662170372
0.4633955906
0.8612286022
0.4188610286
0.5789733967
0.2990581605
0.3116246402
0.2870669364
0.6594067083
0.7824882093
0.2992516279
0.3016901265
0.4754427873
0.5814715531
0.4807016814
0.6085573337
0.8800338157
0.3643939727
0.2890613712
0.3696462851
0.7159881739
0.3079569032
0.7610554794
0.2880692485
0.7525155001
0.2897240082
0.2870033626
0.3358025036
0.8985874868
0.2875265104
0.7662170372
0.6442608818
0.2951313193
0.3747189297
0.2996430701
0.9767517193
0.6410867881
0.5226498838
0.9463558959
0.5101385331
0.7449432039
0.9018459107
0.2937636019
0.5830620132
0.3435344481
0.3787670991
0.3152814135
0.3335827665
0.7362393314
0.4155028471
0.7674505112
0.3446034295
0.8209835147
0.3328532544
0.8863629704
0.6871737957
0.4847235257
0.477121463
0.4162464612
0.5491519049
0.9740566117
0.2945081299
0.345681231
0.3077057586
0.5433239121
0.4924003766
0.2870876011
0.3405106437
0.3934141603
0.4009599805
0.8311848488
0.8954352834
0.9848006483
0.3704307049
0.5764767489
0.5097020657
0.3941077845
0.5787463644
0.2906544186
0.5935250258
0.2957240472
0.340121688
0.6258639756
0.2890080914
0.3176502799
0.2923898246
0.3128168905
0.615391429
0.4891929281
0.6936046421
0.4540046977
0.622222681
0.4930433297
0.8876116196
0.2871664023
0.3768147676
0.4271961245
0.6299581281
0.9974611986
0.5631170254
0.4230065296
0.2932885716
0.2929662197
0.5723949301
0.8865193665
0.2958340186
0.7281003367
0.3368039893
0.3302232311
0.3712181721
0.302045807
0.8717594187
0.3101941279
0.3740781031
0.4479638453
0.4119916339
0.9072237222
0.4396240963
0.2882712358
0.7910712207
0.6695287352
0.9445281342
0.8053655956
0.287098984
0.2870033626
0.2924331343
0.6688553936
0.2870007355
0.3137521945
0.2870044135
0.7298193659
0.2916798299
0.9451021482
0.5384076459
0.7276701258
0.2884229981
0.3942814602
0.628138838
0.7834922414
0.3182564783
0.9631613734
0.7834922414
0.5522974607
0.9580978709
0.3771389803
0.4467639222
0.5417580821
0.2871373343
0.3598800071
0.2878672091
0.435703019
0.2875965171
0.8764923553
0.655119927
0.4731411548
0.4076067544
0.2870056395
0.7355992436
0.6149358829
0.752934193
0.4022067438
0.7786587485
0.2873649461
0.8172185736
0.5319502853
0.7987523138
0.3127242287
0.2902390629
0.2870033626
0.7349587265
0.2870143965
0.2870576546
0.2879933368
0.2870622079
0.6548941111
0.5516229979
0.4435779006
0.3055901888
0.2870143965
0.4105237033
0.2872802122
0.3820583009
0.4544098205
0.8489627491
0.320947457
0.3106367794
0.7017685655
0.8894737651
0.958403379
0.9841171162
0.2940075176
0.3257361469
0.8529814745
0.4652503295
0.6548941111
0.6383640089
0.6733401015
0.4437764343
0.327092727
0.4821809422
0.6580537672
0.287376325
0.3384508668
0.5359550846
0.3642416725
0.5746620291
0.8375574604
0.3864054569
0.3123551635
0.3285865466
