0.3992371992
0.5613485356
0.3602572863
0.8250507444
0.3011896593
0.7990424119
0.4512493831
0.2986854381
0.3489780026
0.2999108467
0.2933682306
0.4665476579
0.7435138285
0.9068900002
0.2967624726
0.3992371992
0.3195318866
0.3082878586
0.33248918
0.9692751795
0.2857910022
0.9851178451
0.3583228197
0.2926635792
0.2877999362
0.3219903206
0.4717315362
0.2865382994
0.3427039041
0.3424376496
0.4165036137
0.4516521445
0.7994289128
0.3471759084
0.5177602003
0.8804453038
0.3620619203
0.6430122823
0.5423094721
0.5606738492
0.3463518296
0.7974936982
0.4788444775
0.6542623886
0.5474440046
0.8082425088
0.4472381785
0.9303202527
0.8741071945
0.937392057
0.3404583175
0.6385007979
0.3205909368
0.2909615559
0.3237475306
0.7130286565
0.3213412822
0.5314214931
0.5105494175
0.3958927895
0.3985299945
0.7015053637
0.3272606547
0.2873840235
0.3536533686
0.6645689739
0.9862123043
0.2871926848
0.5566294937
0.6759367888
0.8364571113
0.3623644519
0.4309267638
0.5131662796
0.2926635792
0.3296023383
0.4404894666
0.3017750916
0.7399405744
0.4402923507
0.4089433127
1
0.6962522967
0.8720170363
0.4494406292
0.9088443896
0.8167203121
0.3225353245
0.6936180767
0.5753264854
0.290791529
0.3312762048
0.2978982978
0.3503795814
0.7259340526
0.5214919451
0.5001460534
0.9117407906
0.7117297207
0.6036333207
0.4971322107
0.4259348425
0.2884753208
0.2912217186
0.3464888389
0.2913985724
0.3635795772
0.6043135475
0.28703436
0.6810403059
0.8241325617
0.5467734912
0.7316890536
0.4620197766
0.9237974364
0.289420604
0.4202488826
0.9810024807
0.8312443259
0.2970725653
0.4432574184
0.2928117801
0.8758642396
0.3136913246
0.2951602032
0.7522778099
0.2861245001
0.3133077067
0.3353334539
0.621539836
0.3694593506
0.7380429803
0.6183683434
0.4176233176
0.3080278234
0.300331197
0.6195011582
0.5546098598
0.9855836018
0.8851055144
0.4309267638
0.2925656266
0.4713153541
0.3915501747
0.7553850044
0.3172555909
0.6231250926
0.3053437393
0.6903183623
0.2973236405
0.758273914
0.8103282171
0.4773743044
0.3491175615
0.3059168339
0.3750294296
0.3691454929
0.6634509792
0.4805282306
0.3018490074
0.7518625959
0.299223454
0.4930577012
0.7195008295
0.3643430773
0.8312443259
0.4181844209
0.5129479747
0.5649496973
0.653364061
0.4434557199
0.3517944146
0.6195011582
0.3070020534
0.2888639181
0.3358358032
0.2884129674
0.2889989615
0.2860863485
0.4246009368
0.4941281516
0.595245072
0.2867827139
0.589127201
0.4150158996
0.7823708849
0.5595497612
0.2860739793
0.9004820739
0.8015497955
0.3638846046
0.298885953
0.286049763
0.9344385656
0.2881704538
0.3500982025
0.2870124355
0.3007574713
0.8774523196
0.95386249
0.2932144396
0.4786342741
0.2860863485
0.3291293232
0.2892773059
0.7186400809
0.6808187349
0.4381293748
0.3018490074
0.5959250559
0.6224457402
0.2864689998
0.3578794604
0.487512615
0.893288756
0.2858375332
0.4696531637
0.9558652682
0.5769081806
0.6529147799
0.3240812724
0.4313131647
0.2857910022
0.4153872658
0.5445401394
0.3572901059
0.3122656452
0.2887974293
0.6540378363
0.2868432835
0.9779897243
0.4624300567
0.7947730824
0.3825683093
0.8591703161
0.577360204
0.9439980336
0.5710365757
0.8715326004
0.2920860503
0.8480742138
0.2856409339
0.4994994213
0.5728422457
0.7195008295
0.3774609051
0.2857768855
0.3697736917
0.2856524384
0.3014079679
0.4140891321
0.3029773428
0.2910908692
0.7167008887
0.2893845217
0.5363008991
