0.4150260685
0.9411025263
0.5715019097
0.3091725662
0.7306437767
0.2882072256
0.4100496758
0.4616210796
0.4518647074
0.6013806835
0.9254760686
0.3939835042
0.4109659612
0.3663516277
0.3009082502
0.54656343
0.289874086
0.3700975835
0.2856505476
0.9486945451
0.3429791115
0.5909539564
0.2857704676
0.2856479328
0.9262347141
0.9074725402
0.9457825315
0.7190881605
0.6312867973
0.9570700589
0.3750386187
0.2919526446
0.6059155943
0.5068653104
0.609996899
0.7199485845
0.7887219199
0.2920932072
0.5226044267
0.3136028701
0.3458136167
0.2857045836
0.3152584117
0.2865453203
0.558215191
0.5541748719
0.4109659612
0.3092611557
0.7357362975
0.2871536184
0.2884823891
0.8460086267
0.2901065444
0.6589894221
0.2886091678
0.8463571619
0.3127446261
0.8309027917
0.3440518327
0.8002207053
0.3971302935
0.838970761
0.3737525883
0.7152077784
0.6385164428
0.2856810522
0.4534793181
0.5142710315
0.2882371092
0.2856575202
0.9818109045
0.3403358077
0.3794341947
0.7380610642
0.2919061306
0.395377863
0.3739129292
0.8061680288
0.4907193274
0.9116261643
0.4120686835
0.4581470595
0.3262340503
0.611130497
0.316958694
0.5051301978
0.4740366338
0.7454178521
0.3327416556
0.9744067262
0.7199485845
0.2856662358
0.4805400048
0.8889488606
0.4854015447
0.2859882985
0.8713922987
0.5868768499
0.3506700826
0.7139112851
0.2871536184
0.5914070981
0.285649676
0.4673858136
0.7945977202
0.9878288795
0.3980104301
0.3055958724
0.3756844568
0.883272754
0.2856528137
0.4280501552
0.2857908591
0.4167002085
0.5557452786
0.5663151834
0.2874406328
0.6031946182
0.6457320699
0.654951974
0.7433222559
0.3034463787
0.3807527541
0.9736381667
0.3532310692
0.4624413874
0.2961022187
0.2898359429
0.2948279694
0.3229819437
0.2867698976
0.3436485363
0.5950329983
0.3265775975
0.2864424109
0.3721556998
0.3407287795
0.2862997781
0.9192786248
0.537647448
0.2861186194
0.4528732906
0.4082243871
0.8810929064
0.2874656764
0.6587652987
0.3256644277
0.286476019
0.6220080426
0.4383363457
0.918355889
0.3036793794
0.4696646714
0.454895923
0.2857980048
0.7346776344
0.7685198047
0.6276676368
0.4315170655
0.321673005
0.7759936231
0.4725762345
0.2871308266
0.6879106681
0.3724741267
0.4053243458
0.5733078515
0.3136990108
0.3945055948
0.3723148537
0.3173652283
0.3360960631
0.6973654836
0.6500085273
0.7477170282
0.41614132
0.2892489982
0.3255509472
0.285700226
0.319224955
0.4319039848
0.4015568189
0.8314455293
0.6000202933
0.7644461217
0.5263503161
0.6063690892
0.2861985782
0.327384368
0.2856575202
0.4690423894
0.3045462064
0.3528012815
0.5830285422
0.3482907446
0.74667273
0.6799488142
0.3233125545
0.3474601919
0.2872465182
0.7074067887
0.3539499966
0.3285493877
0.8348667775
0.2906313569
0.3329865587
0.5033980234
0.3202794768
0.7508420176
0.4820163937
0.2886412934
0.2879743725
0.2891091345
0.3151597853
0.6830498289
0.3225432274
0.3139883677
0.8461829346
0.9364768009
0.3326194194
0.2906729248
0.694952841
0.8212019638
0.2877796955
1
0.3300857707
0.6161174032
0.4845538977
0.418569207
0.3145712818
0.5144895917
0.4947831631
0.905787015
0.5487991636
0.5131788535
0.5283376202
0.2917217763
0.3089077504
0.4803293249
0.7611705393
0.5995668456
0.2872465182
0.4234714207
0.285655777
0.891214572
0.2862409061
0.5278957525
0.5588892403
0.3324973269
0.3994240453
0.7763952553
0.3795986136
0.8444362375
0.8651853486
0.2869977165
0.3478748647
