0.3264864373
0.7651459375
0.3934134955
0.5090155225
0.5457042314
0.861191569
0.6960465801
0.6260751908
0.5190797974
0.4147735178
0.3007450429
0.2865660372
1
0.3719815208
0.649844823
0.4368916216
0.3190922941
0.80282044
0.9368201361
0.4491799104
0.3623795983
0.3986617918
0.6527763686
0.2874740142
0.3927209675
0.3576119196
0.674537794
0.9675230185
0.2888752907
0.5752077025
0.3041347706
0.3438448252
0.3848825344
0.4523994665
0.3699291741
0.7583458578
0.5770192943
0.2865578256
0.734405741
0.9065123027
0.8412663489
0.4058051289
0.6101727723
0.3682085949
0.6863260985
0.4366959562
0.2926895624
0.4758615466
0.3477848098
0.2933112782
0.3626818948
0.3036729719
0.2865342389
0.5636813667
0.794058046
0.3704009785
0.2866477983
0.3862289193
0.2959697776
0.5639069493
0.2919639451
0.3616260643
0.3179622018
0.6292519328
0.3031416367
0.2903789013
0.2865744233
0.2972121209
0.9949287381
0.3205573988
0.459099227
0.3277476576
0.2900145767
0.2953486349
0.7645302996
0.9363404698
0.8660433207
0.5214993309
0.3413260316
0.2885609763
0.5904016063
0.6129003361
0.4215086628
0.3278632016
0.4410195123
0.4785909714
0.7339799075
0.3707161208
0.3970773154
0.290341694
0.8277049334
0.5600746621
0.4693954005
0.7645302996
0.6978069252
0.932568124
0.3021030364
0.4121872904
0.322810966
0.3514138288
0.2919200464
0.4758615466
0.3613255356
0.5201789975
0.3224849399
0.2959697776
0.2949097185
0.4272118044
0.7716802305
0.2938090891
0.2898042518
0.8911926567
0.3466864849
0.2871324242
0.8416219954
0.591537085
0.3056357867
0.774519964
0.3613255356
0.29015824
0.9429072715
0.5781519565
0.7243493963
0.6676069638
0.9890638954
0.4962469903
0.43454912
0.3241286277
0.8191762151
0.7089743708
0.2865122239
0.508580016
0.3738940296
0.5842733025
0.4239701134
0.2879246426
0.5392274258
0.2864398847
0.3211944495
0.601762104
0.5135989763
0.4511898852
0.2883718737
0.4562472983
0.5815517289
0.905656003
0.8260486694
0.8760135813
0.3026925874
0.7382295863
0.2970906135
0.3145873582
0.5645838084
0.3133445462
0.8051338475
0.2864501943
0.8864334103
0.2887012487
0.7909100395
0.4485783924
0.2978297037
0.4509885495
0.5752077025
0.9478407173
0.3797337411
0.6973670491
0.8490169683
0.3066139496
0.3115758818
0.6466844657
0.3266003527
0.4718911904
0.4138477114
0.3313978271
0.3763087527
0.3078693154
0.3487529358
0.772492779
0.7805651016
0.688540845
0.5860884589
0.308812883
0.9422190454
0.9140645121
0.2892105476
0.4509885495
0.3565864901
0.3560033795
0.2995135298
0.3330922146
0.329026748
0.2868801069
0.2865052349
0.9659972971
0.5519792889
0.2869779005
0.9112999658
0.5416813075
0.2865744233
0.3383441978
0.3271721545
0.7247793762
0.8004971639
0.6662627373
0.2865267259
0.4904617824
0.8104928951
0.5329979253
0.414032682
0.2878784229
0.6756533146
0.2863785484
0.5997164937
0.2993135001
0.4940998601
0.2892737513
0.306040525
0.5697783354
0.9803398934
0.9107424435
0.4487788223
0.2868154866
0.4072532486
0.3837103505
0.4000773138
0.7618566021
0.424540305
0.3169510098
0.2865342389
0.5944900455
0.8766560688
0.2864853159
0.6597538917
0.462580834
0.3303236098
0.2864984206
0.2865744233
0.4817529359
0.6942840163
0.419437929
0.6821095526
0.6597538917
0.2946408891
0.2863689368
0.6085815801
0.9755498375
0.6845520515
0.9313305621
0.8441026467
0.3088996225
0.4361094567
0.4906753596
0.3312778872
0.8184272096
0.5372224042
0.6655903016
