-8.7929e+00,-1.2285e+01
-3.0137e+00,-6.7504e+00
 1.2624e+01, 4.6393e+00
-6.8852e+00,-9.1569e+00
-4.5654e+00,-9.8562e+00
 1.9884e+00,-5.1949e+00
-2.4599e+00,-8.1567e+00
 5.9667e+00, 7.5422e+00
-8.0628e+00, 7.9856e+00
-1.0413e+01,-7.9388e+00
-1.1259e+01, 1.1558e+01
-1.3797e+01,-1.0535e+01
-7.9132e-01, 2.5492e-01
-1.1761e+01, 7.5944e+00
-6.1408e+00, 7.0029e+00
 2.1713e+00,-1.2437e+01
-1.4240e+01, 5.8563e+00
 6.6826e+00,-1.1970e-01
-2.1451e+00,-3.1158e+00
-7.0943e+00, 1.0294e+01
-9.8578e+00, 1.0241e+01
-5.4512e+00, 1.2276e+01
-8.1011e+00,-4.4513e+00
 1.6457e+01,-4.4770e+00
 4.9118e+00,-1.2525e+01
 1.2653e+01, 6.5238e+00
-8.8880e+00,-7.8104e-01
-1.9761e+00, 1.9982e+00
-1.6801e+01,-2.3163e+00
-1.0439e+01,-6.4717e-01
 7.4773e+00,-1.3993e+01
-4.1620e+00, 1.4051e+01
 1.1807e+01,-6.7553e+00
 3.9740e+00, 1.1752e+01
 6.1045e+00, 1.2589e+01
-5.2211e+00,-5.4205e+00
 2.3913e+00, 1.0120e+01
-1.7357e+01, 1.1458e+00
 7.5199e+00, 2.3300e+00
-4.0440e+00, 2.2977e+00
-5.9976e+00,-8.5095e-01
 1.3082e+01, 1.7269e+00
 9.7085e+00, 1.5123e+00
 1.7314e+00, 1.3942e+01
 8.5735e+00,-1.0218e+00
 1.1824e+01,-4.3824e+00
-8.9038e+00, 1.4029e+01
-1.0093e+01, 6.5860e+00
-1.3549e+01,-5.2954e+00
 1.3882e+01, 8.8986e+00
-1.4009e+01, 2.3397e+00
-1.5714e+01, 2.9802e+00
-9.2775e-01, 1.7363e+01
 8.8633e+00, 5.7475e+00
-1.0021e+00,-6.7969e+00
 3.8013e+00, 1.3465e+01
-1.9606e+00,-1.7172e+01
 1.3428e+01,-2.0310e+00
-2.8083e+00, 1.6138e+01
-1.0121e+01,-3.2275e+00
 5.7946e+00,-1.5526e+01
 1.0266e+01,-9.6885e+00
 5.9817e+00, 1.4177e+01
-2.3860e+00, 9.3191e+00
-1.1077e+01,-1.1510e+01
-9.0637e+00,-1.4093e+01
 1.7255e+01, 1.0224e+00
 1.6195e+01,-7.8720e-01
-3.9574e-01,-1.2188e+00
 1.5094e+01,-2.0751e+00
 8.7188e+00,-8.5579e+00
 1.4560e+01,-3.6326e+00
-1.2786e+01, 1.0970e+01
 1.4808e+01,-6.8635e+00
 4.7588e+00, 5.6650e+00
-4.9748e-01, 3.8015e+00
 3.9315e+00,-3.7728e+00
 1.1185e+01,-5.4012e-01
-1.2810e+01,-7.2227e+00
-1.6554e+01,-3.8437e+00
 9.1272e+00,-4.3584e+00
-4.1706e+00, 8.9539e+00
-1.2620e+01,-3.0723e+00
-8.6477e+00, 1.2396e+01
-1.1432e+01, 5.4160e+00
-8.7802e+00,-8.1240e+00
-7.5803e+00,-2.4235e+00
 8.6499e+00,-1.0893e+01
-1.8547e+00, 1.3322e+01
-4.3243e+00, 1.6236e+01
 6.0038e+00, 1.6816e+00
 4.2268e+00,-9.7174e+00
 1.0823e+01, 5.3408e+00
 6.7449e+00,-2.9187e+00
-6.7594e+00, 5.2591e+00
-3.5424e+00,-1.7171e+00
 1.5608e+01, 3.3739e+00
-2.1999e+00,-1.2912e+01
-7.2149e+00, 1.3458e+01
 1.4086e+01, 2.8724e+00
 1.1365e+01, 1.2114e+01
 8.1117e+00, 8.8152e+00
 1.8151e+00,-1.4027e+01
-1.1270e+01, 1.1000e+00
 1.2900e+01,-7.9810e+00
-4.5803e+00,-1.5671e+01
-6.9209e+00,-1.4870e+01
-1.2890e+01, 8.4915e-02
 5.4516e+00,-4.7474e+00
 3.4537e+00, 1.6135e+01
 1.7253e+00, 1.6748e+01
 4.3796e+00, 2.2515e+00
-4.5468e+00,-1.3796e+01
-1.4094e+01, 9.9236e+00
-4.3904e-01, 6.0230e+00
 9.3297e+00, 3.9238e+00
-5.1323e-01,-1.5813e+01
 3.4253e+00,-6.3170e+00
-1.4103e+01,-1.8851e+00
-7.5772e+00, 1.5022e+01
 3.5443e+00,-1.4318e-01
 1.0031e+01,-2.3780e+00
 2.7576e+00, 7.6036e+00
-1.3482e-01, 9.0125e+00
 6.0401e-01, 1.6149e+00
-3.3417e+00, 1.1212e+01
 5.6511e-01, 1.2723e+01
 7.7705e+00, 1.3036e+01
-6.4514e+00, 7.1775e-01
 1.1196e-01,-8.2940e+00
 5.0614e+00, 1.6625e+01
-3.0265e+00,-1.1033e+01
-5.9941e+00,-1.2533e+01
 6.0074e+00,-8.2632e+00
-1.1408e+01,-6.0885e+00
 7.7727e+00, 1.5168e+01
 4.7007e+00, 9.9181e+00
 9.6073e+00, 1.4512e+01
-1.5306e+01, 7.3760e-01
-8.4649e+00, 5.4342e+00
-1.1229e+01,-2.0790e+00
-1.1916e+01, 3.6799e+00
 2.1273e+00,-1.6804e+01
 5.7824e+00,-1.0828e+01
-2.6092e-01,-1.0277e+01
-3.0923e+00, 3.4966e+00
 3.1532e+00, 5.4620e+00
-3.6591e+00,-3.8453e+00
 3.4685e+00,-1.5561e+01
 1.5510e+00,-7.6551e+00
 1.1834e+01,-1.1086e+01
-1.1889e+01,-9.9689e+00
 8.6919e+00,-5.9186e+00
 1.4561e+01, 5.3277e+00
-6.1514e+00, 2.7910e+00
 1.0401e+01,-1.3877e+01
 4.7375e+00,-1.6086e+00
-1.5404e+01, 7.1704e+00
 1.3082e+00, 6.8455e+00
-1.1729e+01,-4.3050e+00
 1.2988e+01,-9.6371e+00
 7.3505e+00,-9.9358e+00
 2.2360e+00,-1.0124e+01
 2.8552e+00, 1.8849e+00
 8.2097e+00, 1.1050e+01
 5.6160e+00,-6.3201e+00
-2.9339e+00, 5.1317e+00
-5.8717e+00, 1.4730e+01
-1.5383e+01,-2.8970e+00
-9.2898e+00, 1.1494e+00
 4.9638e+00,-1.4209e+01
 1.1608e+01, 3.1044e+00
 1.3026e+01,-5.5468e-01
 1.4896e+01, 4.8854e-01
 1.1392e+01, 7.8223e+00
 1.0235e+01,-1.1905e+01
-9.7695e+00,-1.0712e+01
-4.2625e+00, 5.9619e+00
 6.1935e+00, 3.4749e+00
-7.7840e+00, 3.9152e+00
 8.5650e-01, 1.0234e+01
-1.3206e+01, 8.6309e+00
 9.4523e-01,-3.4509e+00
-4.4523e+00,-6.7860e-02
-1.6008e+01,-5.4517e+00
 6.8873e+00, 1.0329e+01
-1.3636e+01, 4.4681e+00
 7.2712e+00,-1.2259e+01
 9.7904e+00, 1.2825e+01
 1.0442e+01, 1.0617e+01
 1.4042e-01, 1.5053e+01
 1.5332e+01, 7.8115e+00
-1.1113e+01,-1.3357e+01
-4.6664e-01,-2.7515e+00
-9.0278e+00,-5.9225e+00
-1.6505e+01, 5.0878e+00
 1.1560e+00, 4.3353e+00
-1.7070e+00, 1.0836e+01
 2.2388e-01,-1.7301e+01
-1.1686e+01, 9.1133e+00
-1.9605e+00,-1.4930e+01
-1.5114e+00, 7.9681e+00
-5.2580e+00, 4.3706e+00
 6.9100e+00, 5.7375e+00
 1.3006e+01, 1.1467e+01
 1.9978e+00, 1.1603e+01
-5.5146e+00,-3.6675e+00
-1.0385e+01, 3.9913e+00
-8.1181e+00,-1.0273e+01
 1.6739e+01,-2.9096e+00
-4.3903e+00,-7.6887e+00
 1.7218e+01, 2.6629e+00
-7.5847e+00,-6.5952e+00
-1.3393e+01,-9.0735e+00
-4.9994e+00, 1.0624e+01
-3.3163e+00,-1.6515e+01
 9.0350e+00,-1.2934e+01
 7.6535e+00, 7.1552e+00
 1.9116e+00,-9.4131e-01
-5.8752e-01,-4.4227e+00
-6.3417e+00,-1.0718e+01
-1.1105e+01, 1.3279e+01
-1.0351e+01, 8.3084e+00
 1.0361e+01, 8.9126e+00
-5.7764e-01,-1.3313e+01
-2.7172e+00, 6.9937e+00
 1.0199e+01,-7.7846e+00
 1.2181e+01, 9.4080e+00
-6.4984e+00, 1.6142e+01
-9.8416e+00, 2.5620e+00
 3.6071e+00, 3.8396e+00
-1.5150e+01,-8.5724e+00
 2.6900e+00,-8.6493e+00
 1.0808e+01,-5.5667e+00
 1.3900e+01,-5.4442e+00
 1.4999e+01,-8.6444e+00
 1.1703e+01,-1.2713e+01
 3.4458e+00,-1.1338e+01
 4.4736e+00, 7.2987e+00
-4.5093e+00,-1.2164e+01
 7.5888e+00, 4.3038e+00
-5.8355e+00,-6.9981e+00
-1.6472e+01,-3.2645e-01
 1.6312e+01,-6.1817e+00
-2.1830e+00,-9.6321e+00
-2.4344e+00,-3.7288e-01
 7.0364e+00,-5.0431e+00
 2.6945e+00,-2.7915e+00
-2.0391e+00,-5.5837e+00
-1.4297e+01,-6.5988e+00
-8.4063e+00, 9.5667e+00
-8.5659e-01,-1.1688e+01
-1.4527e+00, 1.4924e+01
 6.6809e-01,-6.3793e+00
-6.6217e+00, 8.8551e+00
 4.2144e+00,-7.9071e+00
