0.8575319146
0.4723044354
0.7604587808
0.8436023794
0.7329159437
0.6497363746
0.3474013015
0.3680639523
0.3680639523
0.5716350241
0.6379698461
0.37712485
0.6134370658
0.9747327606
0.7996425284
0.4830209887
0.2879959174
0.3542888912
0.3154458737
0.2948989123
0.5727668828
0.4702221434
0.6959948405
0.9577383581
0.4038189592
0.3126801614
0.5168980608
0.299376907
0.4232024415
0.2890695069
0.9081597866
0.5718613655
0.8566766481
0.818768655
0.408518992
0.3238603331
0.3707253464
0.3442800028
0.4175570459
0.4519882503
0.715471933
0.2883687786
0.2899211519
0.6122996232
0.2982161527
0.5650782263
0.4660771298
0.3013603171
0.3457637829
0.3082239748
0.4088833265
0.5396996386
0.3916837996
0.8317268333
0.4542114299
0.9302693462
0.3373661297
0.6847073206
0.6948920153
0.4273943582
0.2890987992
0.5702773022
0.2935192484
0.3142854506
0.3504540248
0.5757114239
0.927475999
0.9252845164
0.5800190444
0.2870792432
0.4631915291
0.6145744413
0.2866197161
0.7969097684
0.297903324
0.2894638153
0.2871862176
0.2871313338
0.9650067871
0.288271391
0.5768445619
0.7812486588
0.4025652298
0.2931817977
0.6127546076
0.3808900201
0.2984058566
0.5650782263
0.9868011423
0.5795654007
0.3114833245
0.3672879267
0.9229329484
0.3186497976
0.6811493343
0.2944772187
0.5686940224
0.2964020562
0.6844851711
0.5628207107
0.9359531198
0.3500339134
0.304556481
0.8573610271
0.3981288235
0.9918229136
0.412180006
0.4179308122
0.3191646957
0.7279924548
0.2871049393
0.3234213287
0.9312731151
0.8681287365
0.2870420084
0.3014311938
0.3294321499
0.8609321782
0.3869051587
0.7643774434
0.3818823047
0.3974250443
0.6261691048
0.3735814806
0.4646326676
0.7003974277
0.3059034384
0.3324113616
0.746061566
0.3607426263
0.381716637
0.320944005
0.6558282707
0.5051105994
0.3416249379
0.4760685577
0.7994477682
0.3802307987
0.5285838554
0.4364913669
0.4733479797
0.6490586879
0.3284981399
0.6773608128
0.8975434198
0.4264378605
0.4656640893
0.3188552958
0.2868426938
0.4625749251
0.705004628
0.6034265996
0.2877854935
0.7124284157
0.8198935848
0.5443914661
0.3015734422
0.735474891
0.2991142928
0.3464436999
0.6422737879
0.4595012698
0.2892478594
0.2866639669
0.6009241229
0.4455726863
1
0.3056623279
0.3190614088
0.4481695638
0.4285450647
0.4601147424
0.327458666
0.7947534193
0.2880400905
0.2889826695
0.2960005349
0.3031816453
0.8964992517
0.2867120628
0.802749476
0.3042463871
0.9325187979
0.5535862516
0.6753518545
0.9796013966
0.8879838661
0.4921746834
0.5562852328
0.327458666
0.4629859257
0.4623695282
0.2875201565
0.8225081634
0.2881535672
0.3089101663
0.6184408567
0.286627587
0.3253037027
0.3068824579
0.3266584818
0.5164592467
0.2984694254
0.3227673467
0.4455726863
0.2870299461
0.3198919984
0.2871049393
0.3434776759
0.4941033753
0.2921756869
0.6791446695
0.6585312863
0.3507347677
0.2872147067
0.3463074438
0.3454927718
0.3044011078
0.6820395428
0.9887864057
0.7953423107
0.4962513492
0.9381189884
0.2866223397
0.6666218798
0.4105277063
0.5363564017
0.2866811069
0.8241813297
0.8585554952
0.3096943829
0.8697797811
0.3857240791
0.3953238486
0.2914959957
0.2890695069
0.3776124625
0.7195894559
0.7041283237
0.2869722541
0.7135163011
0.5664336223
0.9291324509
0.286908788
0.3677531727
0.4828093583
0.8502837156
0.2867702986
0.4990513827
0.5166786331
0.2878467929
0.659881687
0.4186794666
0.2885980629
0.6811493343
0.7844527875
