0.7267598242
0.7467918631
0.603048795
0.7459482712
0.906730936
0.303714404
0.2919463476
0.313354906
0.5787070761
0.5390405897
0.3642169459
0.5259283335
0.7667819766
0.4658381766
0.3232832354
0.4681146045
0.3101730703
0.4059496222
0.3393245391
0.7183291694
0.9400178488
0.3592624278
0.684681096
0.2896736238
0.7256826876
0.7933914275
0.3002211031
0.2929463316
0.4968773106
0.5441823627
0.8344173
0.3229574202
0.2884939661
0.7638984512
0.7137628828
0.7753641606
0.9579307892
0.5482168808
0.4099470158
0.4341144743
0.4800360176
0.3021687214
0.4167768741
0.9623201018
0.621952821
0.350195682
0.5146971563
0.3605998993
0.3187442554
0.6737422722
0.5243807734
0.5750765829
0.8904935385
0.9608468928
0.6353691702
0.9565946261
0.5635306414
0.3973989554
0.5428395334
0.5184292935
0.3100850252
0.850482665
0.9814247128
0.761003815
0.3162360673
0.2943866595
0.3084426051
0.7990892465
0.6240011802
0.3189490884
0.9504164869
0.6285510405
0.3721418741
0.5646605871
0.4201466758
0.3634573832
0.2888840053
0.3349109911
0.7107087532
0.8294747366
0.3648268585
0.2910372502
0.9981655122
0.4162182042
0.5608207735
0.3105268482
0.4250670289
0.7902241371
0.3351584775
0.347153962
0.2875626436
0.34113855
0.3504754391
0.532580843
0.3561823142
0.6966519798
0.5459743848
0.6460295013
0.384363442
0.3346640803
0.4294703779
0.8194253997
0.6062379558
0.2895825143
0.6975348706
0.9899752043
0.2881892438
0.4945118462
0.883156263
0.6433106095
0.2871957574
0.3734138406
0.4134377285
0.6489724372
0.3793958675
0.2890150232
0.2876210915
0.3050968644
0.8780477754
0.3795597792
0.3651325669
0.325826253
0.301811413
0.4670788601
0.647840862
0.6380937072
0.4092166371
0.5285854974
0.3039411313
0.2873454383
0.4184579817
0.2990378589
0.3247108129
0.852053649
0.3716668779
0.4216540433
0.4292779565
0.2869996409
0.5166714958
0.7028203678
0.7346952474
0.7224446502
0.3126105019
0.5509113578
0.2917409748
0.5612722168
0.3524487217
0.3307922921
0.7067707133
0.9487614006
0.5035766468
0.4853275286
0.8213026464
0.578934093
0.3318661767
0.9065870136
0.2973645853
0.4090342896
0.3271845324
0.2874802142
0.3818667177
0.6035043715
0.2923268405
0.2973645853
0.4650124046
0.5166714958
0.3666685998
0.7451038625
0.6464824365
0.6176270243
0.4958013189
0.5208505082
0.8285533755
0.4039691576
0.2871178419
0.8076259597
0.3050186718
1
0.2896127108
0.3901167073
0.2979700602
0.6171715799
0.9074491275
0.3238292858
0.3642169459
0.3317462718
0.2870111991
0.2931757122
0.3222024914
0.8956764397
0.2874163298
0.4998968882
0.6237736104
0.8903395029
0.2963171466
0.5066174931
0.2879925012
0.3441781594
0.5875690566
0.3099094145
0.2896430806
0.287111013
0.7198471877
0.3877320768
0.4664582157
0.4449390959
0.3036391562
0.2870337897
0.3397109351
0.3623992951
0.4193952135
0.4370419483
0.6489724372
0.9674241359
0.288683418
0.9039802616
0.3033398063
0.2874935155
0.6276413192
0.846791566
0.4817252953
0.7440472096
0.8095475106
0.4523564631
0.2873342351
0.2869928109
0.2876823346
0.2871178419
0.2900864503
0.3395819955
0.2872412774
0.9176626804
0.4453373238
0.2921137386
0.2872225445
0.4507438377
0.2876980821
0.7440472096
0.2869812524
0.5843860079
0.2872808427
0.9052874578
0.3047850732
0.8483778147
0.5085771602
0.8979292511
0.3452525854
0.287428757
0.2910372502
0.9142225598
0.9666877628
0.2900210338
0.3675961855
0.3016696462
0.6620653888
0.8237320969
