0.7568277415
0.950202829
0.3458459245
0.5084501673
0.37686824
0.5819481607
0.6717465058
0.3059973614
0.2914523646
0.636970017
0.3410202877
0.3812999322
0.8064971324
0.8078289672
0.8961509709
0.5222271231
0.3303443186
0.3208228422
0.293235666
0.6009729424
0.2861691729
0.2856060129
0.310062384
0.3582237073
0.3166609749
0.8116151464
0.9237976957
0.4944198978
0.4861036782
0.3238802656
0.3518392776
0.3159578283
0.2891266932
0.9378319489
0.5914555392
0.3643953297
0.8649248448
0.8326386704
0.3071713499
0.3210373186
0.4539492768
0.4573983262
0.927711526
0.9801994774
0.9426229549
0.3749256961
0.3385454307
0.6306446043
0.5226670595
0.2878876646
0.6188768206
0.6925472855
0.822984808
0.389210821
0.6041463939
0.8834714899
0.2919114089
0.6444115822
0.3747645786
0.8337180483
0.2997584285
0.2912292279
0.584436813
0.304534259
0.3773564991
0.3247753611
0.3613583825
0.6329047401
0.8536856083
0.5209082151
0.9744933857
0.2905854044
0.7365718991
0.6374214609
0.2971783992
0.4647688219
0.2874809958
0.6484634395
0.3624156332
0.2918647389
0.3069171364
0.7244501783
0.488015555
0.7169337592
0.5605187663
0.3968350575
0.6457628055
0.5501999499
0.7753582188
0.2861691729
0.5099727758
0.3961334568
0.6901274197
0.2914073965
0.3200769385
0.9039576758
0.9702439648
0.5045449144
0.704800593
0.5591702931
0.3017655157
0.5106259757
0.2885222688
0.4429366446
0.9607014834
0.7017480109
0.6757498242
0.2883022826
0.5772005057
0.4772422623
0.8284754351
0.3511297468
0.5277368053
0.4048416925
0.2861986
0.3522665753
0.2940246867
0.2927307882
1
0.4241032774
0.4829272377
0.7323361247
0.6903475749
0.376056802
0.3022873584
0.2862595403
0.7056713887
0.8164944066
0.6739716615
0.2905854044
0.9170192724
0.4471144721
0.3832962798
0.2855681989
0.4582128495
0.5878321052
0.3888692111
0.3444877167
0.3386744327
0.450923353
0.2895234871
0.3048548764
0.3379025202
0.4561786595
0.2855828368
0.7935786949
0.2856021793
0.3607570022
0.3989498627
0.8032484315
0.6129861797
0.9510365638
0.2856539313
0.7240221242
0.316157957
0.6102665411
0.2859243101
0.6525095758
0.4158299681
0.2866250816
0.3897240528
0.3259075985
0.2961328911
0.5645682862
0.964173759
0.7707206027
0.6118530476
0.4439282682
0.9168863203
0.4766132607
0.3794843181
0.4850434602
0.3368811604
0.5553536039
0.2971783992
0.322227719
0.4112093001
0.2881204476
0.4093777676
0.3959583185
0.7922115358
0.5578225402
0.3470798792
0.3048548764
0.2871365517
0.8464504351
0.2917257492
0.4682796476
0.3535555478
0.8403122741
0.4283049917
0.3684172979
0.5093199667
0.5828529947
0.4850434602
0.4987152444
0.8259215733
0.3269392559
0.37719363
0.2992768086
0.2948516469
0.8349738012
0.4759848025
0.923285735
0.2859356319
0.9875846565
0.3495804088
0.6916678052
0.7082800489
0.3547101759
0.7715294316
0.2902577493
0.4160160215
0.8853221402
0.7388932613
0.2886191333
0.4600496165
0.2890220849
0.4417492839
0.2868051782
0.2855619254
0.669295779
0.4473142612
0.3307035592
0.6993444197
0.2860197565
0.4976395351
0.3048548764
0.3358688176
0.5600691966
0.7338208393
0.2855755178
0.2941327587
0.3123672776
0.288002675
0.2861547201
0.5674965109
0.389210821
0.325339627
0.3029700446
0.5713298328
0.4203208164
0.6755276508
0.3627188316
0.3508468577
0.4680726053
0.286441462
0.5430511602
0.2857422677
0.8381853577
0.2868051782
0.9865544731
0.4618919815
0.8795745065
0.2859131623
0.476194228
