0.3980372954
0.533564235
0.3156669046
0.409519011
0.3596165107
0.28784347
0.3177608953
0.4892839522
0.5512129382
0.6760895325
0.718342187
0.2866106539
0.2920211764
0.2972218809
0.5229380741
0.7719750285
0.4067908549
0.2895890774
0.3099757986
0.3832903204
0.602150616
0.444276405
0.3499534421
0.2884795598
0.5069495612
0.2951544275
0.2982106471
0.7924068602
0.4534999393
0.5534589845
0.8994113018
0.2924195988
0.3706401183
0.6296581929
0.9200711208
0.8483416557
0.2945663471
0.6044251707
0.409336442
0.2906037802
0.3357784189
0.3127947324
0.2886112503
0.3065650251
0.9453343504
0.3543512899
0.3329415599
0.7838728993
0.7423053756
0.6060174263
0.8349882285
0.3005224774
0.3099757986
0.3120526992
0.7137870375
0.3001117047
0.6540997867
0.5905555616
0.4502735158
0.533564235
0.4608277221
0.3145011265
0.9456723414
0.648231788
0.4223478319
0.5615635418
0.3975094245
0.2869520742
0.3420728582
0.4315297311
0.5244825412
0.5844235242
0.8722029769
0.9934927825
0.8081502182
0.8717128205
0.4602135484
0.304799095
0.3329415599
1
0.7028704802
0.2929723647
0.5978295931
0.7971176707
0.6531978166
0.7550983648
0.648231788
0.4040851652
0.6722915892
0.3659685508
0.4420950677
0.7707532802
0.7866644048
0.7063742789
0.8437628882
0.3091860109
0.6119314149
0.3650475558
0.4086071512
0.4430853941
0.3146938613
0.6738563783
0.4628794872
0.422726309
0.9811153149
0.2868737687
0.4482667852
0.2899568834
0.5039099556
0.3120526992
0.4506757712
0.897039276
0.5894195575
0.6217083121
0.3834570909
0.3034128155
0.2933061588
0.8799386759
0.7802657102
0.2909092033
0.9864500654
0.9337856168
0.3773630336
0.9601052666
0.5413610044
0.3606596931
0.2898884553
0.4905647753
0.3759047625
0.3847953337
0.373655374
0.5244825412
0.3246709031
0.3158633836
0.7041855295
0.4858781468
0.4784791098
0.3065650251
0.3443350265
0.2884026283
0.2903455731
0.460008964
0.4555260676
0.2865543481
0.2867269248
0.6691582306
0.2870260027
0.430949947
0.2901663091
0.7404017169
0.9546519849
0.3711133185
0.2887472782
0.3429995028
0.3034884424
0.5805660967
0.7288972442
0.2878647686
0.6716205749
0.3046424541
0.8091072921
0.3141175347
0.3388191502
0.3215085963
0.3458199726
0.715307449
0.2867856657
0.2878862412
0.3534901716
0.914791958
0.3493952977
0.7471517052
0.6971567823
0.3272686539
0.8544191025
0.6117039696
0.548296776
0.5277982239
0.600103685
0.6869909664
0.8333562383
0.7420940577
0.5869210232
0.3701680092
0.3546393799
0.3297090138
0.373655374
0.6257980148
0.2866519189
0.2904551998
0.9818910825
0.3530613897
0.3985661106
0.7068115734
0.2893347162
0.8752891435
0.3776883854
0.8651033998
0.2865564465
0.4639079526
0.4680387134
0.6069272968
0.288277882
0.2876793464
0.9388551309
0.9062407161
0.5128368282
0.7736006968
0.347733777
0.6051075617
0.5275769244
0.2866062825
0.2865942172
0.8713856167
0.3587273435
0.2870006616
0.4707379094
0.3155688986
0.4496706991
0.2881812117
0.4632906681
0.3066471575
0.327039637
0.5985117847
0.3406304593
0.286928828
0.5500908322
0.3097991731
0.4144851768
0.6173892507
0.9056675863
0.4632906681
0.8060385114
0.9244219431
0.841631434
0.9754694556
0.2865538235
0.28784347
0.9136908218
0.3636744823
0.4957073526
0.6829945866
0.3542074417
0.5467283395
0.7988743454
0.2867269248
0.5753525351
0.6920826346
0.2887197257
0.4935609133
0.2866351334
0.3620100901
0.369070679
0.5647225334
0.77278834
0.2865548727
