0.3205404239
0.3177354866
0.2884953973
0.2865743272
0.5468808813
0.742562625
0.3367041532
0.5064784064
0.5341718136
0.4170807738
0.6324289686
0.704541325
0.3273986511
0.2998402974
0.9960169717
0.743615513
0.3199074784
0.3879850401
0.5306223564
0.3674797036
0.372033616
0.2862356457
0.2999770358
0.8419089963
0.3982011899
0.7188790613
0.3232364489
0.8645949796
0.3177354866
0.4363845808
0.5671140789
0.7071610656
0.6902598682
0.2866622906
0.6740568313
0.8415543941
0.3059036853
0.4001467131
0.5757026096
0.883156479
1
0.7723475989
0.4886196157
0.8908610435
0.9387593617
0.7294046194
0.2864240336
0.3108074233
0.3575038348
0.3957433541
0.2868027671
0.7404530697
0.6256287832
0.2891313412
0.8008949228
0.341872105
0.4638951299
0.2942189364
0.5578751761
0.2861710352
0.4454625706
0.6045131195
0.4163351767
0.2866362866
0.3165247735
0.2901718537
0.3008819509
0.6160968525
0.7629586949
0.4676101796
0.3861222095
0.8796953318
0.286405354
0.4062385253
0.7623421264
0.6601817151
0.383938085
0.2890043331
0.5125772861
0.7859935228
0.9272774279
0.546433391
0.3976727789
0.2861647484
0.4591801397
0.3112622754
0.9040076399
0.4422858294
0.5383974872
0.3910620577
0.3300880806
0.8263799172
0.4270985399
0.3806151896
0.3093785362
0.4391294166
0.5594502249
0.5967907953
0.4604066088
0.711949354
0.3856165004
0.4751035509
0.2892939857
0.4456617817
0.2877899271
0.4946051738
0.5264187041
0.3123700282
0.4978285648
0.4822542622
0.7173668414
0.3074804445
0.5558516432
0.3811107166
0.2861946099
0.3144596761
0.6170050826
0.3556041907
0.5286295797
0.4029988293
0.8198991333
0.3690384804
0.9908646887
0.6160968525
0.4208310631
0.5653089046
0.8934288248
0.4288246156
0.3128382847
0.2866362866
0.2866109798
0.3726697093
0.3532963367
0.6226796293
0.3324895009
0.5171735691
0.9098139238
0.5047423569
0.6349200568
0.3027003879
0.4232884038
0.7792062865
0.3561863666
0.3171273535
0.2918440147
0.4044346667
0.9116214618
0.3367041532
0.3347001861
0.4391294166
0.8258279972
0.3399078734
0.3060669199
0.3073960092
0.7389734126
0.3054178606
0.3983775358
0.4954636214
0.3569170017
0.3345761504
0.966209136
0.979498146
0.3982011899
0.5617020251
0.317837381
0.8736161601
0.2864737856
0.7294046194
0.9474937121
0.8470149352
0.4978285648
0.2957014744
0.3687257481
0.3014526759
0.7771963376
0.9483660142
0.2866492014
0.7753821478
0.2999085839
0.5439741097
0.6374097135
0.303303927
0.3308024048
0.3150427104
0.3049378634
0.9567204945
0.4711384097
0.5134513457
0.293549086
0.3639412291
0.7136857493
0.6160968525
0.9261315777
0.7006015501
0.2893602514
0.6651157187
0.2875828682
0.964945251
0.2872887431
0.2868027671
0.6809569029
0.714769668
0.7952539446
0.8498030824
0.9267691558
0.5915692168
0.2867879354
0.286598588
0.68827104
0.957816468
0.8675759899
0.6126904423
0.2902092063
0.5567507745
0.2985743582
0.2873898775
0.2888800887
0.3381029497
0.6421582859
0.2869276915
0.8667507067
0.288246204
0.3619703608
0.6565867103
0.4751035509
0.518270591
0.3663958537
0.3180416312
0.306726312
0.670261803
0.4113420439
0.3601699991
0.8249066317
0.4448654036
0.661304033
0.3561863666
0.353439596
0.6543371714
0.8525704297
0.286245948
0.2864842593
0.7699102683
0.3386158346
0.4790910047
0.6029230434
0.49632289
0.4655435921
0.5554022098
0.4703065569
0.2864336351
0.3905467627
0.3610679013
0.2867587946
0.3118133132
0.4803547158
0.2862627107
