0.3883631684
0.311657164
0.8001234913
0.9652451999
0.8552935748
0.364143419
0.2870674374
0.7724912019
0.3235514735
0.2877327938
0.3107489511
0.2965116481
0.8819751962
0.8728452095
0.4795579244
0.7491717265
0.4761953304
0.3471878899
0.3345306166
0.3016026611
1
0.9529266026
0.7309707692
0.4553509172
0.3752764439
0.905319356
0.7122082889
0.943267626
0.3950809977
0.286703181
0.4379854152
0.5599954623
0.3281803238
0.4419250816
0.6280544831
0.3170336942
0.2878854787
0.490162628
0.7008454361
0.9821380308
0.5798894337
0.3957792702
0.373991569
0.5386993071
0.3542150414
0.5545944271
0.9381381114
0.7554318687
0.787355494
0.6457233885
0.60055497
0.88417365
0.3572648511
0.287510082
0.2882664503
0.2977825123
0.8355707878
0.6853963062
0.3193830573
0.8965453805
0.8651043579
0.3172347501
0.5577435155
0.6497886633
0.3451453154
0.3239920133
0.9314491811
0.4214298676
0.9470949214
0.2895759301
0.6366717966
0.6285083879
0.485691326
0.3470507665
0.7962246407
0.3588851746
0.292672801
0.682954168
0.7614368229
0.3484280885
0.3762450715
0.8036093072
0.4080861281
0.5577435155
0.6026011758
0.3799972196
0.3209589479
0.3067765225
0.44251881
0.38717502
0.38582381
0.2870239452
0.6942446052
0.8443228514
0.2909146748
0.4622907614
0.6289622566
0.2916087124
0.3009636799
0.6689009384
0.4137707505
0.5017678127
0.9509094539
0.3199045367
0.3294646058
0.3027715521
0.6619485365
0.9955666251
0.5078419915
0.2874529976
0.5536955017
0.6796181671
0.2870527656
0.291194449
0.3142841046
0.5080595987
0.292040111
0.6139695735
0.2968075247
0.2870822836
0.3347782133
0.2869958225
0.6026011758
0.4653780279
0.8759202569
0.4608553187
0.9922822578
0.4513075891
0.2865146095
0.5364720007
0.3929964339
0.2865196783
0.2948785855
0.2928597165
0.5617984991
0.7348102295
0.2986062248
0.3686164663
0.40790432
0.4254127635
0.5530215527
0.290306819
0.6235136127
0.8539183913
0.630323639
0.6053296533
0.7614368229
0.4519122024
0.3293471179
0.485691326
0.6695725301
0.3904125712
0.4348572831
0.7692335211
0.6515936677
0.7924960456
0.5726413048
0.8178903493
0.7857650282
0.3260041132
0.467858752
0.2877755486
0.3119327145
0.4787158235
0.5803428683
0.4219964092
0.2899492911
0.2877327938
0.3462308766
0.7208754627
0.31156563
0.8271853029
0.60055497
0.2988653473
0.3971809027
0.5530215527
0.3780318805
0.8923364275
0.5043665225
0.2873084348
0.9746961321
0.3798328039
0.9614843377
0.3730329113
0.5205347144
0.7835714992
0.2866753962
0.3533542542
0.3898987384
0.7026002256
0.2874158119
0.6951265286
0.3316043969
0.5258265781
0.2910735155
0.5841988126
0.3001325202
0.3126744624
0.2890701719
0.6966685715
0.4850545829
0.2901617399
0.2986707555
0.4158101464
0.3110197508
0.2877971868
0.3018909378
0.3428676191
0.4545399001
0.5108925729
0.3418095583
0.2866245423
0.7881491917
0.302920619
0.3752764439
0.4030332956
0.8427295166
0.4124789741
0.2864436431
0.316833257
0.717849572
0.555943502
0.7187149643
0.2865004517
0.7527250479
0.2868779055
0.382976352
0.8800769072
0.5331369708
0.3438006799
0.5521232862
0.826632845
0.3957792702
0.5091483116
0.3239920133
0.2951500222
0.2864703874
0.3241025239
0.9805242548
0.2869683974
0.2865196783
0.3636866536
0.6185154547
0.5278165349
0.8741438043
0.2868300349
0.4435099479
0.288805145
0.4393606076
0.5433864173
0.4372013946
0.4452989672
0.5275952848
0.3060390706
0.3231133411
0.2866577462
