 9.4448e+00, 1.3833e+01
 1.7163e-01, 1.4615e+01
 5.4043e+00, 5.1425e+00
-2.2141e+00,-6.8634e+00
 6.0218e+00,-1.1109e+01
-3.2021e+00, 1.2384e+01
-1.0726e+01, 1.0647e+01
-5.9091e+00, 1.5126e+01
 1.0634e+01, 1.0149e+01
 2.7318e-01, 6.3743e+00
-2.2292e+00,-1.5958e+01
 1.8856e+00, 1.5598e+01
 4.5073e+00, 1.4258e+01
-5.2231e+00,-5.0326e+00
 1.2181e+01, 9.3604e+00
-5.2725e+00, 5.7022e+00
-1.4860e+01, 7.3394e+00
 1.3087e+01, 1.1597e+01
-2.3059e+00,-1.0939e+01
-1.7480e+00,-1.3283e+01
 2.2701e+00, 4.3070e+00
 8.5463e+00,-2.8195e+00
 2.8277e+00,-4.8642e+00
 1.1937e+01, 4.9071e+00
 1.4198e+01,-2.9227e-01
 4.8766e+00,-8.7496e+00
 1.6139e+01,-4.0886e+00
-1.2710e+01,-8.9838e+00
-1.1712e-01,-8.4059e+00
-8.3624e+00, 1.3645e+01
 6.3320e+00,-1.3402e+01
 5.8446e+00,-1.5514e+01
-1.3263e+01,-2.4907e+00
 7.6036e+00, 9.0503e+00
-2.3116e+00,-9.2509e-01
-8.0272e+00, 1.1914e+01
-9.9184e-01,-9.7835e+00
-9.5675e-01,-1.5062e+01
 8.9871e+00,-1.3227e+01
 7.0311e+00, 1.2444e+01
-2.1469e+00, 1.9970e+00
 1.3012e+01, 7.2122e+00
 1.0046e+01,-3.2957e+00
-2.0468e+00, 3.6781e+00
-7.0534e+00,-1.6874e+00
-9.4563e+00, 2.6597e+00
 1.0102e+01, 2.7228e+00
 2.8399e-02,-1.2706e+01
 2.2818e+00,-1.0096e+01
-5.1063e+00,-1.9390e+00
-4.3158e+00,-1.5084e+01
 1.2094e+01,-9.8666e+00
 4.2617e+00, 1.6453e+01
-1.4409e+01,-8.5376e+00
 1.4939e+00, 1.2258e+01
-3.8507e+00,-4.0936e+00
 3.1849e+00, 1.3546e+01
-1.3682e+01, 2.1892e+00
 9.2871e+00,-1.1285e+01
-3.0805e+00,-8.7480e+00
 6.1418e+00, 1.0609e+01
 1.0930e+01, 1.2256e+01
 1.3634e+01, 3.2240e+00
-9.1989e+00,-1.0971e+01
 1.4613e+01, 6.1245e+00
-6.3105e-01,-1.1117e+00
 1.3142e+01,-6.2790e+00
-5.7236e+00,-1.5728e+01
-4.8432e+00, 1.0212e+01
-1.8255e+00, 1.4379e+01
-8.9153e+00,-3.9760e+00
 1.3523e+01,-8.8796e+00
 7.6777e+00,-6.2122e+00
-3.4419e+00, 7.2744e+00
 6.0734e+00, 1.6387e+01
-1.9526e-01, 8.2657e+00
-5.0435e+00, 3.2721e+00
 8.5188e+00,-8.8307e+00
-4.8702e+00, 1.1816e+01
-6.9078e+00,-4.9766e+00
-9.1917e+00, 5.7837e+00
 1.1560e+01, 5.0808e-01
 1.1642e+00, 1.9539e+00
 9.8711e+00, 4.3756e+00
 4.9709e+00, 4.7134e-01
 4.0183e+00,-1.5217e+01
-1.0563e+01,-5.6403e+00
 3.1717e+00, 2.3049e+00
 7.0158e-01,-3.5318e+00
 1.2345e+00,-7.0370e+00
-5.1874e+00, 8.9157e-01
 4.6570e+00, 1.0875e+01
 1.0648e+01,-1.2171e+00
-1.5997e+01, 2.3584e+00
-4.4488e+00,-1.1342e+01
-1.6214e+01,-1.9812e+00
 1.0645e+01,-7.0623e+00
-1.1191e+01, 8.6303e+00
-1.3663e+01, 6.3565e+00
 1.4456e+01,-5.5286e+00
 6.5661e+00, 9.4133e-01
-6.3988e+00, 1.0383e+01
 8.1535e-01,-1.6422e+01
 1.6893e+01,-7.8378e-01
-1.2975e+01, 1.0883e+01
-9.7822e+00,-1.4303e+01
-8.2828e+00,-1.3541e+01
 3.2291e+00,-1.3423e+01
 5.3123e+00,-1.0225e+00
 2.9259e+00,-1.8560e-01
 1.3825e+01,-1.8191e+00
-1.4310e+01, 4.0363e+00
-5.5012e-01,-5.8280e+00
-1.4805e+01,-6.1430e+00
 4.9836e+00, 3.6365e+00
 9.0000e+00,-7.3515e+00
-6.4278e+00, 1.2387e+01
 2.8492e+00, 7.0112e+00
 3.5817e+00,-2.5039e+00
-8.2019e-01, 5.0363e+00
 1.3450e+00,-5.3055e+00
 1.4576e+00,-1.6399e+00
 7.2963e+00,-1.0270e+01
 1.0571e+01, 8.4094e+00
 4.8922e+00, 7.4940e+00
-7.9982e+00, 8.7797e+00
-8.1097e+00,-9.2110e+00
-6.6595e-02, 7.2970e-01
 1.3597e+01, 1.0149e+01
-2.0535e+00,-3.9215e+00
 1.1147e+01,-4.4367e+00
 6.1119e+00,-2.3012e+00
 6.2076e+00,-4.7064e+00
-1.5027e+01, 5.3941e+00
-1.2611e+01, 4.5564e-01
-7.0720e+00, 1.0227e+00
-1.5833e+01,-3.5691e+00
 1.2053e+01,-3.0557e+00
-1.1389e+01,-7.1531e+00
 7.8330e+00, 1.4397e+01
 7.5134e+00,-1.7236e+00
 8.3969e+00, 6.7763e+00
 2.3673e-02, 1.2874e+01
 8.0219e+00, 4.5749e+00
-1.0379e+01, 5.8633e-01
 5.2775e+00, 8.9805e+00
-1.0832e+01, 1.2836e+01
-1.2786e+01, 9.1755e+00
-1.6430e+01, 3.9932e+00
-1.4740e+00, 6.5854e+00
-4.7734e+00,-6.7072e+00
-1.8670e+00, 1.6562e+01
-1.2638e+01, 3.8606e+00
-5.6659e+00, 7.9568e+00
 2.9181e+00, 9.1718e+00
-1.1018e+01,-2.4745e+00
 4.0625e+00,-6.8962e+00
-7.1073e+00, 3.4483e+00
-1.2089e+00,-1.7437e+01
-4.2328e+00, 1.3757e+01
 3.0431e+00, 1.0770e+01
-6.9134e+00, 6.4724e+00
-3.7169e+00, 4.5900e+00
-1.2697e+01,-4.7733e+00
-9.1901e+00,-2.2393e+00
 1.0698e+01, 6.0791e+00
 6.1920e+00, 1.4180e+01
 8.9754e+00, 1.1593e-01
-3.6671e+00, 2.4184e+00
 7.3823e-01, 1.7420e+01
 8.6253e+00,-4.8507e+00
-6.5519e+00,-7.2432e+00
 1.5338e+01, 4.4931e+00
 1.6151e+01,-2.5276e+00
-3.3473e+00,-1.2857e+01
 1.5479e+01, 1.9660e+00
-1.1097e+01, 4.7738e+00
 4.5062e+00,-4.6067e+00
 9.8563e-01, 1.0558e+01
 5.8514e+00,-6.1714e+00
-9.6080e+00, 8.0865e+00
-1.4128e+01,-1.1137e+00
 7.4138e+00, 2.9600e+00
-8.5406e+00,-6.6598e+00
 1.4957e+01, 8.9533e+00
-7.1352e+00,-1.0733e+01
 1.1762e+01, 2.3890e+00
-1.1281e+01,-4.2144e+00
 4.2767e+00,-1.1168e+01
 1.3958e+00, 8.9812e+00
 2.5360e+00,-8.2045e+00
-6.1876e+00,-9.1641e+00
 1.7199e+01, 7.4668e-01
-4.5173e-01, 2.7250e+00
 2.7024e+00,-1.1585e+01
-1.6197e+01, 6.4084e+00
-4.5930e+00, 1.6253e+01
-1.1806e+01,-1.2651e+01
 1.5908e+01,-7.0295e+00
 4.4343e+00, 1.2545e+01
-5.6443e+00,-1.4010e+01
-1.7316e+01, 6.7565e-01
 1.1516e+01,-8.3113e+00
-3.9500e-01, 1.1162e+01
-1.5514e+01,-4.3838e-01
-1.1403e+01, 7.0717e+00
 1.5918e+00, 1.3919e+01
-1.1347e+01, 1.9410e+00
-1.0076e+01,-1.2816e+01
-8.2487e+00,-4.8707e-01
 7.5732e+00,-1.2519e+01
-1.7111e+00, 1.1886e+01
-9.6868e+00, 1.4454e+01
 2.2794e+00,-1.5918e+01
 1.4215e+00,-1.4187e+01
-1.7426e+01,-9.1065e-01
 1.6656e+01, 3.4010e+00
 1.2347e+01,-1.0686e+00
 6.5706e+00, 6.4153e+00
 7.8188e+00,-1.4679e+01
 3.9278e+00, 4.7702e+00
 1.2217e+01,-1.1584e+01
-1.5099e+00,-2.4889e+00
-2.4088e+00, 9.5431e+00
-1.0773e+01,-9.7643e-01
-3.7151e+00, 7.9035e-02
-7.2395e+00,-1.5036e+01
 9.1240e+00, 1.1461e+01
 1.1374e+01,-1.2975e+01
-1.4132e+01,-3.8986e+00
 1.0597e+01,-1.0160e+01
-1.3231e+01,-1.1025e+01
 9.2863e+00, 9.4405e+00
-3.7036e+00,-1.6557e+01
-1.6462e+01,-5.6367e+00
 1.4535e+01,-3.5033e+00
-5.6317e+00,-1.2406e+01
 6.8758e+00,-8.6093e+00
-7.4492e+00,-3.4092e+00
 1.4348e+00, 4.4441e-02
 1.0739e+00,-1.1487e+01
-9.9568e+00,-9.6278e+00
 3.4496e+00,-1.6997e+01
-9.9192e+00,-7.6928e+00
-1.7813e-01, 1.6216e+01
-8.3107e+00, 7.2491e+00
-1.4833e+01, 1.1857e+00
-7.3918e+00, 1.5652e+01
-2.7200e+00,-5.2813e+00
-9.2435e+00, 9.9819e+00
-8.1076e-01,-1.1387e+01
-1.3426e+01,-7.3219e+00
 2.4250e+00, 1.7263e+01
-1.1725e+01,-1.1027e+01
-4.5966e+00,-9.5561e+00
 7.3325e-01, 3.8087e+00
