 1.5023e+01, 7.8868e+00
 9.2511e+00, 1.2527e+01
-1.3864e+01, 9.5933e+00
-1.0083e+01,-7.6793e-01
 8.3458e+00,-1.1816e+01
-8.8091e+00,-4.6698e+00
 7.0078e+00, 5.5756e+00
 8.1527e+00,-3.4104e+00
 1.4340e+01, 5.5737e+00
 7.0659e+00, 2.1070e+00
-7.5447e+00, 6.9873e-01
-3.5075e+00,-9.7449e+00
-1.5125e+01, 1.4313e+00
 1.0217e+01, 1.4235e+00
-1.5474e+01, 6.2338e+00
 1.6037e+01, 2.5311e+00
 1.5870e-01, 7.2690e+00
-1.4853e+01,-6.4821e+00
 9.9034e+00,-1.4387e+01
-7.0381e+00, 1.1214e+01
-9.0581e+00, 1.0055e+01
 1.4889e+01,-5.4157e+00
 1.2891e+01, 7.6896e+00
 8.8299e+00, 4.7381e+00
 7.5298e+00,-7.2783e+00
-1.6092e+00, 8.6636e+00
-8.1217e-01,-8.8667e-02
 1.4781e+01,-8.8576e+00
 3.1732e+00,-7.1901e+00
 1.0833e+01,-1.9077e+00
-2.3160e+00,-5.0201e+00
 1.1379e+01, 4.3106e+00
-1.9048e+00, 1.0984e+01
 2.3212e+00,-1.1848e+01
-1.0877e+01,-1.1047e+01
 1.1237e+01,-3.5481e+00
-1.2378e+01,-9.4096e-02
-6.4780e+00, 9.6291e+00
-4.3674e+00,-7.1970e+00
 7.5895e-01, 1.5640e+01
 5.6138e+00,-8.0239e+00
 1.3215e+01,-2.7566e+00
-1.1544e+01,-8.6815e+00
 5.2289e+00,-2.7513e+00
-1.5779e+01, 4.2918e+00
-6.9952e+00,-3.6001e+00
 8.3180e+00, 1.0828e+01
 1.5602e+01,-3.4393e+00
 8.3957e+00,-1.3928e+01
-5.2344e+00, 1.5487e+01
-1.0016e+01, 1.3927e+01
-7.2239e+00, 2.8625e+00
 1.6473e+00, 1.0004e+00
 1.3286e+01,-7.6751e+00
-1.5450e+00, 3.7198e+00
 8.5503e+00,-5.6752e+00
-8.5764e+00,-1.4238e+01
-7.9570e-01,-3.3219e+00
-5.7481e+00,-8.2749e+00
-4.5676e-03,-6.7684e+00
-2.4730e+00, 1.5615e+01
-1.0327e+01,-3.7995e+00
-1.3739e+01,-1.0717e+01
 1.9233e+00,-1.4874e+01
 1.0919e+01, 1.1675e+01
 3.9992e+00, 1.3729e+01
-6.0142e+00,-2.2412e-01
 1.5866e+00,-3.2479e+00
 6.4355e+00, 1.1815e+01
-8.2755e+00, 4.2551e+00
 1.7582e+00, 1.0553e+01
 6.5836e+00, 1.5389e+01
-2.1124e+00,-1.2299e+01
 5.7393e+00,-3.6940e-01
-1.3463e+01,-1.1912e+00
-7.0816e+00, 1.5134e+01
-1.3228e+01, 1.6154e+00
 5.2448e-01,-5.1377e+00
-4.3990e+00,-1.3801e+01
-1.7376e+01,-2.6092e-01
-2.7373e+00,-1.5770e+01
 9.3581e+00,-7.9421e+00
 7.6241e+00, 3.5226e+00
-1.6012e+01,-1.4803e+00
 5.6473e+00,-5.4133e+00
-1.2072e+01, 4.3194e+00
-5.5376e+00,-6.0526e+00
-1.0154e+01,-5.6573e+00
 1.0527e+01, 6.0703e+00
-4.9725e+00, 7.7198e+00
-4.3399e+00,-5.5630e-01
-4.6615e+00,-1.5305e+01
 4.3786e+00,-1.3685e+01
 1.5977e+01, 4.2987e-02
-1.2510e+01,-2.5702e+00
-7.1311e+00,-1.2583e+01
-5.0602e+00, 2.5474e+00
 8.4152e+00,-3.5894e-01
 1.0488e+01, 7.8541e+00
-3.7729e+00, 8.9412e+00
 1.1759e+01,-1.2108e+01
-5.0268e+00, 4.2847e+00
 5.2094e+00,-1.5310e+01
 1.2904e+01,-9.6093e+00
-1.2911e+01, 8.3190e+00
-8.3669e+00, 8.0201e+00
 1.3498e+00, 6.2247e+00
 2.9872e+00, 1.5323e+01
 1.0584e+00, 8.7877e+00
-8.4049e+00,-1.5738e+00
 8.8822e+00, 8.8589e+00
 1.4309e+00, 3.9115e+00
 1.5631e+01, 4.3688e+00
 9.9681e+00,-1.0714e+01
-8.8843e-02, 1.1811e+01
-8.8983e+00, 1.7163e+00
 1.3058e+01,-1.1148e+01
 4.5595e+00, 1.5759e+01
-1.0173e+01, 4.7547e+00
-7.3278e+00, 6.3140e+00
 4.5005e+00, 5.2642e+00
-4.4072e+00,-1.1236e+01
 1.3580e+01, 1.0015e+01
 2.4646e+00, 1.6986e+01
 3.7338e+00,-1.8710e-01
 5.3617e+00,-1.1220e+01
 7.4109e+00,-1.0114e+01
-8.2304e+00,-8.9807e+00
 1.5718e+01,-6.8029e+00
-6.4792e+00,-1.0886e+01
-1.2226e-01, 1.0246e+01
 3.4775e+00,-3.0771e+00
 4.0084e+00,-5.7122e+00
 1.0098e+01,-5.2223e+00
-1.9116e+00, 1.5538e+00
 1.2182e+01, 2.5622e-01
-1.4124e+01,-4.6786e+00
 1.0808e+01,-7.3146e+00
 6.3520e+00, 8.0002e+00
 9.2153e-01,-1.6813e+01
 1.3526e+01,-1.0923e+00
-8.2431e+00,-1.1516e+01
-1.0687e+01, 8.1006e+00
-3.5963e+00, 1.8942e+00
-5.0889e+00, 1.1212e+01
 1.2895e+01, 4.6640e+00
-1.3425e+01, 4.9808e+00
 4.5580e+00,-9.1904e+00
-1.1093e+01, 3.1165e+00
-1.5590e+01,-3.2233e+00
 5.3546e+00, 9.1810e+00
-1.0191e+01, 1.1819e+01
 1.6147e+01,-1.7501e+00
-1.2235e+01,-6.9440e+00
 1.5156e+00,-7.5300e+00
-5.1475e+00, 5.8010e+00
-2.3449e+00,-1.4037e+00
-4.4755e+00,-4.4386e+00
-1.4786e+01,-9.3560e+00
-1.7079e+01,-3.4864e+00
 3.7845e+00, 1.0711e+01
 5.8290e+00, 3.3619e+00
-1.3095e+01,-9.2784e+00
-7.9654e-01,-1.7438e+01
 3.7266e+00,-1.6631e+01
 3.5146e+00,-1.0374e+01
-3.1334e+00, 1.2038e+01
 2.9901e-01,-1.4518e+01
-9.0220e-01,-8.2077e+00
 1.4377e-01, 1.3805e+00
-7.1900e+00, 1.3195e+01
-2.9617e+00,-7.9891e+00
-8.3282e+00,-7.1463e+00
 6.4011e-01, 1.3320e+01
 4.4423e+00, 7.2317e+00
-1.7305e+01, 2.4641e+00
-3.7299e+00,-3.1165e+00
 4.4629e+00, 2.4201e+00
-1.0501e+01, 6.3302e+00
-5.0346e+00, 1.3973e+01
 1.2626e+01,-5.6227e+00
-1.0167e+01,-1.3016e+01
-5.7335e-01,-1.1289e+01
-7.1147e+00,-1.5952e+01
-9.8506e+00,-8.4397e+00
 9.4400e+00, 3.1947e+00
-1.1838e+01, 1.1644e+01
 3.3325e+00, 9.0977e+00
-1.9956e+00,-1.0627e+01
 7.0959e-01,-8.8557e+00
-1.2253e+01,-4.0726e+00
-2.0925e+00, 5.6108e+00
-2.8259e+00, 3.4555e-01
 8.4906e+00, 6.8926e+00
-6.0830e+00,-2.2115e+00
 1.3894e+01, 2.4767e+00
 7.8705e+00, 1.4013e+01
-1.9065e+00, 1.7202e+01
 7.1323e+00,-1.6856e+00
-1.0993e+01,-2.1636e+00
-1.2222e+01, 6.3224e+00
 1.1681e+01, 1.0298e+01
 3.0286e+00, 1.2178e+01
 6.3013e+00,-4.0437e+00
-1.6414e+00,-6.3628e+00
 6.6561e-02,-1.3069e+00
-1.9130e-01, 4.8986e+00
-1.4006e+01, 6.9293e+00
-5.6380e+00,-1.2799e+01
 7.1940e+00,-1.5434e+01
 3.0697e+00, 1.7539e+00
-2.0521e+00,-1.4144e+01
-3.0150e+00, 7.5263e+00
 3.1344e+00, 4.2380e+00
-2.8376e+00, 1.3596e+01
-1.3308e+01, 1.1339e+01
 6.4777e+00,-1.3917e+01
 1.2170e+01, 6.2031e+00
-3.5441e+00, 4.7158e+00
-1.1118e+01, 7.5997e-01
-1.0728e-01, 1.6888e+01
 3.4373e+00,-1.5072e+01
-7.9908e-02,-1.3015e+01
 1.2777e+01, 1.1650e+01
 2.4797e+00,-9.0653e+00
 1.0074e+01,-1.2775e+01
-1.2362e+01,-1.1479e+01
 2.4882e+00,-5.6319e+00
-1.5812e+01,-5.0383e+00
-1.1518e+01, 9.9746e+00
-9.5737e+00,-1.0218e+01
 1.6262e+01, 6.0153e+00
 1.3823e+01, 6.2027e-01
-6.1735e-01,-1.5880e+01
-1.1779e+00, 1.3081e+01
 1.1876e+01, 2.2440e+00
 2.1624e+00, 1.3775e+01
 6.3586e+00, 1.3676e+01
 1.0554e+01,-8.4826e-02
-6.9433e+00,-5.2996e+00
-8.7999e-01, 1.5052e+01
 4.9070e+00, 1.1718e+01
 1.0769e+01, 1.3717e+01
-4.2243e+00, 1.6786e+01
 1.6628e+01,-4.6416e+00
-8.5893e+00, 1.4905e+01
 1.0757e+01,-8.9135e+00
 2.0912e+00, 7.5318e+00
 9.9893e-01,-1.1041e+01
-3.6447e+00,-5.8653e+00
 1.0048e+01, 1.0015e+01
 8.6986e+00, 1.7037e+00
 9.3272e+00,-2.0685e+00
-3.5625e+00, 1.0455e+01
 1.7322e+01,-8.0563e-01
 1.5055e+00,-1.7456e+00
