0.7695345393
1
0.7901124169
0.3688455037
0.5745723477
0.291025739
0.5173198439
0.3487743794
0.3885218521
0.9122603662
0.2883779813
0.3394959451
0.51886261
0.4970358726
0.3565363265
0.9544116505
0.4810063527
0.9981250531
0.4968200889
0.498980288
0.5384202195
0.2899106396
0.3893716126
0.5570979009
0.7179697576
0.9726726728
0.2967029253
0.6579063082
0.5022302668
0.3037239118
0.7651800729
0.4161103424
0.328482803
0.7852792308
0.7707740335
0.3374722914
0.5846024934
0.6058636577
0.5087637168
0.6708039213
0.3112680107
0.3102248779
0.5197451142
0.5595867786
0.6223400428
0.3452482921
0.6963502242
0.3866623083
0.8965000357
0.3205409801
0.3237064423
0.5076717986
0.324464895
0.4839738539
0.3254510053
0.4715505266
0.3079629807
0.2890569725
0.3790366672
0.335978714
0.7674641151
0.3562469881
0.8243827345
0.2948740205
0.3388596148
0.8392255396
0.2900309113
0.6656081
0.6401599233
0.417041017
0.2886015626
0.2917103329
0.3258932211
0.3922816906
0.7288534039
0.5793562096
0.4146262891
0.3261152372
0.3766036994
0.3221064151
0.3098823287
0.4609960966
0.9129776201
0.2930214164
0.7984816309
0.627599698
0.3196184182
0.2906690091
0.5415566801
0.6903344637
0.4232430496
0.3095423664
0.4215414352
0.3459191321
0.3095423664
0.288591713
0.9558391385
0.4033403644
0.9792041682
0.7990750138
0.4299309383
0.644719003
0.4540624449
0.9205708937
0.6209674879
0.5122656643
0.7201549595
0.2926251716
0.8893374776
0.626456572
0.8316789392
0.2975867366
0.3967939435
0.9276148963
0.6775618718
0.3566811937
0.3696236543
0.9314274406
0.6472241711
0.4232430496
0.9556206788
0.5500996308
0.3030067905
0.7487939628
0.3168289107
0.4671829522
0.9405290593
0.2929407841
0.7840652916
0.5404358049
0.9958052616
0.3585764401
0.8665519647
0.2959139574
0.4630513635
0.5094194312
0.306520971
0.3317420987
0.4569071689
0.4653203014
0.5135818976
0.6994600421
0.3151953032
0.289840575
0.6179931136
0.3004336838
0.2932674597
0.3345059991
0.2891566352
0.395571866
0.8980315497
0.722989488
0.4228642629
0.3123342948
0.2884722767
0.8806864395
0.4020907808
0.2917448447
0.3302143664
0.4753173759
0.6433518305
0.3849837528
0.5725241822
0.2909645417
0.8722804258
0.6392475033
0.4198473907
0.2883287181
0.3452482921
0.289513876
0.8818224698
0.2898871098
0.8741125706
0.2889486827
0.6983501564
0.863479611
0.4172274405
0.2902845628
0.424381626
0.2944514782
0.3730841808
0.3936622101
0.2891566352
0.2890894917
0.2883368115
0.2887703939
0.5528057453
0.4019126866
0.2895344304
0.4827006217
0.3532409949
0.8171661141
0.2886981174
0.721027879
0.290697778
0.4516358604
0.8228721664
0.7732467478
0.2886866863
0.3372219188
0.4812179238
0.4599711433
0.3342625844
0.79351375
0.2888220913
0.3861575428
0.5887124807
0.5652532185
0.4680125787
0.6479070909
0.2917795302
0.2891738596
0.28979474
0.4774190767
0.322000974
0.3604937833
0.3660700092
0.6721573098
0.7715992045
0.2883208005
0.2912135096
0.6335408546
0.5951116388
0.7872974694
0.6860874388
0.3540938536
0.980028482
0.9288070308
0.2895971444
0.9609557367
0.9582144319
0.4888742175
0.3483627741
0.2890894917
0.8410465519
0.8110087871
0.5063630631
0.5087637168
0.2885276875
0.3372219188
0.3135154452
0.5951116388
0.8333464922
0.4001375233
0.498980288
0.5935112774
0.3384795328
0.8643357737
0.3428621234
0.3522520938
0.508545239
0.4280088208
0.288479665
0.8353762612
0.3762813325
0.3048306508
