1
0.8587634952
0.3100932412
0.9698005273
0.4699141196
0.6315692108
0.2899767377
0.4498931829
0.286280885
0.7111605257
0.6737897714
0.497833799
0.4169238596
0.2883535019
0.5012817103
0.3234518929
0.2882928665
0.4561536298
0.5767477339
0.2992574644
0.5064764119
0.3149910786
0.6862060298
0.4692915895
0.319778825
0.5336981438
0.3671589802
0.3076325845
0.3412851068
0.6505163022
0.5790084595
0.5495193625
0.4309757438
0.3225719845
0.7042039774
0.3368855826
0.6000737895
0.3137269794
0.4429113868
0.8533357524
0.4991253017
0.2931968359
0.2860359266
0.714839508
0.3485997446
0.3829451004
0.3573307162
0.5982598949
0.36059778
0.4277047954
0.365766748
0.2863869633
0.7031134359
0.7128932892
0.6032483974
0.4323297843
0.285870022
0.4051800573
0.8897857042
0.3194631234
0.7057291361
0.9533617685
0.4498931829
0.520013089
0.9686311798
0.8502454872
0.6231959182
0.3671589802
0.2865886291
0.791149866
0.2896736254
0.8100416951
0.2956558192
0.8781848852
0.7671650635
0.4429113868
0.9747979795
0.4692915895
0.5652391616
0.4360257665
0.3105457324
0.2900542308
0.704421972
0.3354969574
0.6367669987
0.8650974567
0.3595515833
0.4336879583
0.3373947735
0.8590998963
0.5803654393
0.3440825074
0.2898999303
0.2902112737
0.606196384
0.2860942985
0.3407591579
0.3098236444
0.8936882832
0.8043285018
0.9535652367
0.6403788673
0.4614573119
0.3105457324
0.8008705398
0.7223755532
0.2951937517
0.4042794249
0.3469401058
0.3072912606
0.3574778793
0.4158062635
0.9300569824
0.4368076789
0.3776668568
0.3272978518
0.3107278346
0.6697800624
0.5319248841
0.6930375067
0.774655047
0.287724506
0.3962880957
0.5341417808
0.6448884741
0.2861967437
0.718721763
0.7349549846
0.4145066644
0.2856760154
0.8492095114
0.3776668568
0.9620056507
0.2870669849
0.569973284
0.3100932412
0.7094251747
0.5722300457
0.6225164886
0.4130270743
0.7272985094
0.8041369793
0.9211918036
0.290171756
0.9866616448
0.361951978
0.3549936144
0.2881151029
0.4709529484
0.5448252743
0.5966728857
0.2856734004
0.2892045048
0.2954234427
0.799326539
0.8841258337
0.3301152003
0.9530557758
0.7307089189
0.3272978518
0.4778483623
0.3169869532
0.8746868485
0.401949545
0.9231324148
0.5638879199
0.3973415351
0.3005777547
0.286484668
0.3933239359
0.2866800407
0.7374933728
0.6274972968
0.4423173562
0.3961128891
0.2893101857
0.4793195365
0.2932477669
0.3033188981
0.5787823349
0.2983227859
0.3879984083
0.285777121
0.5674926087
0.3340016795
0.5325896131
0.8740462717
0.6713404083
0.5950860498
0.7471572148
0.2867562959
0.8602746574
0.2856739234
0.5717785764
0.3588081059
0.4559505926
0.443506124
0.2862521421
0.3434109704
0.2931968359
0.2857654422
0.32445323
0.3064491607
0.3931505286
0.6928176357
0.2884148274
0.60778374
0.3332617458
0.8149415451
0.5268386608
0.9210616411
0.9523381078
0.3091116925
0.5189155804
0.8607768656
0.7685883239
0.5452718374
0.3599991936
0.3322831961
0.7897757259
0.3073763517
0.2857654422
0.8951727188
0.4077150536
0.2860587531
0.8006777784
0.287045058
0.9197546091
0.3183172788
0.2894535001
0.7776680077
0.3313138583
0.7712238453
0.2859228295
0.3094663996
0.8492095114
0.3622542933
0.4199204254
0.285870022
0.3423436356
0.5450485426
0.3152865193
0.2858459699
0.3760416027
0.583533174
0.5062594351
0.5106074476
0.2857492311
0.2864679494
0.2939785594
0.2857032106
0.5607375765
0.4163646415
0.4713689248
0.2857175051
0.3945407678
