0.2932972925
0.3889477165
0.3494664391
0.287962538
0.2924529502
0.5033782515
0.3739023265
0.7861129809
0.2868178002
0.6503632258
0.9052038158
0.8744713967
0.70994782
0.8882239781
0.325277495
0.9817693622
0.3089519723
0.3438658219
0.2871218298
0.4094391146
0.4277874509
0.8958192463
0.7636412686
0.2906983895
0.2934924237
0.3904865451
0.4052659201
0.4245412787
0.2886909442
0.856654814
0.647879435
0.2868284607
0.614085906
0.5670964859
0.3049757651
0.2959315801
0.343598493
0.8713792243
0.3112600421
0.5558238951
0.6179507449
0.4870586062
0.5390243195
0.4067114908
0.4052659201
0.3626939673
0.5042452259
0.2922282274
0.4386573923
0.3048181785
0.7343104919
0.6855261724
0.3141518954
0.4578776515
0.3132967407
0.2917488912
0.2881488904
0.7599289047
0.3166934333
0.3835491306
0.2868960904
0.5549243411
0.7404689414
0.2909305081
0.4264476875
0.428747062
0.3294095213
0.8624214077
0.3652827767
0.5208534396
0.2867480664
0.6469757323
0.4513931011
0.2865688972
0.5979403068
0.8947697031
0.368842431
0.3303537058
0.918955164
0.8000807559
0.2886088231
0.5872606333
0.6417745512
0.9940948701
0.4689840441
0.4320259835
0.6517171291
0.347528379
0.9301254656
0.35385109
0.3449406369
0.7841194351
0.9682249144
0.4147748964
0.4526032271
0.6928311842
0.4366969732
0.2921837957
0.5352385153
0.3519968354
0.6256759228
0.4681545974
0.7066736758
0.4324133731
0.4915377033
0.7313230139
0.5114259637
0.8781723896
0.4306728179
0.5772791837
0.3759929519
0.5578491945
0.6420008543
0.8662671974
0.3558728165
0.2898660197
0.3025326983
0.7018560834
0.2953708675
0.3065873312
0.287507463
0.6853042702
0.4439910669
0.2864979174
0.9588323922
0.7171193563
0.7351623517
0.6401900348
0.3094750414
0.4110863236
0.9803513906
0.5219545045
0.3478036258
0.8339196094
0.4153314875
0.2873628729
0.515363019
0.3460242188
0.3208076202
0.4718953008
0.9656116587
0.6474276166
0.9506600673
0.8568257947
0.6381518213
0.3512896165
0.4727294003
0.8045333317
0.3087788953
0.2880777048
0.6124942181
0.8018273693
0.343598493
0.2870502013
0.2865162748
0.4414156942
0.3702530077
0.4392471177
0.5795458346
0.3721490613
0.2865246667
0.3813889442
0.7754760636
0.2988569322
0.862084877
0.33901007
0.5390243195
0.4004349956
0.3159988219
0.8266051344
0.6460717686
0.7603422886
0.3048968905
0.3242746152
0.5854443729
0.5795458346
0.2865461703
0.2920954456
0.3132967407
0.7156018426
0.9632861497
0.7027333515
0.2867480664
0.5883960708
0.2924529502
0.33901007
0.4374801525
0.2894359156
0.3232838912
0.9140637953
0.5195334508
0.2867671171
0.4658790708
0.2990525605
0.3213391154
0.4293238771
0.293992159
0.2865216946
0.5327937866
0.297714693
0.3272048044
0.764874644
0.5184345501
0.3898015238
0.3020206333
0.3414797648
0.5546995095
0.8064578974
0.3103595884
0.456859536
0.2879176881
0.9898435347
0.7807159645
0.7742610089
0.2994483108
1
0.6297622927
0.3515721056
0.3310679861
0.5555989727
0.3114420364
0.3529925081
0.5381327352
0.6992207836
0.4913238683
0.3383685699
0.4463801666
0.860566326
0.5149248894
0.2945088778
0.2924076638
0.6701470859
0.4258748298
0.6154500917
0.2866342768
0.2870227711
0.8227167907
0.2867868664
0.2866274594
0.4744006362
0.9310023385
0.7381377982
0.3248302733
0.6084008447
0.3017316434
0.9703187963
0.2868614899
0.360738836
0.5285806328
0.2865461703
0.5809063952
0.3092127877
0.6930519942
0.3548587482
0.3589531748
0.2993819366
