0.303315996
0.6478634536
0.4470121415
0.510580532
0.6748129378
0.3417467394
0.3849121869
0.6647446013
0.2964571541
0.3133686872
0.6467342882
0.8297848855
0.300282879
0.6526012491
0.2874380437
0.8566768709
0.8306982997
0.3508766674
0.7114248241
0.8744685974
0.418158215
0.4276278054
0.3728050253
0.5297120047
0.970299458
0.7048796261
0.6941170145
0.2945572336
0.2967529763
0.3152917933
0.464467885
0.9055827182
0.6190833865
0.6719095836
0.767866859
0.4544563632
0.7261241832
0.3291692699
0.8672705438
0.5099263546
0.3693302542
0.3601562408
0.4303192023
0.3033917434
0.5325949539
0.677043195
0.2868129549
0.4307050752
0.341090083
0.4478119338
0.4740145487
0.2870445404
0.4466127074
0.5845451963
0.4466127074
0.3615035858
0.5723098267
0.8816554309
0.6240802229
0.4605658733
0.9364126082
0.3894851368
0.5036236269
0.4175973121
0.3896560543
0.4544563632
0.6808282097
0.536373406
0.4282030946
1
0.9262232397
0.3340988847
0.3784520811
0.299603619
0.2990064754
0.4679798873
0.7020327024
0.3849121869
0.7768027439
0.2866698825
0.7033474493
0.8713808801
0.287204305
0.8659439162
0.3659144488
0.2949867166
0.4761078136
0.3409591692
0.9018300633
0.5747992187
0.5863605653
0.3168751511
0.3244864205
0.5457462741
0.4648800571
0.4305120956
0.8154823844
0.4112998933
0.3534324231
0.7077201699
0.8963806102
0.3852481362
0.5136385454
0.3189100089
0.5270560098
0.295041163
0.79958784
0.946588032
0.9760154972
0.6274852003
0.3136531624
0.9563672412
0.8227813543
0.5569659663
0.361954983
0.2885832079
0.7094649537
0.3211126318
0.2998733337
0.370587038
0.2865414619
0.3397872254
0.3018354553
0.4879406953
0.5861336129
0.3030897349
0.5913555323
0.73637635
0.8375775899
0.2945043098
0.7941192226
0.2868251821
0.9804154217
0.2884205874
0.534371884
0.2892643471
0.7391341299
0.3201604076
0.2863909995
0.6616022841
0.4426355148
0.2882898389
0.5060097636
0.8871207401
0.2906665605
0.6256694348
0.5337052893
0.2876378619
0.97739854
0.5947630535
0.3210062203
0.3222931728
0.2900725805
0.3284684385
0.2866317953
0.7610906326
0.2864619529
0.3256055498
0.5149516873
0.2873629896
0.4140645803
0.8268492362
0.7695001101
0.2998056562
0.7312637092
0.3205820955
0.2880896641
0.9207448427
0.6832728681
0.4211637857
0.6925726273
0.2863915238
0.3392700001
0.2930913293
0.9600487169
0.3737627904
0.8352366889
0.3105121341
0.5466415365
0.5616952498
0.3979871918
0.287204305
0.2902534654
0.2935309757
0.7427278765
0.2864277003
0.9254512831
0.5334831564
0.4067407897
0.3761759239
0.3210062203
0.2870906398
0.8162360916
0.2872730897
0.3271973608
0.8496052069
0.9042909319
0.3213259106
0.3787791141
0.292074756
0.3005592206
0.3192205423
0.4324457516
0.3988690956
0.2880896641
0.8504749642
0.3654532814
0.5107986793
0.5374864681
0.3847443809
0.80845638
0.676820293
0.3333622647
0.5312636496
0.2864890393
0.3127104087
0.8015281362
0.3357126162
0.5981717019
0.6333823718
0.4183453691
0.305820756
0.2881140784
0.8632743237
0.5897658345
0.3609034958
0.8308807542
0.5580911493
0.7950995942
0.6707917336
0.5484333315
0.2912633879
0.2937811754
0.3440052745
0.2907828344
0.3583758482
0.7784149215
0.4024226463
0.9482428312
0.346439948
0.2894898108
0.2875760895
0.2867890239
0.3043913202
0.4546589709
0.5312636496
0.649894889
0.286957049
0.9943986639
0.4733877855
0.4930662309
0.5430631077
0.5616952498
0.4069219684
0.4238128783
0.28662271
