0.8672445118
0.528548401
0.3672695348
0.3756637697
0.291721458
0.4560672703
0.9532242667
0.2892281332
0.8109708625
0.5016406055
0.7797627301
0.7415059613
0.2914578922
0.3085028295
0.4222890149
0.5383121526
0.9396229667
0.349977753
0.6429200649
0.5066229654
0.4029473692
0.2991287935
0.6282170746
0.3761489233
0.2985993855
0.8474035308
0.7546796994
0.7347370831
0.8132409462
0.2865524115
0.2873962683
0.856192104
0.4796587582
0.2899317518
0.2863640273
0.7313340414
0.9715723286
0.3213162291
0.6189211496
0.2902708252
0.6073457828
0.2870467039
0.2876974372
0.7674335007
0.8410730928
0.6911887526
0.288190309
0.4432211172
0.432825693
0.4343800079
0.397269515
0.4334079307
0.5225897825
0.4272370152
0.3100893795
0.9081738517
0.3613118031
0.3469257106
0.6270841336
0.3474757894
0.3314527288
0.7415059613
0.4386817917
0.7028272149
0.338037519
0.6566606055
0.2954752887
0.2971366466
0.5674665714
0.9457422364
0.466929134
0.6248176014
0.6139288787
0.4230463169
0.3807275563
0.7727159511
0.2869902292
0.3623671591
0.5755995191
0.6770115331
0.2899687393
0.3424705608
0.6600285232
0.3042895763
0.8105915186
0.4070926761
0.3216386653
0.4205903817
0.9806893448
0.3398433729
0.8474035308
0.8069736654
0.9762190998
0.5107570526
0.9383397371
0.8823386975
0.3148625314
0.2914578922
0.2889659813
0.3280212368
0.2910322898
0.2996688129
0.4033057189
0.2904652092
0.2866239158
0.5785408117
0.820361064
0.6794570187
0.307558714
0.3343847998
0.3151559821
1
0.3668045558
0.2867473762
0.3232712131
0.5787671498
0.2878210761
0.8862215028
0.2867799818
0.3988557173
0.660701529
0.5160013995
0.7010769023
0.3094662625
0.2884748176
0.5458972976
0.7666172864
0.2962302835
0.5862422317
0.3273266536
0.4087290833
0.8882182998
0.5873757002
0.509667583
0.531869839
0.3859013787
0.8936676092
0.4769265575
0.4811341064
0.88513998
0.9405484489
0.2934316804
0.4943222995
0.2863528624
0.3269813521
0.7719058783
0.5690464339
0.3243783544
0.5001292169
0.8985580791
0.3279051049
0.3837185034
0.5553091416
0.551270251
0.2862324803
0.660701529
0.437896692
0.7193306145
0.3352555518
0.6508121463
0.4236152381
0.3724565723
0.5035872719
0.4984048448
0.4538376321
0.3916989044
0.7621115902
0.2872671603
0.6205090892
0.7115421763
0.3381655966
0.2865804908
0.5307618453
0.449003798
0.2881354835
0.3043681517
0.286638739
0.2860932327
0.3965672548
0.3170468947
0.4074556316
0.686329626
0.3058918743
0.3898093805
0.4420328775
0.3622160164
0.3823846503
0.7940170858
0.6900857871
0.4597344248
0.5839759327
0.6214163501
0.7835564439
0.2862795885
0.2976354239
0.8380479629
0.4498064556
0.2873525377
0.3948189787
0.2992628044
0.3335210553
0.313798533
0.6341043705
0.2877960016
0.931984423
0.3616127035
0.3204630635
0.5177548229
0.5719825119
0.6350094496
0.2989290208
0.2860010853
0.5627320229
0.3306132125
0.9892626371
0.8737620309
0.2873095017
0.3163437469
0.8595800301
0.3300179186
0.4945367114
0.8721456456
0.8470545647
0.677233992
0.2862415532
0.2861817049
0.3388080924
0.9397390104
0.2865804908
0.3827174344
0.4353541749
0.3628213404
0.3316938956
0.289397581
0.2865947917
0.4926088758
0.3724565723
0.3820523202
0.4448098405
0.4538376321
0.8921658055
0.6898650952
0.3477516379
0.3135116284
0.3777737084
0.3099998864
0.9098511555
0.4072741044
0.2864346767
0.8449540082
0.5900968016
0.5640839461
0.5177548229
0.3003587247
0.790091074
0.3686710826
