0.8224242653
0.6239057833
0.7742901374
0.4126783032
0.3491743143
0.3315715378
0.3512839921
0.3044291655
0.3532798345
0.2976896159
0.3493140293
0.3125044953
0.9382439225
0.4173175399
0.4108392214
0.8266502915
0.713144567
0.3501551147
0.5976089465
0.4158265935
0.7366840417
0.2961430971
0.6005566477
0.2874803154
0.5564954532
0.413231894
0.6693667429
0.3589740975
0.4240995212
0.573612836
0.6464969518
0.5718065324
0.9170227792
0.9124359811
0.9887002505
0.9200617837
0.2863697866
0.882306812
0.8055155612
0.3956072413
0.3994791877
0.6713732323
0.4340979854
0.2914905894
0.2869104531
0.9413460084
0.7575727509
0.3402520616
0.2876592793
0.2879857954
0.4521286872
0.2858165435
0.6996516298
0.3394705953
0.3856465909
0.5697755466
0.5423976303
0.3004506651
0.6035046696
0.5147792511
0.790207298
0.7243401748
0.4419433368
0.3490347327
0.6568378958
0.4090097908
0.5154353926
0.4974280133
0.6773797049
0.294924837
0.3798155755
0.3030265951
0.3112931457
0.4095576003
0.2874554416
0.6302430857
0.3355133609
0.2955537453
0.4927099664
0.7528151665
0.5171868925
0.4354614861
0.3169011883
0.9269921395
0.5339460513
0.296083408
0.285748559
0.6756020998
0.3065476363
0.5978356766
0.9277443143
0.4225822733
0.9479704944
0.2856875422
0.2984689155
0.6910912368
0.3497339735
0.5277477188
0.8106491602
0.3295374271
0.2856873679
0.5508894952
0.2914459424
0.962237237
0.6306954629
0.8190894917
0.6078134565
0.2860499118
0.74614852
0.336268708
0.4323509223
0.5652667979
0.2866940574
0.4633267377
0.2860277805
0.3900666218
0.3086869749
0.8636505819
0.8887678968
0.2861973214
0.9899088402
0.7586031474
0.2903852546
0.4035804546
0.28580347
0.3465451644
0.2933644795
0.87424929
0.305312137
0.4457146163
0.2857581469
0.2861082865
0.5154353926
0.318436252
0.8629865172
0.3409071047
0.4944227571
0.4789223188
0.6700358052
0.7586031474
0.2896506698
0.4521286872
0.2858758071
0.2920865013
0.3841340053
0.2968724094
0.6207347124
0.3370291466
0.9581751183
0.6232263882
0.2967491865
0.3609154767
0.3065476363
0.3788299604
0.2872162295
0.654368746
0.8662932228
0.2898001743
0.423529883
0.3372837546
0.6521219789
0.7736855054
0.2871932613
0.5742904273
0.3490347327
0.2902254631
0.981556203
0.2985349362
0.3251433895
0.6575108687
0.2866754268
0.2857082885
0.6948292107
0.3582331306
0.3786660941
0.8454272896
0.3545764295
0.4057414716
0.4629158483
0.5220165486
0.5357216979
0.7258382335
0.7114120449
0.8115941702
0.5112861586
0.2857239785
0.5540270923
0.3115703311
0.5058503491
0.7200479768
0.3507184943
0.4822941117
0.5147792511
0.4360470851
0.2887459187
0.9910060301
0.4443219242
0.879174462
0.3511424194
0.9030721012
0.3341418386
0.6066795792
0.288910876
0.461479874
0.7939273005
0.3490347327
0.6347648731
0.4113899374
0.7307446455
0.7360494857
0.3296559187
0.3144197566
0.9653088418
0.5224565286
0.3843016233
0.51937986
0.5259816849
0.2898001743
0.8330044344
0.3033337283
0.2887459187
0.9435955531
1
0.4186269925
0.5650415359
0.773282115
0.8988872063
0.3084249854
0.651222736
0.3851413913
0.285748559
0.28580347
0.8115941702
0.7394286731
0.6875643155
0.4527339208
0.5062841877
0.286224326
0.3984182086
0.2867318396
0.5432897133
0.3043498658
0.3410385292
0.5013062196
0.3188514184
0.2961430971
0.3152032947
0.4716000648
0.5826563971
0.4499151796
0.8390865849
0.3739645496
0.3634863291
0.9724406973
0.8255516731
0.58922297
