0.3089719867
0.7910953214
0.5880419002
0.2963282555
0.7510348242
0.3237628294
0.7260235869
0.8176808222
0.660582803
0.4680534581
0.663727183
0.5304601699
0.2895025887
0.2945506086
0.8708637308
0.3298091748
0.9112348161
0.40373955
0.2923444925
0.480599109
0.2966807772
0.2976503752
0.3984022624
0.4144999891
0.4812321861
0.3866571929
0.4567608368
0.8781424946
0.6044040642
0.7141451864
0.4421111494
0.7115366666
0.5969019521
0.4395456963
0.8249494771
0.3149516783
0.503486128
0.911930683
0.2868952554
0.3367706108
0.3818032342
0.286908008
0.3195826879
0.3656643566
0.5395767317
0.4292311267
0.2927581291
0.690914211
0.402843584
0.6089515188
0.3975217903
0.3921220034
0.3274786106
0.8441236755
0.6334819453
0.3063570608
0.2946035407
0.3878429788
0.6368814065
0.717397537
0.706302469
0.291065772
0.4697130392
0.2930893999
0.5633622026
0.7001681617
0.5769279216
0.2864597949
0.5491920071
0.670449799
0.5015382229
0.3408819761
0.3311159941
0.6116798535
0.2875218092
0.3003300863
0.5832757453
0.9628891448
0.4432997683
0.5973565326
0.3161281957
0.2915167325
0.307017078
0.5306818685
0.8402158883
0.3035153623
0.3469045497
0.8116341627
0.2945506086
0.4766021229
0.5714948621
0.4075301592
0.3892048082
0.5812344095
0.2864475594
0.3736615982
0.9294213587
0.8423521588
0.7914898312
0.7579021529
0.9949907112
0.9574265968
0.9412842408
0.2865865088
0.6490942279
0.2868459899
0.3036676985
0.8425296677
0.3945479151
0.335890547
0.3329263973
0.4423090537
0.7432665489
0.8066676697
0.9435850274
0.45493316
0.3543495384
0.3639813554
0.2880866392
0.4350405935
0.3593202205
0.3073509564
0.7908979688
0.6833802849
0.3588756271
0.6751422081
0.3370233372
0.2902262137
0.4200999631
0.4472822801
0.450490501
0.5978111288
0.6574341889
0.9466256765
0.4709604554
0.5145946913
0.3162272494
0.8518231013
0.2967996286
0.4875916286
0.568103577
0.2864377708
0.7163144583
0.9060111527
0.3776959043
0.5019707538
0.4367982585
0.8825816318
0.920624343
0.9941079086
0.2865865088
0.6715680808
0.4167298482
0.3044391733
0.304051397
0.2864360228
0.3091459859
0.3481422815
0.4620731977
0.3096718164
0.342725759
0.3004679478
0.3093206242
0.2936268293
0.2865524292
0.9873857063
0.8022349975
0.8827388836
0.4590025586
0.7006072843
0.289437642
0.5364577288
0.5397997458
0.2873182517
0.9556000158
0.2939286454
0.7829511094
0.2864377708
0.3775331199
0.526033545
0.3124797661
0.4460842538
0.5962201126
0.726667701
0.4801773535
0.3731824609
0.2953623559
0.3116488729
0.5214012953
0.9646663539
0.6840464877
0.8364502126
0.3311159941
0.5602058676
0.2864727294
0.7420002182
0.5785140195
0.2936767072
0.3081115932
0.7384025271
0.3727043996
0.2928990794
0.2866249559
0.6323482251
0.6162263202
0.287900327
0.5898585512
0.479334557
0.3129468926
0.2870746463
0.8971168893
0.3624644909
0.5821415648
0.2866677697
0.432513736
0.3433908337
0.450490501
0.40626171
0.286908008
0.3836331981
0.3706452977
0.3371499133
0.2872326929
1
0.3341514081
0.2867453529
0.7708437467
0.2878113421
0.3481422815
0.4171028125
0.3086259074
0.6924607104
0.4340670379
0.7634762928
0.5244876269
0.3337823925
0.3466309884
0.3404904281
0.3151462074
0.2954178245
0.8523423496
0.9068670843
0.2871673825
0.3201056825
0.2864802453
0.2866013636
0.2866861178
0.3791662106
0.3439253757
0.3510727099
0.6291724388
0.6146352005
0.3231047452
0.2864973743
0.9738654979
0.6675393303
