 1.7047e+00,-1.3363e+01
-1.0918e+00,-9.4578e+00
 1.3446e+01,-2.9551e+00
-1.2642e+00,-1.9131e+00
-1.5087e+01, 8.1155e+00
 2.5236e+00,-5.3357e+00
-7.9151e+00, 6.6711e+00
-2.8647e+00, 1.2499e+01
-3.6287e+00, 1.6906e+01
 1.6146e+01, 6.6186e+00
 1.6855e+01,-3.3932e+00
-1.3817e+01,-3.8908e+00
-7.0742e+00,-1.1664e+00
-4.4250e+00, 4.8222e+00
-1.3981e+01, 9.5140e+00
 1.1092e+01, 1.2052e+01
 8.4382e+00, 7.8308e-01
 1.2639e+00,-2.7137e+00
-4.7237e+00,-1.1230e+01
 1.3009e+01,-7.1148e+00
-2.9441e+00, 9.0526e+00
 2.5765e+00, 8.5121e+00
-1.7274e+01, 1.9356e+00
 1.6493e+01, 4.1743e+00
 1.4280e+00,-9.3732e+00
 8.8188e+00,-6.7120e+00
-2.9739e+00,-2.1066e+00
 6.8301e+00,-5.9458e+00
-5.4102e+00, 1.0532e+00
-8.8340e+00,-2.7353e+00
 1.0668e+00, 9.7051e+00
 3.8691e+00,-2.1618e+00
 1.0560e+00, 2.4234e+00
-8.0999e+00, 1.5185e+01
-2.9720e+00,-6.2281e+00
 1.5700e+01, 2.8873e+00
-1.3719e+01,-1.8002e+00
-4.1964e+00,-3.1174e+00
-9.4841e+00,-9.5733e+00
 7.2530e+00,-4.0037e+00
 4.9809e+00,-6.8076e+00
 2.2930e-01, 3.8990e+00
 1.0528e+01,-9.2237e+00
-7.8857e+00, 9.4464e+00
-6.6840e-01, 1.2232e+00
-1.1419e+01,-1.0424e+01
 1.0137e+01,-5.3776e+00
-1.1888e+01, 9.9499e+00
-1.5210e+00,-1.3811e+01
-6.2097e+00, 4.0052e+00
-3.7578e+00,-1.6635e+01
-1.5415e+01,-2.4572e+00
 1.4448e+00,-6.6209e+00
-1.1685e+00,-4.5501e+00
 1.6521e+00, 1.1553e+01
 5.6376e+00, 6.2547e+00
 1.7409e+01,-4.8242e-01
 1.1933e+01, 9.6592e-02
 1.3420e+01, 4.6660e+00
-1.4935e+01, 2.3228e+00
 7.5454e+00, 9.8862e+00
 6.7319e+00,-1.1366e+01
-5.7742e+00, 8.6235e+00
 1.3217e+01,-1.0976e+01
-1.2457e+01,-2.7833e-01
-1.6585e+01,-5.1508e+00
 4.0409e+00, 1.4745e+01
-1.0558e+01,-5.9178e+00
 9.0529e+00, 6.9943e+00
-1.1037e+01,-3.1817e+00
 5.7621e+00,-2.0564e+00
 7.7754e+00,-9.3368e+00
-4.3376e+00, 2.1374e+00
 5.7230e-02, 1.6857e+01
-1.1119e+01,-1.2763e+01
 4.2891e+00,-1.2629e+01
-1.0506e+01, 3.3706e+00
-1.5933e+01, 4.8827e-01
-1.6437e+01, 5.5651e+00
 4.5274e+00, 1.2222e+00
-1.2980e+01,-5.6419e+00
-8.7758e+00,-4.4388e+00
-5.0408e+00, 1.4767e+01
-7.9037e+00,-1.2470e+01
-9.6432e+00, 1.1617e+01
-1.2597e+01, 4.0930e+00
-9.9887e+00, 1.4178e+01
-9.4519e+00, 7.3256e+00
-8.0975e+00,-1.4173e+01
 6.1849e+00,-5.7021e-01
 1.5233e+01,-3.9239e+00
 7.8996e+00, 1.3394e+01
 9.2010e+00, 1.0674e+01
 1.0516e+01,-9.4302e-01
 5.7283e+00,-1.0144e+01
 1.6291e+01,-1.5341e+00
-1.1596e+00, 5.5515e+00
-6.6860e+00, 1.3247e+01
 6.4806e-01, 6.9341e+00
-8.1142e-01, 1.2543e+01
-5.8398e-01,-1.4985e+01
 2.1168e+00, 1.7178e+01
 1.6435e+01, 1.3515e+00
 1.2372e+01, 9.2983e+00
-1.3001e+01, 1.7079e+00
-2.4426e+00, 2.0460e+00
-6.9182e+00,-4.2294e+00
 2.2172e+00,-1.0696e+01
-1.0954e+01,-8.4875e+00
-7.6031e+00, 2.8613e-01
 1.4001e+01, 2.7382e+00
-6.4439e+00,-1.1804e+01
-1.3453e+01,-1.0509e+01
-1.4408e+01, 4.1521e+00
-3.9587e+00, 5.6846e-01
 5.4776e+00, 1.2038e+01
 7.9549e+00,-2.0512e+00
-3.5470e+00,-8.8354e+00
 1.4726e+00, 4.9249e+00
-1.9467e+00, 7.6206e+00
-2.5600e+00,-1.0224e+01
 3.2301e+00, 4.1143e+00
-1.4350e+01, 2.9935e-02
 1.1934e+01,-5.9604e+00
 4.0430e+00, 1.6483e+01
 9.9190e+00, 3.6932e+00
 1.8481e+00, 1.5363e+01
-1.2781e+01,-7.6024e+00
 1.0750e+01, 5.0233e+00
 5.0235e+00, 9.4584e+00
 9.2363e-01,-1.6633e+01
-1.0250e+01, 5.1799e+00
 6.7086e+00, 1.6015e+01
-5.8583e+00,-5.4825e+00
 1.3567e+01,-5.3784e+00
 8.1405e+00, 2.7586e+00
-2.1732e+00, 1.4473e+01
 1.1372e+01,-1.1117e+01
 1.3182e+01, 1.2251e+00
-1.4712e+01, 5.8312e+00
 3.6393e+00,-1.4403e+01
 2.3811e+00, 1.3534e+01
-5.0779e+00,-1.3877e+01
 1.4428e+01, 7.8387e+00
 5.1726e+00,-4.3350e+00
 8.3373e+00,-1.5117e+01
-1.1461e+01, 6.7106e+00
 1.5554e+01,-6.1681e+00
 1.0042e+01, 1.0513e+00
-6.2678e+00, 6.6515e+00
-1.0435e+01, 1.6362e+00
-6.5856e+00,-1.4448e+01
 1.4540e+01,-1.3821e+00
 1.0781e+01, 9.3523e+00
-1.5790e+00,-7.8505e+00
 4.0300e+00, 7.9498e+00
 5.7968e+00,-1.3283e+01
 1.2303e+01, 3.3015e+00
-4.8460e+00,-9.3157e-01
-1.2690e+01, 1.1799e+01
 3.3261e+00, 6.5640e+00
 1.4035e+01,-8.5962e+00
 8.4686e+00,-1.2679e+01
 4.9731e+00, 3.1714e+00
-4.0104e+00, 7.7823e+00
-5.3607e+00,-7.4080e+00
 1.2302e+01, 7.1562e+00
-3.2725e+00,-1.5091e+01
 9.3154e+00, 8.8202e+00
-9.1695e+00,-7.6108e+00
-1.7468e+01,-5.5473e-01
 1.1980e+01,-2.1011e+00
 2.4989e+00,-4.4129e-01
 3.3014e+00, 1.1525e+01
-1.5150e+00, 1.6585e+01
-8.5525e+00, 3.3738e+00
-2.4888e+00,-3.8302e+00
 1.0103e+01,-1.3199e+01
 2.6458e+00,-1.6567e+01
 1.3830e+01, 1.0004e+01
-1.1245e+00,-2.3732e-01
-3.3375e+00, 1.0888e+01
-1.5213e+01,-8.5236e+00
-1.5030e+00, 9.5143e+00
 3.2857e-01,-7.7581e+00
 6.6766e+00, 3.4157e+00
 1.1305e+01,-3.4683e+00
-1.0973e+01,-1.6001e+00
 8.2121e+00, 1.4981e+01
-4.7681e+00, 1.3050e+01
-1.4744e+01,-6.7508e+00
 1.2796e+01,-9.4431e+00
 1.2429e+01, 1.1177e+01
 6.9629e+00,-1.4510e+01
 4.1014e-02,-1.0671e+01
-5.9362e+00, 1.6112e+01
-1.0985e-01, 8.7046e+00
-1.1101e+01, 1.2399e+01
 6.8576e+00, 9.0062e-01
 7.7266e+00, 1.1806e+01
-1.4861e+01,-4.9967e+00
 4.3839e+00, 5.3802e+00
-1.0653e+01, 8.9479e+00
-7.5911e+00,-8.7668e+00
 1.0596e+01, 7.2883e+00
 8.5092e+00, 4.7446e+00
-3.4296e+00, 3.5066e+00
 6.3499e+00, 8.1366e+00
-3.0912e+00,-1.3121e+01
-1.0017e+01,-1.1395e+01
 6.2087e+00, 1.4511e+01
 5.4229e-01, 1.4303e+01
 9.9853e+00,-2.6235e+00
 2.8254e+00,-8.1518e+00
-6.5721e+00, 2.0424e+00
-4.9911e+00, 1.0371e+01
-1.2505e+01, 8.1135e+00
-9.6010e+00,-1.3421e+01
-2.8276e+00, 6.0569e+00
-1.6271e+00,-1.2114e+01
 9.3517e+00,-1.1154e+01
-2.1584e+00,-1.6754e+01
 4.1253e+00,-4.9683e-01
 3.5591e+00, 2.4607e+00
-6.1559e+00,-2.4233e+00
-5.3087e+00,-9.0053e+00
 2.1054e+00, 1.2066e+00
-1.7147e+01,-2.8014e+00
 6.2802e+00,-8.7125e+00
-1.7738e-01,-6.2375e+00
 9.1459e+00,-4.1065e+00
 1.0955e+01,-7.3286e+00
 1.5281e+01, 3.0304e-01
 1.0207e+01, 1.4209e+01
-4.2277e+00,-5.1492e+00
-7.0255e+00, 1.1741e+01
-9.9605e+00,-3.5567e-01
 2.6341e-02,-1.2295e+01
 9.4435e+00,-8.1656e+00
 6.0549e+00,-1.5853e+01
 7.3223e+00, 6.6657e+00
-8.8414e+00, 1.2887e+01
-2.6385e+00,-5.0859e-01
-7.2164e+00,-1.0227e+01
-5.7580e-01,-1.7484e+01
 6.9995e+00, 4.9321e+00
 3.5899e+00,-3.8920e+00
-5.4424e+00,-1.5609e+01
-1.6682e+01, 3.4145e+00
-4.7208e-01, 1.0821e+01
 1.4638e+01, 6.1658e+00
-8.0085e-01, 1.5100e+01
 4.6267e+00,-8.3564e+00
 7.4589e+00,-7.5033e+00
-1.3015e+01, 6.1425e+00
 9.4801e+00, 1.2737e+01
