0.3867356589
0.9361000276
0.3445159396
0.5287853707
0.5372224042
0.2897355229
0.3713478561
0.3107579902
0.423780229
0.3447853456
0.5270154069
0.31166755
0.3580533256
0.8193632839
0.3542665464
0.3234670892
0.3319997057
0.6916360978
0.3294962831
0.3869047949
0.415887621
0.5310009737
0.4088899823
0.5292282143
0.3830430187
0.3049174676
0.5323319737
0.4164459486
0.515131004
0.8297209614
0.7006626511
0.3807217076
0.4532073378
0.5427978731
0.7626803007
0.3087263035
0.2897355229
0.5414580807
0.8505831405
0.5461517745
0.7104994285
0.3268286287
0.8581445279
0.3037495305
0.2869490876
0.4731425378
0.9780761265
0.2899086385
0.286609714
0.7506499596
0.7189598477
0.4090723352
0.6194900364
0.9368201361
0.3402804758
0.7318478958
0.6927399842
0.7241343396
0.2866993313
0.8125831389
0.7861568431
0.3125929149
0.5025021939
0.7577246451
0.3400204827
0.3694584626
0.6199443569
0.6880981491
0.4205660433
0.4312513049
0.3972529485
0.4777500535
0.9984870711
0.3231383497
0.375500889
0.3491698653
0.3483372162
0.3379607395
0.2870376183
0.757102936
0.2948016793
0.2969096096
0.8991256343
0.871803332
0.2989834408
0.2887012487
0.2975806627
0.4285540413
0.5691002827
0.4234007302
0.6626739936
0.3453258
0.4819642062
0.8605167929
0.2954042593
0.5171037512
0.4382635867
0.3882618808
0.287340852
0.4509885495
0.8191762151
0.3026183193
0.6843301573
0.5874501964
0.3942815719
0.3103091558
0.3341964106
0.2927363643
0.3039801853
0.3356867539
0.5223803262
0.6206257956
0.7620626115
0.2867323456
0.3111199137
0.3625306836
0.4548266104
0.943705519
0.3398906959
0.4123713969
0.2945876308
0.9014693128
0.6938430333
0.6287982193
0.2936079254
0.2895334771
0.6894258523
0.9554785568
0.4328001633
0.4032863829
0.4339653754
0.9829024213
0.3317585188
0.5630047318
0.8653783526
0.4638144009
0.982565022
0.3332143269
0.4636086358
0.2865578256
0.3922027034
0.2876157032
0.7883399973
0.598807404
0.2890555636
0.6527763686
0.838768002
0.2906441684
0.2926895624
0.6929606613
0.7964079698
0.4725165789
0.6287982193
0.3276322613
0.3262590521
0.28759494
0.4063474251
0.4870519768
0.5842733025
0.8645452287
0.7839659763
0.5781519565
0.2878328981
0.2871821796
0.2871821796
0.3294962831
0.2863689368
0.3769571609
0.5138177109
0.6843301573
0.7875470203
0.4216974608
0.2866380153
0.3406715134
0.7118050731
0.7206874538
0.389455132
0.3571716742
0.804363814
0.2887298228
0.9039331881
0.5239235327
0.6269830044
0.8523156019
0.3124996689
0.5727181898
0.9403657034
0.4136628365
0.385891651
0.4834447285
0.6299324325
0.2864171681
0.9235650338
0.296027256
0.2982719582
0.4819642062
0.5860884589
0.6001710562
0.2887298228
0.4479775602
0.9812575592
0.5571480353
0.5232619319
0.3539789044
0.6367322429
0.8727801523
0.3451904813
0.287743934
0.3010966405
0.2866678878
0.5173231504
0.2917893768
0.2870224274
0.3753396701
0.3156595862
0.2991149657
0.5237029615
0.7673988397
0.2890862146
0.6297056088
1
0.2916175467
0.7316344356
0.2880674706
0.5598494119
0.8670382151
0.2871821796
0.2868154866
0.6660386158
0.3807217076
0.3549879427
0.8410884073
0.3724580318
0.3397610492
0.2882165488
0.9137897915
0.2931169155
0.8933132997
0.9676117946
0.6991257039
0.5027186254
0.7523201931
0.9362202994
0.5922184495
0.2864917809
0.963416471
0.2874740142
0.9330603314
0.31816629
0.6836642922
0.9342837917
0.2873225252
0.7021978199
0.9552737483
0.3236870011
0.4289383245
