0.5376536196
0.3694524918
0.3211596778
0.4380706057
0.6675368504
0.2907107371
0.7053892162
0.2862727094
0.3668049797
0.2952741837
0.5760860688
0.2983325763
0.7772070386
0.3625221948
0.316212413
0.2894392147
0.2886314208
0.2935286548
0.7553176243
0.3236546046
0.3228868314
0.4262589681
0.3583380331
0.4004334446
0.3545428069
0.7040776171
0.8564043456
0.3657251489
0.6740176873
0.2991817031
0.6735714334
0.2873278938
0.3532495805
0.4147762454
0.3327018594
0.3761430524
0.3299411521
0.4582850398
0.7816233272
0.4183160951
0.5724660043
0.3991928669
0.9226364746
0.4570628913
0.7490650773
0.7016695171
0.9793344478
0.2905934928
0.3159149871
0.6096768852
0.8606438659
0.8738545606
0.3094629622
0.8648309183
0.4155186542
0.2963625848
0.2865949142
0.543228848
0.5901416342
0.648882036
0.3228868314
0.3807190554
0.2865315315
0.2883518661
0.641881422
0.9581768703
0.3769534989
0.2862433638
0.3359145758
0.3896254106
0.8496875052
0.2888978189
0.2897460302
0.3229960619
0.5645607619
0.5001202196
0.2918794346
0.301248181
0.9431763001
0.9710667363
0.310441223
0.7619329141
0.2863860637
0.2911951595
0.4487816289
0.4654642848
0.2956681035
0.9155733944
0.6264800834
0.374049674
0.4363081689
0.3897964588
0.2862695652
0.6089952493
0.7130123972
0.4302893771
0.3207339484
0.8732071108
0.6051325233
0.3794023477
0.6014971296
0.6769156964
0.9391329083
0.4966733345
0.5501663022
0.7448703419
0.7075721637
0.4349420171
0.4904593001
0.3756581942
0.3420974941
0.6033147872
0.87627005
0.4792217435
0.8385775516
0.2873870257
0.9632726726
0.2967788711
0.3909968538
0.2865416591
0.5921847113
0.4615565004
0.3409136255
0.8882022679
0.761315158
0.3158161554
0.4198166321
0.2862454599
0.3226688223
0.2863656297
0.7868035402
0.7134465335
0.5953637685
0.2926544152
0.2882448947
0.5447931248
0.3090246668
0.5294379667
0.3939342045
0.5924117511
0.84654562
0.3466705844
0.9035351584
0.969110559
0.5706573526
0.3641930682
1
0.2862910498
0.4260680084
0.2862564646
0.801307034
0.4642276
0.6393938414
0.5175340839
0.6074047291
0.6337343434
0.4475802654
0.39795738
0.2868960426
0.7069176833
0.8874331659
0.9103414155
0.2993148315
0.3840428576
0.4706428222
0.2865624378
0.5427821627
0.4988261425
0.5181924769
0.4103539174
0.9750418838
0.2927962928
0.3179241155
0.2863722665
0.3147392632
0.5512875611
0.3820431102
0.2864157532
0.6737945737
0.3124552706
0.3210530177
0.3020430982
0.3832076454
0.7571839055
0.2911538478
0.3685140396
0.7162644139
0.9747272308
0.5131542269
0.7336567135
0.6897854012
0.2866645768
0.3083316971
0.316013974
0.3581904482
0.9083788928
0.3359145758
0.3751743965
0.3145454888
0.3479074814
0.7218788383
0.2885175209
0.8124148456
0.4542212575
0.7334438191
0.5265623581
0.4207574624
0.5704313396
0.7846171327
0.2866645768
0.5670430694
0.2868960426
0.8785066881
0.4473803057
0.2881150807
0.9400681827
0.4347471859
0.7711372395
0.9188057784
0.2865730888
0.8569158365
0.2863467671
0.4428026226
0.6853591449
0.2862760281
0.2903636428
0.5312104941
0.297203373
0.3118984037
0.3916851874
0.3398707612
0.2967188984
0.3323374159
0.8846457061
0.7719496682
0.310441223
0.3748524551
0.8567454225
0.5593777623
0.316113116
0.5070512098
0.9924622739
0.7866050948
0.28874809
0.287509985
0.6737945737
0.4232142938
0.5072685736
0.4746054527
0.4463816595
0.3584857465
0.6884588618
0.3426272612
0.2862428397
0.5356511465
0.4654642848
