0.3525983209
0.6315231502
0.8268186098
0.6933203241
0.7600110015
0.3149299092
0.4831385539
0.6004365633
0.6360504168
0.793599649
0.524023733
0.5615009074
0.3019991534
0.6990352678
0.7761126535
0.2946481381
0.6315231502
0.3328575141
0.7880892473
0.3187506034
0.2874140287
0.5333146262
0.6322025272
0.8408982834
0.3283241853
0.3725362748
0.3104252241
0.5745917581
0.6333346043
0.6002095139
0.8098151753
0.3460423128
0.3973545272
0.3109684777
0.757740544
0.2949769732
0.4987269191
0.7809303416
0.3189578473
0.8050397967
0.8575651419
0.479761401
0.3252318278
0.3058756637
0.4449050259
0.6206418728
0.2862591763
0.3528838168
0.3641158988
0.3624447025
0.3425438465
0.4383828691
0.3622935275
0.3280914305
0.9533249528
0.4333064712
0.2885073134
0.2863214793
0.3878461219
0.5229218721
0.8684167373
0.9343746469
0.3572289813
0.4259900978
0.4366193274
0.3047492765
0.9348570422
0.3001449922
0.4449050259
0.5299894457
0.3482409247
0.773286069
0.2892234386
0.553856069
0.2941135912
0.641024669
0.7481743184
0.9687575254
0.601798904
0.6058862119
0.6534278829
0.4419296636
0.5662341954
0.3692194531
0.4208687978
0.3562046499
0.2890278175
0.3479642095
0.2968330876
0.3042762617
0.3017066613
0.4967899365
0.2877347891
0.8293801263
0.8008015955
0.8433751681
0.6113358502
0.4160000097
0.7521393804
0.3004929132
0.3665736109
0.2975107814
0.8156752242
0.6811571486
0.3001449922
0.6092923208
0.5413242806
0.2864837581
0.9367704017
0.5585750095
0.5060799718
0.4451040103
0.2872257972
0.458607614
0.2992597414
0.2948666866
0.8463618146
0.295368286
0.6715848287
0.7425073536
0.293046158
0.3728549249
0.7049442795
0.4403500933
0.2876396724
0.4415342919
0.288995818
0.4521166685
0.2905667662
0.3352024457
0.3804789101
0.3489350629
0.8828402644
0.5178656179
0.4167449648
0.4620854928
0.4413367256
0.2860685715
0.2984674535
0.5561019812
0.6829322103
0.3834664027
0.286062287
0.9681534241
0.3399160964
0.2910114831
0.36063892
0.3525983209
0.2866561205
0.842492352
0.3587032545
0.4220011908
0.455150091
0.9370077432
0.9629443532
0.5198417017
0.5534071585
0.2873709834
0.8632859693
0.2923761443
0.2862591763
0.9251601436
0.3098876756
0.4649645329
0.7374390747
0.4905767928
0.2958835233
0.2870516426
0.524023733
0.874432327
0.339267858
0.6740384042
0.9469354243
0.9867467647
0.2982086761
0.751097801
0.7027589078
0.2867302525
0.2963529386
0.3881861355
0.702321384
0.5097766474
0.298337732
0.2899203197
0.3196880152
0.5859142558
0.2865729098
0.3854784302
0.3280914305
0.403212759
0.3230111011
1
0.3192698601
0.3131982861
0.5015318484
0.9298359696
0.2871273061
0.7801298668
0.3746160103
0.6833756753
0.3180300752
0.3641158988
0.5861409649
0.3667282684
0.6657731471
0.7214235005
0.5743656114
0.7181899706
0.3478260538
0.8957978427
0.7342570328
0.34963255
0.7815300429
0.3579645132
0.4581997796
0.3032714792
0.2887460369
0.5342025935
0.4820815908
0.4073612575
0.2871273061
0.8893249976
0.6538779041
0.4248463912
0.3244477686
0.9186260737
0.3854784302
0.2865083587
0.9801369588
0.2860921378
0.4509079366
0.2867926924
0.6024800987
0.3061211542
0.392473219
0.286874659
0.3364573269
0.3291434517
0.5684908783
0.3601903197
0.6648775737
0.7274329682
0.2965916726
0.6509514144
0.2886252923
0.9756671219
0.5222612055
0.6637575782
0.4863180162
0.5152358983
0.9136334079
0.7894716363
0.8694002856
0.6322025272
0.3980586138
0.9918362609
