0.5227822811
0.2992011032
0.5183769538
0.6464171688
0.5573813576
0.7775160144
0.2875194381
0.8659718104
0.3444111646
0.2898312582
0.9678741596
0.3219556571
0.6998892725
0.503092206
0.7012100948
0.310406823
0.4259772673
0.4948914926
0.3783766426
0.2989435245
0.6565892245
0.6568148473
0.3153250752
0.2892044865
0.3086669166
0.52167947
0.4878310408
0.2869619104
0.3622120741
0.3429453668
0.289863011
0.8865259695
0.6680690199
0.9012520476
0.779537022
0.4770409075
0.3207878699
0.4944619212
0.3173958558
0.6239381821
0.7937060255
0.8975394546
0.456973102
0.7228039769
0.7339800957
0.3539817031
0.3342610449
0.4041078898
0.5936524136
0.3158118837
0.4240732103
0.2920002168
0.2904991915
0.8328745404
0.8217814189
0.5367558417
0.497257861
0.4371936403
0.7269017233
0.7016500813
0.316598891
0.5831907846
0.979161874
0.3749767387
0.4214227494
0.4722263597
0.2887281813
0.3082419689
0.8146182884
0.9965671993
0.9338490123
0.3548440188
0.2906769782
0.383489626
0.4342652023
0.3475297913
0.5743382671
1
0.4502959705
0.5544536232
0.2873629853
0.4468882514
0.6134655832
0.6928236553
0.3366214596
0.4064508336
0.3476670223
0.3641801752
0.3069913067
0.2940071648
0.887150189
0.2896750922
0.3146501142
0.8760203685
0.4850661919
0.3664774336
0.8054229009
0.5137688992
0.6105046157
0.417294262
0.8284697262
0.5416666135
0.652524735
0.3549881984
0.3185078802
0.958647357
0.3882020425
0.2869522793
0.6278053736
0.3721043033
0.7530163015
0.2919584591
0.3034585132
0.2915104674
0.8961887337
0.2945605541
0.356874449
0.3142678715
0.8669743615
0.9418128714
0.4577878799
0.7269017233
0.3138881424
0.7913339212
0.9426314706
0.8773142786
0.290785722
0.5961563495
0.5679958539
0.4464888106
0.4176677103
0.3264697431
0.4662043967
0.2899270361
0.7598906321
0.361911187
0.598433175
0.9331031495
0.5024421677
0.379685471
0.5294189179
0.3109412652
0.3546999705
0.5877371426
0.4442974857
0.4082646691
0.6635739625
0.6921594766
0.4346545672
0.5768331596
0.7873596909
0.7230200434
0.6703129879
0.8523158049
0.2875771813
0.5331939812
0.2989435245
0.2881396919
0.5201371792
0.6926022954
0.2884648402
0.6723304359
0.2885581643
0.4716008495
0.5472643028
0.3762657961
0.2889592963
0.341496363
0.3674041821
0.4356294564
0.2935219748
0.7789313621
0.3243463616
0.3017099838
0.6189307636
0.4933889163
0.5159609089
0.3214225573
0.7779207046
0.7350481558
0.5338611895
0.4206687721
0.2873750616
0.3162041406
0.3130429624
0.4026746207
0.4218002902
0.7288371402
0.3335264455
0.2873278053
0.2901232658
0.6375753626
0.2870564642
0.2907493015
0.992552767
0.3560011271
0.3733761414
0.787559012
0.6615482325
0.2937624377
0.7819541153
0.2873510838
0.6475491159
0.2878012894
0.8835413139
0.8336044128
0.6667214808
0.2872621669
0.6191584301
0.3770753054
0.2956193957
0.3045221974
0.9598545433
0.9406347358
0.3793575644
0.9709914113
0.3200543583
0.9642448378
0.2882015854
0.9149613177
0.8913258466
0.3870156797
0.5212386184
0.2882865498
0.56415159
0.2878012894
0.4113709605
0.3596707813
0.4417201033
0.4458902346
0.3321932248
0.7414312526
0.3277237241
0.3628153698
0.9016936462
0.6475491159
0.5736581404
0.4369978253
0.2907493015
0.6768061373
0.28695333
0.4785127392
0.3544122685
0.3719458663
0.3070735533
0.287212278
0.286979071
0.2938110421
0.2870564642
0.2869927292
0.6393907572
0.8148081273
0.3144586789
0.5630219507
0.4602390841
0.3356212874
