0.3361710342
0.4469550068
0.6301272461
0.7989023058
0.6321680191
0.7888939909
0.2867406659
0.9703461526
0.7987077258
0.3785671469
0.3099372088
0.7667461674
0.323450663
0.2921264143
0.607414139
0.2946259268
0.350691112
0.6096871898
0.544781804
0.5247795396
0.5790289017
0.3200144591
0.4264250902
0.3622102445
0.287271805
0.3102933978
0.5503807135
0.7210823055
0.4550062411
0.3461229998
0.5234558446
0.6545456002
0.6287662879
0.2898589503
0.2893229533
0.535859901
0.4066888022
0.7354321403
0.3157419608
0.9756568072
0.5643295113
0.9017147962
0.2891333519
0.4679200726
0.5844704829
0.3343028407
0.5541969335
0.3033529655
0.3400032159
0.3260157051
0.9971895932
0.2875190928
0.3431597214
0.2956134314
0.8363918885
0.3767757486
0.3494307439
0.3885825251
0.7807260042
0.526325531
0.2971361936
0.2876220336
0.995297887
0.7176259082
0.3168346498
0.4697868626
0.3939140153
0.9818320214
0.2959547478
0.6736106843
0.4310361926
0.3370538326
0.3299514071
0.9542984241
0.4970820364
0.6549960034
0.3634213808
0.7948020519
0.4627627565
0.3816944282
0.3483195271
0.3657138528
0.8358515157
0.7547807856
0.7394631425
0.2968945321
0.8935694031
0.6060502831
0.6055956648
0.7533240965
0.6689163448
0.386209306
0.3076842169
0.5092074832
0.4220538964
0.293794169
0.8360317176
0.4796191156
0.5407611127
0.3771004055
0.3556945399
0.3850308865
0.4960068561
0.4086869731
0.4768858876
0.3064337445
0.9657667048
0.4021925784
0.690054225
0.6878418219
0.443768647
0.5022603034
0.4112473232
0.6527432196
0.4857522918
0.3071796805
0.353530472
0.502476676
0.2904015327
0.442975192
0.6561216682
0.7501937726
0.2936430491
0.5546463485
0.6816304571
0.3821920004
0.6767337854
0.402728782
0.3586254559
0.3790581561
0.5754048836
0.8996681061
0.7873086328
0.2909030853
0.7232369416
0.2954450485
0.9054669715
0.3240015418
0.457444611
0.8072047285
0.3193875031
0.6410006283
0.2931020306
0.9579543207
0.8694678134
0.43784895
0.3322246008
0.3542485562
0.9070352097
0.290942869
0.2894200866
0.287685885
0.2956698962
0.6966715918
0.428148364
0.5100791656
0.922603444
0.2956134314
0.4870272435
0.536972508
0.2882019127
0.526325531
0.363269549
0.9428593892
0.3189725921
0.3816944282
0.2869203717
0.2874990265
0.3245561722
0.527209754
0.7547807856
0.3457150183
0.3229035447
0.5946870341
0.8324130015
0.4149378924
0.9022961938
0.3743558305
0.7495662748
0.8668285917
0.5396459142
0.9090145231
0.5003151269
0.2935431518
0.4353065139
0.4145671125
0.2907847647
0.3096717381
0.9140180945
0.837650037
0.7564423168
0.6285394288
0.7936251613
0.2947329456
0.2867642448
0.328542878
0.9147031707
0.7202192342
0.2866741171
0.3069295846
0.3513959835
0.2950580609
0.2866741171
0.9680048933
0.2957833315
0.8331392094
0.708938368
0.3074312251
0.5524002041
0.2870078519
1
0.6058229738
0.2880286045
0.6563467417
0.2869928361
0.8541684823
0.2878868258
0.6012769721
0.4507643969
0.2881515283
0.9687940973
0.7384040614
0.2879806502
0.4086869731
0.3620594191
0.5177357778
0.2867523681
0.3133286341
0.2875393331
0.4687491039
0.2880286045
0.3373073378
0.7122037989
0.4607117279
0.322251979
0.4105138409
0.3477671488
0.2874205012
0.3554042993
0.3048229858
0.6294468096
0.8445892953
0.389093893
0.5412073982
0.2874594158
0.5483632337
0.3101149852
0.6062775925
0.4173571801
0.920627158
0.2865771659
0.3477671488
0.568167587
0.6684686821
0.288980105
0.2863543946
