0.9222589172
0.3305455625
0.6303398787
0.2882040588
0.401281998
0.4485206995
0.3540667529
0.3899471609
0.2947531938
0.2879596836
0.3120607505
0.4658302252
0.3188963015
0.5751793067
0.8724085211
0.4779281335
0.5399886042
0.2953672187
0.2972978737
0.3148523636
0.5917927672
0.9582769958
0.9170780069
0.485543049
0.3906314579
0.6232746744
0.4491224896
0.6015994676
0.6462580283
0.7864227978
0.4413544528
0.2916627109
0.8377044025
0.4819374676
0.8875479552
0.3911458401
0.5676923213
0.9645961225
0.9103340959
0.5413307757
0.3887539106
0.7633790813
0.3666964709
0.3418693671
0.5352998921
0.2931914558
0.3137186279
0.4145349772
0.8261135185
0.3885838915
0.3239608952
0.7383383145
0.6212222848
0.8134631726
0.7055968066
0.2891911276
0.4021724935
0.54491515
0.6168881765
0.4296476745
0.8523287058
0.2889330506
0.6029684735
0.5359688387
0.2910394773
0.5046795664
0.6216784098
0.706476209
0.6618760509
0.3209636386
0.3483136319
0.3454551307
0.8482808243
0.3214900836
0.4248619242
0.4356581323
0.3650100545
0.7161089502
0.384871884
0.6845471471
0.4175098626
0.3810500603
0.9843068328
0.8201122644
0.3067471962
1
0.289550088
0.2875785942
0.6015994676
0.3136251763
0.2897423643
0.7846158729
0.9585874724
0.4415521141
0.9503186269
0.2965565347
0.2875475447
0.9222589172
0.2876028014
0.305869411
0.4900200078
0.4596612837
0.3977461801
0.2875043892
0.8047870432
0.4298402587
0.6755999933
0.2986174289
0.4670714684
0.2904021136
0.9544771683
0.9796689536
0.2939253888
0.2954194945
0.5237545793
0.8043981826
0.3089850653
0.458231007
0.3319702465
0.5525556283
0.4261962979
0.3837022914
0.290696225
0.3055551103
0.6668357983
0.3241795482
0.7470487789
0.6697613536
0.6507937289
0.4134257398
0.5636165293
0.2979474588
0.6225905951
0.9043996966
0.2997575733
0.2916246678
0.6695364539
0.6086733925
0.7009702919
0.7633790813
0.400394106
0.2894702943
0.8305645737
0.3292582316
0.4372225401
0.2987414275
0.301918151
0.3215958322
0.3021294352
0.293058731
0.4227740362
0.7596397814
0.5804071382
0.8251808004
0.5993180474
0.9771908122
0.8491644279
0.6791842219
0.6280615789
0.3159115335
0.7421726915
0.7091107953
0.6043375691
0.2875429837
0.7434472727
0.7115209748
0.2921326881
0.5840477976
0.4676930025
0.3645527591
0.5433460632
0.2879858077
0.4570078706
0.43371024
0.2893407873
0.334514087
0.8850262954
0.3508115737
0.333294728
0.3434505253
0.2927550514
0.3823724863
0.2876159572
0.3151393429
0.4439303596
0.7569280613
0.4806689991
0.8797532968
0.2914370425
0.5266317064
0.2982494668
0.3126993704
0.5312925605
0.2905310958
0.3048575009
0.4435331803
0.4635610016
0.2933708248
0.334514087
0.9014474333
0.3920053441
0.3391509793
0.346672803
0.4800355779
0.4467195249
0.3713721468
0.300414421
0.7991219822
0.4714347958
0.404679621
0.9390248641
0.3357479231
0.5272965608
0.2909346834
0.292712356
0.3520769224
0.9076037849
0.521545834
0.2880263071
0.3233085745
0.9985079028
0.5706396063
0.3764804079
0.7963669172
0.9966765592
0.2874859684
0.3335374379
0.3472175593
0.2881120326
0.5516551736
0.2877276848
0.915969418
0.2876443729
0.7398313413
0.2902447895
0.6521531463
0.7271748463
0.2883365575
0.5213251761
0.952635436
0.9297645018
0.2876838376
0.8335078044
0.2888444374
0.7169808296
0.7086720783
0.2876092916
0.8351547945
0.4971042863
0.3875661239
0.3527845792
0.3506716509
0.8268583546
0.8596091764
0.6580364264
0.350951631
