0.4160434907
0.3138315873
0.8547790309
0.9922293597
0.5553817266
0.8208703366
0.3076384911
0.3099839554
0.5418823728
0.553801891
0.8498477528
0.7321881819
0.382415436
0.5556075148
0.8605086492
0.5143572008
0.3346416058
0.7117383072
0.7117383072
0.7860652007
0.9147165418
0.3227218958
0.2887206196
0.3144858468
0.3977775004
0.5571886988
0.3658372599
0.5251650819
0.3055747904
0.2995437314
0.2910028017
0.9545045033
0.6900530229
0.6560797346
0.3493710689
0.2945633222
0.4590774428
0.3323440997
0.3147686194
0.4560188888
0.6022535763
0.3438195297
0.4771263335
0.6606102799
0.4184681645
0.2952475033
0.6517688148
0.7534973331
0.3343972829
0.4664836804
0.3163007319
0.2880834424
0.4023797825
0.3003763326
0.8622271034
0.7189599083
0.3814238727
0.5189770214
0.643129252
0.4267923119
0.7876745754
0.7597902484
0.5531251894
0.4117936719
0.4431606599
0.3198946472
0.2908749715
0.6269384185
0.360856442
0.999133919
0.6006536433
0.2889945157
0.3192816476
0.3224022257
0.6871522039
0.3096411217
0.3599658322
0.6237406328
0.9921681172
0.8166871131
0.8410670015
0.306119526
0.9709157022
0.3051142741
0.7884777472
0.5830746227
0.4836760984
0.6578928846
0.360856442
0.288109804
0.9088452603
0.6754996159
0.527826481
0.2881405582
0.5778350224
0.2881909923
0.6619678885
0.3969006681
0.8537276832
0.2886442278
0.3015758883
0.4378339627
0.3262169969
0.4519667802
0.2978470368
0.7635424541
0.3258827388
0.7858637459
0.4564257421
0.3026167988
0.3849125527
0.4773366925
0.4423677409
0.3684568643
0.5465958454
0.4802882463
0.8414291074
0.8987575885
0.3309203165
0.6933935391
0.4169741456
0.3528687975
0.5099753086
0.2887364239
0.2957567218
0.478389425
0.2893132387
0.5340569159
0.2977309105
0.5837585276
0.2881405582
0.2880330013
0.3343972829
0.2887685583
0.5801122766
0.9152807389
0.4394059589
0.4605103614
0.4222296509
0.2904494798
0.772226484
0.3570309194
0.2886294754
0.3054976271
0.3094706733
0.2881215786
0.3763680787
0.6038536697
0.3804365034
0.3073947389
0.9675356282
0.9467128692
0.703149214
0.7808071559
0.716776186
0.9059232927
0.4097795229
0.4461455935
0.3849125527
0.3295178045
0.288069734
0.3500638536
0.8105407926
0.6006536433
0.7910810234
0.4423677409
0.9164045133
0.7836436182
0.3127281052
0.7799945281
0.6349262985
0.6815594959
0.2910028017
0.5378529053
0.6045394649
0.5691950255
0.9292730033
0.3167877778
0.2888519612
0.9138673644
0.6052252807
0.2962830002
0.3224022257
0.4065097635
0.8204914885
0.3763680787
0.7399159884
0.5497451371
0.9680134418
0.4656562946
0.3508996709
0.2880883633
0.5488447918
0.9112991499
0.2910677595
0.3739627872
0.2946110793
0.354434393
0.2880233345
1
0.3069917443
0.624197534
0.4815568819
0.8989090587
0.4743974178
0.3967256232
0.288065516
0.2897009377
0.3126371833
0.2883939265
0.6718995411
0.9645132492
0.6667134822
0.2880576071
0.4023797825
0.9355615748
0.3185735435
0.2880170071
0.288338586
0.4700121911
0.646542214
0.3046596768
0.8598189383
0.3981289817
0.3773377444
0.8987575885
0.5760142171
0.2893562284
0.6766232925
0.3894720096
0.9840047935
0.5423307118
0.3415861423
0.2970483838
0.3617516949
0.3077200674
0.288065516
0.7443951088
0.559675709
0.5267169033
0.2883074882
0.2880786972
0.5908310073
0.7685171417
0.7349858105
0.4378339627
0.2880286073
0.4445513829
0.2892088255
0.4065097635
0.2895121996
0.3860867044
0.2881277294
0.2882322862
0.3205132192
0.7429044808
