0.8292486174
0.4939432202
0.4198458671
0.4166647572
0.4577100595
0.4799031298
0.3884730704
0.3960632605
0.7130341203
0.5364257019
0.5735318581
0.6117225399
0.2869122767
0.7992980763
0.3723511779
0.6126330298
0.4320575723
0.2867967852
0.8571431217
0.3540507167
0.4995389814
0.4856170213
0.7038537541
0.7180317044
0.3439317411
0.5350898483
0.8491739298
0.4552698356
0.2869901363
0.6937241691
0.3484170075
1
0.5264362931
0.4546614152
0.7945963675
0.9379111184
0.635821988
0.7608728623
0.421163547
0.3227261952
0.2960484471
0.3659442923
0.2918625213
0.6224173198
0.3496659356
0.2881747471
0.7266697257
0.8146861969
0.5480486149
0.369513074
0.5125778297
0.2903205155
0.9736259172
0.3395967033
0.3293770176
0.286775785
0.9513664734
0.7403392846
0.7782503836
0.2869337982
0.3934521276
0.4179713502
0.4262878758
0.4862545028
0.325592974
0.5469276996
0.8496989181
0.2870650142
0.9855573557
0.3489707388
0.3731464908
0.3167016756
0.8062777119
0.624009213
0.7195483404
0.4382969192
0.8929153669
0.3085624857
0.3557821633
0.3474531845
0.6419439053
0.3641083615
0.9771707591
0.92024875
0.932155171
0.4552698356
0.2892856997
0.2988237594
0.569908811
0.2868468336
0.2907170986
0.7760256252
0.3133181011
0.6719169089
0.6584393217
0.5547874693
0.367023532
0.9837569012
0.3134121099
0.6892974177
0.9506085214
0.9194432447
0.4830722554
0.3102159026
0.5882847947
0.5279855798
0.4885962762
0.9310275724
0.7760256252
0.2873710995
0.5987478085
0.356654948
0.3398551014
0.8419267268
0.325705262
0.3158133349
0.5547874693
0.346223762
0.3224019761
0.3000734265
0.3594495603
0.7604589658
0.5960171965
0.3191319532
0.4975980727
0.9345089171
0.6221898807
0.2977567252
0.5719462882
0.298378536
0.2906068698
0.3278670563
0.3990514535
0.8536995404
0.2895900457
0.3231606069
0.5901034778
0.3784702223
0.5516399018
0.4577100595
0.3086480657
0.2925562986
0.4162922934
0.8512695077
0.2897166327
0.2985683432
0.6683311462
0.287415166
0.6408109401
0.9701323608
0.3847578932
0.5029994144
0.2882192924
0.2933414397
0.346223762
0.2891114103
0.298127802
0.4480130117
0.841391196
0.390693683
0.3204853826
0.4478128334
0.325705262
0.8547360728
0.7772400424
0.2885011789
0.3023862855
0.3734654566
0.5785195986
0.2933891616
0.6108120206
0.3406336655
0.28715108
0.722575339
0.99977821
0.3595979339
0.6205976398
0.3213311114
0.2889709387
0.4854046414
0.6890757392
0.3431322904
0.8114536552
0.2916136746
0.6228721791
0.2897487121
0.9356111411
0.3176025954
0.28681621
0.2970326913
0.4091059698
0.2875734
0.4367290432
0.7162958881
0.7592159401
0.3264954598
0.3687317137
0.9191739617
0.2879221013
0.4748607463
0.2990170751
0.5084308528
0.3893249478
0.2926011157
0.5543375318
0.2869192756
0.4270526043
0.6185500808
0.8647695265
0.880142348
0.6739310426
0.7804677411
0.28981339
0.3013126582
0.3229430985
0.2869264495
0.3065568696
0.8707472958
0.3990514535
0.4287784141
0.7038537541
0.5123591709
0.4520325934
0.5957896745
0.2877307281
0.7523440448
0.4628268043
0.3296115308
0.647150831
0.425143455
0.4490150553
0.2869901363
0.3280977328
0.9656251442
0.2867967852
0.8795038841
0.6541551487
0.2889986861
0.2933891616
0.28677631
0.550067912
0.4799031298
0.6451142962
0.2868860301
0.6946079296
0.4941577949
0.4105680439
0.737791101
0.9047839762
0.3523382288
0.3059090174
0.3854293421
0.3443333301
0.7481509052
0.4249530313
0.3676429638
