0.4389737073
0.8812102445
0.7790539393
0.6107032446
0.4813068583
0.9612201468
0.3374887677
0.8221118498
0.3894417358
0.3802450679
0.3462177632
0.3364891258
0.3180870637
0.6013270108
0.3242396278
0.7261807767
0.7253129045
0.5992694265
0.3633847357
0.8526279714
0.8014761083
0.3644443557
0.2980710386
0.8533320502
0.5010144046
0.296933093
0.7915655072
0.3271198504
0.4627298796
0.334030515
0.4171241607
0.699639483
0.3016163003
0.506011509
0.2926973743
0.3627820427
0.3899532543
0.6294480982
0.5562592169
0.2885330054
0.594698469
0.6196218784
0.9586112428
0.7554518544
0.8360822491
0.8298012184
0.9013440814
0.6849399985
0.5958409911
0.3335457746
0.407561326
0.6974214262
0.6228222741
0.6120755054
0.4250376694
0.2890617848
0.4783507886
0.4167514769
0.2975505696
0.3130230033
0.4191807443
0.5612352419
0.3887612775
0.5277943073
0.45011398
0.3982722168
0.5116909495
0.3551354162
0.3095820118
0.2889904818
0.5346952989
0.3395155961
0.4878943345
0.7706513213
0.7380409599
0.2881870864
0.2881343415
1
0.3489447851
0.2959670558
0.410475268
0.3529957494
0.8460541521
0.8779552811
0.5358115039
0.2961242292
0.4645843666
0.2910432102
0.3715607846
0.2927374033
0.6508674006
0.3316302499
0.6894089583
0.9559362969
0.658809435
0.366889643
0.3653575519
0.2887781151
0.5497177116
0.4934618885
0.4086510402
0.2999684869
0.3052240453
0.2926178345
0.2990915161
0.307102191
0.2881777684
0.7185636485
0.3169017488
0.2887187335
0.5485920781
0.5988122341
0.2881506928
0.2901093338
0.8951089549
0.7708574418
0.2883537371
0.3035130446
0.7213989321
0.4201193462
0.6230508375
0.3011443711
0.562594195
0.5607824287
0.4674802856
0.4137838949
0.9574423821
0.2941551037
0.7687936317
0.421060299
0.5034010684
0.7772180407
0.3434138891
0.5562592169
0.9192410069
0.3004193232
0.8228674874
0.3820565348
0.2953537247
0.9302602389
0.9884387061
0.84155075
0.2881269569
0.8264407252
0.6022415948
0.470389526
0.3321056058
0.2894603303
0.964562193
0.4960440514
0.4687254894
0.3323441665
0.6504129239
0.4737302958
0.288147528
0.3521483053
0.4086510402
0.9228063717
0.4064752562
0.2904102305
0.3176894558
0.473521008
0.288294675
0.4911017841
0.4043141409
0.4758267109
0.4800384972
0.316220739
0.6556352876
0.3377401165
0.327232665
0.2881206272
0.4250376694
0.331748868
0.6358391188
0.6216793804
0.2970994583
0.7302935195
0.7410373277
0.3458134607
0.3427553672
0.8127615812
0.9114833714
0.2920804238
0.4165652788
0.2934874384
0.6936430019
0.3450085956
0.3285981347
0.8926338771
0.2993387137
0.2883025854
0.2884112128
0.7919650661
0.9244296446
0.8571811771
0.2913379708
0.9990685966
0.2909796198
0.6678564847
0.2881777684
0.8273766174
0.288219259
0.3245667365
0.2894820952
0.8679819756
0.2885330054
0.3133896907
0.6278492884
0.2888088583
0.3736193542
0.4507177945
0.666275754
0.3048446663
0.8226786876
0.5420773262
0.8659503414
0.9961640865
0.8661201095
0.5034010684
0.3736193542
0.2907322167
0.2886083914
0.7859448867
0.5097214331
0.2888403029
0.5165205804
0.3170977357
0.4908875607
0.4911017841
0.7722986547
0.5528730167
0.4188059647
0.3678149233
0.2934013423
0.2881243195
0.2970994583
0.2881575497
0.2881691535
0.7450885194
0.9203450559
0.2881216822
0.5958409911
0.3398996946
0.466030642
0.2882719983
0.9829953344
0.3108765618
0.2881322316
0.9362754892
0.3098380187
0.3838820674
0.7152835207
0.3632338709
0.6476847183
0.3474381236
