0.8583405659
0.4991073163
0.3079679253
0.4240022613
0.6573126015
0.286775785
0.6292371662
0.3258176995
0.3931058031
0.6001133221
0.2871983072
0.4650919286
0.892001382
0.6683311462
0.4379044543
0.2875567913
0.334918517
0.3543379787
0.6251460742
0.2871174945
0.5422273374
0.9531858629
0.2998053437
0.893371124
0.5701351335
0.4238123777
0.3247000608
0.580788811
0.4807469261
0.2871626247
0.8493490067
0.3537639813
0.5255517892
0.5692299417
0.8817323079
0.3682643688
0.4915864032
0.3132242498
0.7064836429
0.3642606679
0.3238167569
0.8299832151
0.2905704717
0.6699007017
0.377492709
0.9684514564
0.2969734474
0.3424698883
0.3121103402
0.2879421971
0.2937770752
0.2868240848
0.2899117039
0.9092217884
0.6943870401
0.2929196246
0.3755503794
0.288861685
0.3280977328
0.7963640024
0.6658623113
0.7049501982
0.7538066419
0.4102019357
0.3166023491
0.8108810774
0.2878051857
0.3964132271
0.5125778297
0.4854046414
0.3099509984
0.4083772999
0.6654131256
0.306150746
0.3310309372
0.8294323803
0.3423378241
0.3181085244
0.9225118742
0.3229430985
0.3621398313
0.4935142292
0.7600448462
0.7686938456
0.5141096503
0.4657111189
0.326268943
0.3160096545
0.3124791161
0.3046445062
0.732032307
0.8218366531
0.529758342
0.418158382
0.3004122684
0.7796622907
0.7898566676
0.5638046
0.8674399849
0.5957896745
0.7571398081
0.7766331069
0.2869901363
0.288755209
1
0.7762281797
0.2919468433
0.8981810235
0.3381855897
0.3786335504
0.3141698429
0.551415257
0.3361636685
0.288861685
0.3625922147
0.2887290241
0.2902506528
0.2945337822
0.2983156015
0.4948018343
0.2907914464
0.5160821974
0.5916952145
0.3099509984
0.3238167569
0.9790900961
0.317703472
0.4892361127
0.540216762
0.615819426
0.3340554525
0.3783070108
0.2871743442
0.3351664008
0.6437559115
0.6403576578
0.5839676102
0.3145524778
0.932902385
0.4347766895
0.28981339
0.466330916
0.4677794526
0.4209750305
0.9380311545
0.2893153546
0.5619985229
0.4318639894
0.3059894313
0.7350226825
0.4988915589
0.9819464103
0.8775800213
0.8615701968
0.3913806821
0.4752795887
0.5158628575
0.9320302836
0.452436211
0.6460195802
0.5257728599
0.3354148584
0.2914915698
0.3981694124
0.3877935626
0.3990514535
0.8422833527
0.6342333633
0.5206977914
0.2925116527
0.3877935626
0.8780621759
0.286868182
0.4941577949
0.9993177853
0.5480486149
0.4047578915
0.2930121658
0.6426235159
0.9796897245
0.415362792
0.704730984
0.3117440968
0.4410533425
0.7388537008
0.483495805
0.8089679059
0.2874454165
0.9610451348
0.2869337982
0.2888348055
0.6101291156
0.9811578353
0.6290099551
0.296104995
0.9261773746
0.7343826674
0.7856788867
0.934139691
0.3352905579
0.6007961216
0.2922039258
0.2880452894
0.3894956546
0.8447708636
0.3559273014
0.8664411158
0.4702701992
0.9360983886
0.730747906
0.549618999
0.7959716584
0.7296762994
0.3485552378
0.4552698356
0.4052982404
0.5556876217
0.5757981969
0.2869413219
0.2871285149
0.2936303292
0.6613663673
0.3595979339
0.7662329905
0.2871066489
0.2869649421
0.2869731653
0.6904053287
0.441843813
0.2871397101
0.6615913756
0.6844132521
0.340894308
0.2868860301
0.8495240028
0.3553475326
0.2870452458
0.7230070756
0.4133262842
0.6001133221
0.8178980397
0.4905172715
0.6631658212
0.3749067211
0.2868125351
0.6099014781
0.4316704923
0.2914915698
0.5093025623
0.2870078068
0.9386298087
0.7910451112
0.6899622608
0.9935816062
0.3624412937
0.4740238136
