0.9161171185
0.9874576313
0.2915072264
0.8406936966
0.2870088961
0.9614774306
0.8885591085
0.3791683413
0.365482192
0.2970003014
0.3443641296
0.5801583215
0.8049976873
0.3100727266
0.6304395594
0.4312082463
0.7156637915
0.6410524152
0.3712622887
0.5435153003
0.3428872791
0.3633388452
0.5964599481
0.3025235446
0.479990152
0.7272523761
0.7833724518
0.4050354587
0.9174481454
0.45134091
0.5128231983
0.3262610388
0.2952603595
0.3610694843
0.2944157079
0.2877299278
0.3717381904
0.7085208152
0.5810628653
0.3457210253
0.9377469538
0.4007369306
0.8148381319
0.5991796522
0.4481291241
0.7210448052
0.6394736183
0.5106430084
0.3145847255
0.5675154406
0.598046391
0.2855731935
0.5211453216
0.6102868975
0.3320429842
0.2856280864
0.4321754967
0.7560275617
0.8125843477
0.3194541594
0.6462346368
0.2921570541
0.9755754516
0.5015345209
0.2857005739
0.285751799
0.2855792929
0.2855810355
0.6615000281
0.2865406593
0.4927238807
0.3081260499
0.2858024982
0.9058262876
0.9563235539
0.4701616111
0.2976328306
0.8724494543
0.3722151666
0.3964972732
0.301554379
0.5765419071
0.5248864635
0.2973144853
0.5152262556
0.9199501764
0.6075668373
0.7715551672
0.8013548157
0.7059125374
0.4806220224
0.2989477195
0.3337588469
0.4386115904
0.3017755816
0.6399247751
0.8292300394
0.285776365
0.6473600687
0.9158497442
0.7156637915
0.709605922
0.362579264
0.7922379613
0.2984799657
0.2893864467
0.9233165327
0.6134598715
0.6892694589
0.2883118994
0.2856045613
0.5321780153
0.6365397525
0.3657903612
0.2857288004
0.4946506852
0.3968482946
0.3843133555
0.9052623147
0.3327749112
0.8314036211
0.5600878786
0.7603511064
0.2863993152
0.301480972
0.3146825507
0.4271691192
0.289314128
0.8827260089
0.70373471
0.3964972732
0.3376575999
0.8770805037
0.7283187927
0.6145929181
0.3044646644
0.6612762298
0.3856586695
0.3160683582
0.5319565181
0.8682351353
0.7349044221
0.3311956207
0.2891715519
0.285642201
0.2955503071
0.4044949721
0.3809815018
0.4372388779
0.288997199
0.317382244
0.3882002505
0.292890243
1
0.6039398586
0.4831547207
0.9876706965
0.3092670757
0.2990828524
0.3956215532
0.3454485606
0.3174843874
0.5134780795
0.6704324985
0.2856195477
0.3353772269
0.3109829105
0.8690501246
0.4220325491
0.3340062612
0.7152321604
0.394748463
0.8851979411
0.8574461732
0.4635497364
0.3653282921
0.3395926823
0.5145703804
0.3561770152
0.654327715
0.3088250405
0.9818700379
0.5191691226
0.297062805
0.357792405
0.2918279729
0.480200717
0.7111233908
0.6824244207
0.596686573
0.5708976691
0.635410748
0.3414270209
0.2858798472
0.4610878464
0.2859338476
0.2869866303
0.2900288686
0.2857143388
0.4252591682
0.2857680022
0.3491722958
0.2862382701
0.7739759706
0.6976168487
0.5108608353
0.2855714508
0.8335661492
0.4676743148
0.5288590408
0.429472551
0.3332657336
0.3507173097
0.4521468261
0.9751282788
0.285751799
0.4840007862
0.8362536402
0.3094450005
0.3115365842
0.3385567234
0.7564403847
0.9558306529
0.4283192785
0.312755599
0.6270471291
0.3883705694
0.5259888097
0.4290877824
0.6722141735
0.3069273741
0.5268713279
0.8025078876
0.5582903318
0.3064232552
0.2855777244
0.8540550224
0.3633388452
0.2856045613
0.9350444369
0.6284043662
0.3279937767
0.2875164871
0.3414270209
0.2865777318
0.3237798489
0.2938736459
0.6554498043
0.4288955271
0.4447378031
0.437434736
0.7749820688
0.7681109599
0.4009148704
0.285611706
0.7531316538
