0.8900642025
0.2992619572
0.9607080157
0.5710949074
0.2890764545
0.3122439971
0.3326699075
0.4421679498
0.3044702948
0.5813459946
0.4304391468
0.3446791949
0.3320740255
0.710712564
0.7680976399
0.4570374689
1
0.786715216
0.2890611556
0.4650397204
0.7566130352
0.308791837
0.2898099235
0.3348454605
0.4092337221
0.7753167805
0.9136673098
0.3288054795
0.6601355047
0.2953454835
0.6660241363
0.4729386313
0.6149646894
0.5518350653
0.3440151279
0.7327378264
0.9059565432
0.5030250398
0.3070833048
0.3217773117
0.3739855502
0.6268639278
0.842738015
0.2989581414
0.6209157344
0.730143954
0.9446749127
0.5347726883
0.3684851601
0.5249818387
0.7131317139
0.4052498439
0.5540923626
0.2896797313
0.8601061528
0.7771614965
0.9428702981
0.3990149554
0.4190290185
0.7857053384
0.3425665071
0.3566380029
0.4376357344
0.3013727166
0.5468783669
0.3860995915
0.2925930893
0.7757271341
0.3903354598
0.7436867315
0.3252136524
0.6464977177
0.9494895078
0.6471810106
0.2950059332
0.8899065909
0.3741449097
0.3098854429
0.9662022459
0.3387026467
0.9265450666
0.3649535906
0.4306320804
0.5376785321
0.2896797313
0.5303135375
0.6282360079
0.3983106236
0.7262410527
0.8294959599
0.2889872949
0.9993186063
0.5849975172
0.3374432371
0.4072356268
0.3016409827
0.2908680563
0.7175179586
0.2949581122
0.288852745
0.4099633276
0.2892737304
0.9374444552
0.5207767534
0.3381971593
0.3450793098
0.7175179586
0.9649079977
0.3703539939
0.2961531111
0.3078879227
0.5982551342
0.2886938937
0.8431001363
0.5966537407
0.9953464085
0.5966537407
0.6983271678
0.4556128724
0.3212545771
0.3064513882
0.8541684278
0.884172835
0.9794003561
0.7511269283
0.6318935621
0.3000083197
0.5987127247
0.4002516339
0.340361284
0.2903936791
0.2888912655
0.7757271341
0.508034927
0.6587746288
0.6165670798
0.3266542108
0.4525725309
0.3678662004
0.3051434542
0.5390215767
0.4851748404
0.6062653527
0.9515483122
0.9062523367
0.8626954058
0.3072429211
0.315475066
0.2888912655
0.4741946137
0.2977851697
0.2905279658
0.4061509372
0.3112689392
0.3055996493
0.5957387893
0.6576400333
0.8016711109
0.4868786498
0.4582614343
0.464420322
0.8716927105
0.3906773648
0.2923295762
0.2892051642
0.388972314
0.2950059332
0.9031278076
0.4182802446
0.5078165756
0.3430913126
0.4982576322
0.6983271678
0.3006488015
0.3354581778
0.3572184286
0.5121924739
0.3872785093
0.5207767534
0.447343487
0.4991225863
0.3326699075
0.2886838655
0.4449480121
0.7800214007
0.2904468699
0.3115329368
0.5015054646
0.3789816842
0.9116564242
0.8114336315
0.3062950483
0.4151150682
0.3089582996
0.292366701
0.9865065457
0.2931049797
0.3716097846
0.567912396
0.289476757
0.7771614965
0.2884030233
0.4459447293
0.8432810793
0.5141675867
0.3461524033
0.4403892349
0.9369414655
0.6809016846
0.4237430141
0.3361982329
0.8791431877
0.506725532
0.3523525485
0.3850935418
0.4216616497
0.5911657009
0.5309815035
0.4119779873
0.3864358558
0.6784298114
0.4147445315
0.4733570317
0.6540062085
0.2892390964
0.2885334268
0.7796135677
0.2888279431
0.5457537264
0.5214397489
0.8935087757
0.4562229681
0.673927283
0.3547662404
0.4075980051
0.5870527756
0.8200708307
0.2884744751
0.3206323915
0.5509328729
0.2889730495
0.3712950978
0.8996585288
0.2885772417
0.4687691566
0.6291505848
0.2954935761
0.2885402895
0.2891234043
0.3042488826
0.4241226481
0.3112689392
0.2884190389
0.2888279431
0.2887357646
0.8057921948
