0.3728428607
0.2931574857
0.3871151734
0.9043275448
0.3894929182
0.592729167
0.717547573
0.4422198217
0.3061229841
0.5836230784
0.5340198051
0.3329313077
0.7140619486
0.3490258457
0.9651449474
0.4875302182
0.4911603849
0.5532791197
0.9845785408
0.3049439961
0.5431748478
0.2920009341
0.2976709388
0.55260386
0.4777908997
0.7991291046
0.4013458137
0.2887911808
0.6800316168
0.2904514826
0.3712597303
0.883431868
0.304330242
0.4177663475
0.9412242228
0.6674757436
0.6498675257
0.3689078891
0.4735964461
0.3894929182
0.3898343756
0.9380991743
0.3425399901
0.3194833399
0.3912046213
0.7399320105
0.8553645929
0.7467167686
0.3095319359
0.3323282491
0.6730910441
0.9658106641
0.5025769752
0.2972566865
0.7081567324
0.3314900969
0.2877502795
0.4504028788
0.3146234032
0.3739582438
0.6428387034
0.2966224211
0.323725311
0.9136300771
0.9795784225
0.6920554839
0.6552982463
0.2883464499
0.2872832199
0.4508053909
0.3976326003
0.3418826982
0.9271458085
0.5697713502
0.2908630853
0.4100035918
0.287413639
0.3466926091
0.5858982491
0.3712597303
0.8442904732
0.4784222147
0.6663508757
0.6125634639
0.3075034476
0.55170386
0.6428387034
0.3877922966
0.2872769088
0.8284827805
0.9223928135
0.3118338201
0.2902550309
0.7944064069
0.3623206175
0.345203916
0.4538338609
0.9962378884
0.7549147278
0.2873584239
0.7061820571
0.4236032482
0.2879477104
0.5613985472
0.2880428169
0.5198441801
0.2900648187
0.2883658826
0.2887005399
0.470883683
0.6319297196
0.4807417323
0.2910782265
0.3689078891
0.3238344824
0.9108106
0.3274074797
0.4260772144
0.5209460687
0.8142074898
0.3542387429
0.7790032497
0.6437464626
0.8109572232
0.5373630742
0.9660943597
0.7553329676
0.3049439961
0.2877248744
0.6191750986
0.3195864017
0.3352560261
0.3343934727
0.5349106224
0.4837043384
0.4471938313
0.310935697
0.3272935011
0.7785982237
0.3924093528
0.2892597917
0.3936194298
0.5925013578
0.3156818028
0.3585984339
0.8193272684
0.4133095933
0.736734275
0.3312519416
0.6221378476
0.5934126343
0.8898649201
0.3097920166
0.7397191679
0.972089895
0.498683427
0.4398501072
0.3197929872
0.3893223558
0.2904514826
0.2963408789
0.42436284
0.2875976613
0.7959848778
0.499979477
0.3118338201
0.61370357
0.6654505649
0.7249188962
0.8904844216
0.3955316956
0.4564720811
0.3064435754
0.5355790825
0.6521315715
0.2906199552
0.8312497053
0.6032140353
0.560043321
0.2875871469
0.5758960808
0.7281549635
0.3041027888
0.9127882592
0.2893127748
0.3125637758
0.7446020484
0.2883271918
0.3370022799
0.4412310177
0.432231062
0.2888142769
0.4144186041
0.8202695953
0.9972070221
0.9591218633
0.5697713502
0.841247821
0.8870592575
0.3028418312
0.5747610367
0.4717172162
0.2875372016
0.2873338826
0.9105265476
0.4345617116
0.2897031309
0.8761989569
0.3142432444
0.2957904944
0.2878447092
0.4380805606
0.3536663847
0.2884861447
0.9625279808
0.2891816219
0.2934777503
0.7066211388
0.4040262059
0.4312636124
0.707937476
0.3203121438
0.2877374895
0.4020583145
0.4131250968
0.62965387
0.7356659579
0.3648971919
0.7619951609
0.2916823291
0.5429509423
0.526691617
0.5836230784
1
0.2885276282
0.6430656645
0.7665423338
0.4615800149
0.7375880674
0.3228573963
0.2897616762
0.2889565123
0.4780012766
0.9079529334
0.4640475099
0.2900337236
0.8531057858
0.9502937113
0.3111140461
0.3386488912
0.2879631244
0.3318484279
0.2872832199
0.3133038827
0.6077746823
0.5668266609
