0.5833519075
0.2891023473
0.6213083544
0.2896070515
0.7448273918
0.554281944
0.5253985839
0.5088866822
0.9628348464
0.3124555793
0.6722565523
0.290230063
0.3207910502
0.5810711403
0.3872641998
0.2937667029
0.4623472175
0.9649514914
0.4348880298
0.5242905266
0.2923408344
0.3601297516
0.6075804183
0.9627328806
0.879217742
0.4743894011
0.4513493861
0.9668259122
0.919013413
0.7228537497
0.7530960893
0.6427752973
0.359096616
0.3507849612
0.3277380488
0.4190182485
0.2895854506
0.4009484985
0.3781516945
0.6414077442
0.6618624034
0.874943224
0.3509244527
0.3113856473
0.7452533064
0.3894687666
0.3041050369
0.4919940426
0.6123857534
0.6857348419
0.2894391455
0.3588026063
0.3830786626
0.5783359082
0.2888796686
0.5851773695
0.2923786345
0.2886324865
0.6727073531
0.3306196875
0.7759751722
0.6432310438
0.602318091
0.3744465977
0.3329917517
0.5101985626
0.3531746754
0.2896952054
0.7291495728
0.4619360984
0.4162181267
0.3252797488
0.2911907338
0.2986366202
0.851470431
0.3390500511
0.4279284638
0.4847328435
0.6926580929
0.9461268623
0.4875013579
0.2964331164
0.4127024972
0.9450621459
0.8437854948
0.4578406918
0.6213083544
0.491779544
0.6652570004
0.4594753857
0.5088866822
0.2882666694
0.6742843726
0.3070976599
0.3680013608
0.9582478979
0.3573404052
0.8574414749
0.9931506383
0.7737183195
0.5794753543
0.3932425771
0.324840648
0.5115121031
0.7287165646
0.7545718789
0.3028791167
0.3067000344
0.3180490779
0.4621416224
0.4269709455
0.4779610671
0.9152265269
0.3650853442
0.9177589401
0.8344825298
0.7537288868
0.8120162995
0.3233229666
0.3058396723
0.2888364261
0.2934221445
0.5888303367
0.9976266377
0.7077334392
0.3948017836
0.7939629592
0.6251958818
0.7313119204
0.5767412719
0.3240780733
0.2925702324
0.4828220123
0.5454956998
0.444538637
0.3859170476
0.381754503
0.288781227
0.3390500511
0.2989377596
0.8394327335
0.2894189452
0.4246821401
0.3211026913
0.6427752973
0.8330050887
0.4079493686
0.880195783
0.8593530228
0.4872880463
0.4265885697
0.8484498259
0.373172812
0.2994283586
0.2882745855
0.2883331623
0.5403343403
0.33015237
0.3461234436
0.3137329334
0.2931709687
0.3197623008
0.3029499022
0.9384997983
0.3459887461
0.2886324865
0.417335592
0.4904937201
0.7943614269
0.4862223571
0.4208968722
0.3819196159
0.9960101725
0.8102756931
0.5187651956
0.288319442
0.7433351242
0.6672914106
0.7219825097
0.2906432007
0.2954534076
0.2941222847
0.2886673006
0.3087289543
0.3105983722
0.4885687777
0.2884821351
0.9312525688
0.5644665612
0.3181486085
0.2914521807
0.7287165646
0.9381265245
0.3988263053
0.4167764268
0.556315141
0.3101666344
0.4128866507
0.3202747398
0.3523268018
0.496726813
0.6906511828
0.9822508556
0.3377854998
0.5619728489
1
0.2886212331
0.2894595209
0.6641260015
0.7035375626
0.3024578952
0.3797822717
0.2888796686
0.5956857506
0.3219405196
0.4158464085
0.4650263622
0.3060723483
0.8507617896
0.303885218
0.352608889
0.2917247498
0.5416792311
0.9166372789
0.8518242678
0.2948664575
0.3652376842
0.3172584657
0.4541798665
0.7256805501
0.8714479699
0.2892824477
0.2921176712
0.8098881249
0.8699384099
0.3541699581
0.8967920541
0.4461329497
0.2894189452
0.3722225843
0.8707779097
0.6050634989
0.2882703636
0.3296874287
0.2882668453
0.7999124487
0.4947875186
0.2981052201
0.30425241
0.2884408055
0.7891612247
0.4350829633
0.5619728489
0.2890853015
0.6295386579
0.3316798155
