0.2919861245
0.5438087208
0.3804329073
0.4118359489
0.9651372047
0.3752264487
0.296357519
0.4538332658
0.9373827522
0.3986853275
0.2916194984
0.5145480928
0.3334836117
0.5697153919
0.3094285768
0.3121929189
0.9225024183
0.8428232425
0.4609628078
0.6538094357
0.2902589015
0.3099516388
0.445597259
0.5291009426
0.4896533426
0.3891450771
0.3067366889
0.2873623538
0.6265893432
0.6343198689
0.3089112867
0.780125513
0.3060895824
0.5749281151
0.4438067676
0.8784893816
0.5038621816
0.8325237855
0.3152062046
0.9986142837
0.5453764634
0.2986329989
0.422278351
0.9299225979
0.8021235998
0.698512363
0.4040241973
0.6424913673
0.5123585606
0.902788435
0.4738004974
0.4609628078
0.2877693034
0.9822831383
0.3805975382
0.2921114272
0.3520716366
0.2870203528
0.2911903307
0.2940276139
0.3311940559
0.975363114
0.6689011117
0.5051647286
0.288127944
0.2982575825
0.7192948504
0.7345816849
0.4114685498
0.7942888444
0.9486681893
0.5593175723
0.3616965927
0.28829094
0.6499659415
0.3523549071
0.3587202061
0.3065739386
0.6630561761
0.3046716624
0.6925451556
0.2965855926
0.2888721677
0.364723878
0.2889233649
0.3874459743
0.7177757411
0.3199220396
0.30865481
0.6845518009
0.5357689347
0.2890544007
0.7909270173
0.5384444476
0.2932620522
0.6252240999
0.4287596277
0.3224613549
0.5357689347
0.4632215119
0.2871434763
0.6236309904
0.4570815095
0.6211268974
0.3517888989
0.9385907466
0.3016401029
0.8984997178
0.9087170948
0.2889492244
0.4245539944
0.7136422094
0.3899987867
0.5874216601
0.8253333695
0.3466552018
0.2874432354
0.7991981202
0.2890278459
0.3077267912
0.7156020439
0.4420227188
0.610193781
0.882801463
0.9568283897
0.7679136932
0.3625994675
0.3140573248
0.2886503906
0.7166894096
0.477364203
0.3688901378
0.2870240311
0.6060927185
0.7101500294
0.3114648851
0.3387295137
0.2994019047
0.7642088951
0.6374995801
0.4738004974
0.960580845
0.3093419606
0.4217114926
0.6088267678
0.7695542708
0.3544963455
0.7234076393
0.8780062879
0.3405339186
0.7705777359
0.3946561086
0.2883766217
0.5676779558
0.3258706459
0.2871639659
0.846730264
0.4516110707
0.5431372574
0.546497116
1
0.3394994463
0.574020977
0.2875598164
0.4400480949
0.9778474554
0.8328894201
0.6477027336
0.79468311
0.717558558
0.2886503906
0.8067724785
0.3009427602
0.4438067676
0.6263618214
0.6841065489
0.3932679035
0.3618467542
0.8876722903
0.4332018887
0.3758706559
0.2889752577
0.291699767
0.2879043815
0.5277710923
0.7081812571
0.2872016162
0.2882285088
0.3309561133
0.8161392224
0.3688901378
0.2880130219
0.8339844881
0.6427181116
0.36064903
0.36064903
0.5575135848
0.4887996106
0.3135853048
0.3148207342
0.3203391431
0.3527808102
0.297226712
0.3355765001
0.377814642
0.4520144329
0.2870282347
0.4969450088
0.5204808319
0.4514095024
0.501045953
0.9246177219
0.3169717649
0.5315423096
0.3106580123
0.5667728803
0.9055555933
0.2871785008
0.8673468668
0.319095206
0.2881877597
0.7307277278
0.3804329073
0.2873623538
0.3600532344
0.3804329073
0.6562935751
0.2872436422
0.8950428223
0.7255659696
0.344492869
0.3020664527
0.8334372987
0.6001695375
0.298319733
0.3571051544
0.4345629091
0.8390581202
0.3096022901
0.5143289458
0.2874311562
0.9966280599
0.3469279585
0.3155941803
0.8820078036
0.4516110707
0.3734647173
0.4562676954
0.4947940325
0.3017107479
0.7991981202
0.5344329143
0.2887227503
0.3922312948
0.5110469339
0.3406638603
