-1.1805e+01, 1.2083e+01
 9.5984e+00, 5.1305e+00
-1.1411e+01, 8.0961e+00
-8.5408e+00,-1.0154e+01
-1.1122e+00,-2.7295e+00
 1.0701e+01,-8.7654e+00
-5.7152e+00,-1.5428e+01
 1.2270e+01, 1.1993e+00
-3.1363e+00,-2.3589e+00
-8.4688e+00, 1.0637e+01
-1.0059e+01,-1.3506e+01
 1.0437e+01,-4.3406e+00
-1.3190e+01, 7.4371e+00
 1.0138e+01, 2.5582e+00
 1.5456e+01,-2.5874e+00
-1.0738e+01,-1.1535e+01
-4.1817e+00,-1.2810e+00
-5.5666e+00,-2.6183e+00
-1.0454e+01,-6.7066e+00
 2.2902e+00,-8.9023e+00
 4.8489e+00, 1.6224e+01
-1.5896e+01,-8.9861e-01
-9.3289e+00, 8.6605e+00
-8.4657e+00,-7.4555e+00
-4.8869e+00, 1.0901e+01
-1.3436e+01, 3.1937e+00
-1.3087e+01,-9.2167e+00
 4.5242e+00,-1.6702e+01
-9.6586e+00,-1.7580e+00
-6.8155e+00, 6.9031e+00
 1.2280e+01,-9.7795e+00
-3.6259e+00,-6.2629e+00
 1.4033e+01,-7.2879e+00
-2.8378e+00, 1.0188e+01
 1.2236e+01,-2.5135e+00
 2.7041e-01,-5.2526e+00
-1.0306e+01, 5.6605e+00
 6.1079e+00, 4.2282e-01
 1.4047e+00,-1.5466e+01
 6.7467e-01,-8.0976e-01
 5.3109e+00, 9.5548e+00
 6.9254e+00,-1.4664e+01
 5.9427e+00,-1.1470e+01
-8.4316e-01, 4.0455e+00
 1.6531e+00,-6.5346e+00
 3.6073e+00, 7.7565e+00
-9.8444e+00,-9.1452e+00
-3.3408e+00,-8.8384e+00
-6.2135e+00, 9.7854e+00
-2.5638e+00,-4.0428e+00
-1.1814e+01,-3.1592e+00
-2.0020e+00,-1.2141e+01
 1.6448e+01, 4.9092e+00
 4.0413e-01, 2.2015e+00
 4.8383e+00, 1.2975e+01
 1.3349e+01, 9.9946e+00
 1.4130e+01, 2.6936e+00
 1.7170e+01, 3.2814e+00
-9.6806e+00, 1.3916e+01
 1.6372e+01, 1.8799e+00
-6.6839e+00, 1.3616e+01
 2.3573e+00,-4.2253e-01
 7.3675e+00,-4.9891e+00
 8.2804e+00, 8.0283e+00
-1.6976e+01, 3.5848e+00
 1.5512e+01,-4.6713e+00
 2.0142e+00, 7.9945e+00
 3.1691e+00,-7.2212e+00
 7.6837e+00,-1.0620e+01
-6.9012e+00, 1.6807e+00
 2.6823e+00, 2.1383e+00
 1.0583e+01, 7.2123e-01
 1.1714e+01, 8.0080e+00
 1.4724e+01, 8.6761e+00
-7.9443e+00, 5.1528e+00
-4.7597e+00, 1.3786e+01
-2.2832e+00,-1.4133e+01
 5.0116e+00,-1.5032e+01
 8.9651e+00, 7.6481e-01
 9.2303e+00, 1.3042e+01
-2.1292e-01,-8.6144e+00
 1.0746e+01, 1.2371e+01
 1.6941e+01,-7.2184e-01
 1.3037e+01, 5.3662e+00
 1.2461e+01,-1.1498e+01
-6.9332e+00,-1.1851e+01
-7.3618e+00,-3.9467e+00
 7.0500e+00, 1.3698e+01
-1.5163e+01,-4.9643e+00
 8.5464e+00,-1.3291e+00
-1.0570e+01, 3.8486e+00
-1.5121e+01,-8.1222e+00
 6.5263e+00,-2.1797e+00
 1.0870e+01,-1.1221e+00
-1.0797e+00,-1.6591e+01
-9.0418e+00, 3.9251e+00
-6.7340e-01,-1.2844e+01
-1.8108e+00, 1.5295e+01
-9.9628e+00,-5.1227e+00
 8.9562e+00,-8.2273e+00
 7.3583e+00, 1.5834e+01
 6.5781e+00,-7.0107e+00
 6.9977e+00, 1.0193e+01
-9.6396e+00, 2.3386e+00
 5.6730e-01, 1.4544e+01
 3.2111e+00,-1.7875e+00
-1.3146e+01, 9.6275e+00
 4.4045e+00, 1.7905e+00
 2.0869e+00, 4.0928e+00
 1.2662e+01, 1.1365e+01
 4.0830e+00,-1.2228e+01
-1.9300e+00, 8.1749e+00
-3.1187e+00, 1.3369e+01
 1.8132e-02,-1.0253e+01
-2.5902e+00, 5.9483e+00
 1.3902e+01,-4.1223e+00
-3.8807e+00, 1.7000e+01
-5.5308e+00, 4.3071e+00
 8.9933e+00,-1.4381e+01
-1.0133e+01, 1.2386e+01
-8.1675e+00,-2.0080e+00
-1.2780e+01,-6.3275e-01
 5.4118e+00,-8.2130e+00
-3.9752e+00, 3.5798e+00
 6.2247e-01,-3.1019e+00
 6.2185e+00, 3.8918e+00
-1.0564e+01, 9.7611e+00
 9.9806e+00,-1.1873e+01
-1.5131e+01, 8.3178e+00
 7.6470e+00, 2.8690e+00
-4.3468e+00,-1.1245e+01
-1.2678e+01,-6.4025e+00
 1.0959e+01,-1.3596e+01
 6.2250e+00, 7.7814e+00
 5.6688e+00, 6.0968e+00
-7.6102e+00,-1.3793e+01
-8.6575e+00,-1.2117e+01
-1.6399e+01, 6.3449e-01
-6.8178e+00, 3.4213e+00
 7.7617e+00, 5.3743e+00
 9.9775e+00, 6.7229e+00
-3.1820e+00, 6.5586e-01
-1.5608e+01,-3.2172e+00
 8.4658e+00, 9.8392e+00
-9.2610e-01, 9.9857e+00
 5.4599e+00,-4.7876e+00
 3.5768e+00,-1.3913e+01
 6.5045e-02, 8.2120e+00
 4.1047e+00, 3.2714e+00
-7.6722e-01,-1.4745e+01
-5.6188e+00,-4.8871e+00
-5.2527e+00,-1.2508e+01
-1.6174e+01, 6.1671e+00
 3.7937e+00,-9.8062e+00
 3.0184e+00, 1.4949e+01
 1.8065e+00, 1.7403e+01
 5.0852e+00,-2.8646e+00
 1.4652e-01, 1.2538e+01
-7.0559e+00,-8.4913e+00
-1.1045e+01, 7.9451e-01
-1.0246e+00,-4.9758e-01
 1.4677e+01,-7.6062e-01
 3.3804e+00, 9.9521e+00
-5.9247e-01, 1.7370e+01
-1.2157e+01, 4.1304e+00
-1.9387e+00, 1.6700e+00
-2.1057e+00,-5.8814e+00
-7.1870e+00,-6.1181e+00
-4.3499e+00, 5.5782e+00
-8.3944e+00,-9.0754e-02
 1.5725e+01, 6.5156e+00
-6.8638e+00,-2.1540e-01
 1.3429e+01,-8.8019e+00
 1.1754e+01, 4.3214e+00
 5.7326e-01, 9.7188e+00
-4.8901e+00,-7.3538e+00
 6.2669e+00, 1.2031e+01
 5.6323e+00,-1.3005e+01
 3.3546e+00,-3.6882e+00
 1.2676e+01,-5.3761e-01
 1.2092e+01,-6.6742e+00
-2.3459e+00, 1.6982e+01
-1.2837e+01,-1.0930e+01
-8.3474e+00,-1.5124e+01
 9.2166e+00,-6.1792e+00
-3.9854e+00, 7.5278e+00
 1.6400e+00,-1.7308e+01
-3.0810e+00,-1.6890e+01
-5.9317e+00,-1.3867e+01
 3.4524e+00,-5.4503e+00
 1.9130e+00,-1.3912e+01
 1.5645e+01,-6.8722e+00
 1.2373e+00, 6.1223e+00
-8.9402e+00,-3.3685e+00
-1.3670e+01,-4.5528e+00
 7.8433e+00, 1.1914e+01
-2.9494e+00,-1.0343e+01
-1.1712e+01, 2.6355e+00
 5.2112e+00, 1.4756e+01
-1.5623e+01, 1.9324e+00
 1.3747e+01, 6.7450e+00
-8.1230e+00, 1.2131e+01
-5.7196e+00, 1.5466e+01
 9.9070e+00, 1.1113e+01
-1.3926e+01,-1.7619e+00
 1.0592e+00,-1.2384e+01
 1.7045e+01,-3.6461e+00
-7.7983e+00, 8.9264e+00
-8.9417e+00, 7.2067e+00
 3.1140e+00, 1.2115e+01
-5.9544e+00,-1.0060e+01
-2.3655e+00, 3.6128e+00
 7.8168e+00,-1.3289e+01
-1.1204e+01,-1.4613e+00
 1.4877e+01, 4.8526e+00
 1.0077e+01,-2.8773e+00
-4.5001e+00, 1.7603e+00
 6.3485e+00,-1.6162e+01
-4.3359e+00,-3.5835e+00
 1.1369e+01, 1.0364e+01
-7.9374e+00, 1.5375e+01
 4.6498e+00,-6.4222e+00
 2.0229e+00, 1.3731e+01
-1.2304e+01,-1.2369e+01
 9.8911e+00,-1.0165e+01
 1.0286e+01, 9.1778e+00
 8.2880e+00,-3.7355e+00
 9.1346e+00, 1.4805e+01
 1.8656e+00,-4.4712e+00
-2.1496e+00,-7.8302e+00
-1.1519e+01,-9.2510e+00
-4.1284e+00,-1.5588e+01
-4.4527e-01, 6.2752e+00
-4.7162e+00, 9.0522e+00
 3.0998e+00,-1.5966e+01
-1.4513e+01,-2.9215e-01
-1.2892e+01, 1.0549e+00
 3.1094e+00, 5.2469e+00
-3.3914e+00, 1.5512e+01
 5.5867e+00,-9.8684e+00
-1.7437e+01,-1.4018e+00
 1.0038e+00, 7.7415e-01
-1.3834e+01, 5.1956e+00
-1.5235e+01, 3.8590e+00
-5.3561e+00, 4.2033e-01
-3.8102e+00, 1.1987e+01
 1.3832e+01, 1.1129e+00
 2.5586e+00,-1.2069e+01
-2.0214e+00, 1.1660e+01
-1.4796e+01, 6.8345e+00
-3.0445e-01,-6.8245e+00
 1.8186e+00, 1.1002e+01
-1.5833e+01,-6.7702e+00
-1.1258e+00, 1.3617e+01
 7.0111e+00,-8.9662e+00
 1.3471e+01,-5.7864e+00
