0.4215687566
0.2917132587
0.4610236446
0.5641040011
0.8070381959
0.8021528865
0.9003190888
0.2882797931
0.447244705
0.4514626623
0.9439795539
0.7988067654
0.450455287
0.8231331098
0.4015791268
0.3694727651
0.421003139
0.9816199503
0.3342283822
0.5602536362
0.3294756686
0.2973397601
0.4393075368
0.5627443565
0.5964455985
0.6485063234
0.3576938169
0.7956399329
0.9173091415
0.6133644606
0.3341067029
0.2985646762
0.5248395707
0.9866310506
0.6352966127
0.3431034764
0.3645467435
0.3606398093
0.2967279701
0.8185859441
0.313255249
0.2890044578
0.8925126997
0.8091741653
0.8586278023
0.7920572105
0.3691611431
0.2951641624
0.8191566227
0.8120733076
0.3491730935
0.9516154957
0.6917677232
0.4772331951
0.2960840295
0.3066614968
0.2892130374
0.3036900308
0.2892330497
0.2912649793
0.3529478292
0.7336446451
0.3336214445
0.2924601135
0.3271882423
0.3173498044
0.6548657253
0.6496428841
0.618851948
0.339469506
0.7618391832
0.6904305467
0.3801934486
0.3313484685
0.6398565204
0.992267482
0.543798218
0.448446332
0.6300476425
0.3077889873
0.7647527763
0.2954646357
0.7191209332
0.9569914551
0.8778360963
0.3141813844
0.507468574
0.4812415196
0.4649341176
0.2882882294
0.4974863116
0.6163370312
0.6630210079
0.4342193397
0.3556627577
0.2892735994
0.3086138755
0.3636374765
0.5105270017
0.3571108834
0.7121172373
0.5870828438
0.4142821778
0.4628728084
0.7228245417
0.3200690255
0.8601841022
0.55753952
0.33782014
0.4829358321
0.9528442186
0.4510594818
0.4438555879
0.5337304807
0.6537311016
0.4520680069
0.552572446
0.4118859011
0.2881221232
0.3621322293
0.6596260822
0.3421846169
0.3563851729
0.2882256581
0.7362245788
0.3051064157
0.2885957411
0.4577505684
0.4311169307
0.2881084112
0.2887389127
0.6414513741
0.3594551705
0.8265158351
0.3180438826
0.316081166
0.2939333683
0.5973596722
0.2935780149
0.3154090579
0.5638773426
0.6993228841
0.2888170752
0.4865488827
0.8236985536
0.4810300025
0.2881743318
0.9200824694
0.3380723154
0.8419794358
0.2886795392
0.529055454
0.3215234894
0.293843498
0.9036123638
0.9807497045
0.5381970078
0.4657605873
0.3431034764
0.4520680069
0.3096251477
0.3376942674
0.6037602698
0.3003136408
0.4238395832
0.3657661964
0.2888827607
0.3721414681
0.2921908381
0.6859652306
0.373091817
0.4064200761
0.3545137754
0.3099674126
0.7534554543
0.4827238326
0.9226810983
0.293191411
0.7090404037
0.8480830712
0.4091417074
0.3024733522
0.6113063795
0.6202235428
0.2937099822
0.7145293918
0.5467182661
0.9386403287
0.8807667474
0.6734011135
0.2941151714
0.2902314383
0.3091165979
0.3987462898
0.9949224134
0.8904848313
1
0.2880815141
0.9724100643
0.5709126767
0.3313484685
0.4181877287
0.3737278162
0.9329767662
0.7195572805
0.7856365673
0.4728293373
0.2886651343
0.2885182595
0.5308345644
0.2889338652
0.294439939
0.2946292954
0.6868592669
0.2882050928
0.4071436183
0.304428073
0.4593847944
0.2906028567
0.3876913222
0.8126512467
0.2890966399
0.2949184723
0.5255043265
0.2985046558
0.7624644441
0.2887389127
0.2883720603
0.3106596822
0.6587199999
0.3397253947
0.2887238063
0.6019312186
0.5884521277
0.4085955648
0.2885562106
0.325844584
0.3210005674
0.483572189
0.2881528862
0.6101629791
0.8685385507
0.3522413861
0.765375689
0.4595893989
0.416508729
0.5825212599
0.3834970443
0.4456469551
0.9461066892
0.3833307622
0.2880832721
0.2881632575
0.3165659646
0.3782337651
0.7740423308
