0.6025691835
0.4159740301
0.5054244971
0.2870670424
0.2871438846
0.4822757166
0.6123456758
0.7955952634
0.9661072644
0.709993554
0.6904537686
0.9203343235
0.83389862
0.8700210688
0.6314243326
0.4199008234
0.3056188101
0.5139244669
0.3491032727
0.5989318184
0.3345128563
0.3216890122
0.7084673532
0.2864420695
0.6305170263
0.4078826643
0.7622209455
0.2897957213
0.6416189078
0.7622209455
0.9674570087
0.9029646709
0.3822908219
0.515238033
0.3301550815
0.3200972036
0.5128309923
0.8603576212
0.6325582352
0.7451428908
0.3270109181
0.7225623926
0.8849075788
0.8074134433
0.2956898667
0.2880790084
0.5246944633
0.8683754203
0.4856655405
0.2904766204
0.2984618174
0.9936695025
0.3272401311
0.3255355124
0.3361323784
0.7388069562
0.3903918441
0.4726147538
0.9041209985
0.3502201436
0.2864583248
0.2991112536
0.5246944633
0.2865717526
0.2967917671
0.4122729307
0.6880196737
0.3293296328
0.2941254617
0.2891462781
0.2981433512
0.6515590745
0.9244074813
0.3768731696
0.3429822895
0.3033556446
0.3562229596
0.2911385087
0.4200888356
0.3194700855
0.3655010525
0.6057522506
0.354196236
0.4490726129
0.9614332923
0.2888185655
0.4250091664
0.6187098539
0.2927037335
0.3408729469
0.3052985169
0.4319212084
0.4399278409
0.9410269766
0.2869004084
0.3824569505
0.5577139048
0.286633965
0.2948629303
0.7754902435
0.5710273592
0.4267265207
0.3077637733
0.341396949
0.2921129352
0.6675216487
0.89168193
0.535108709
0.3008075288
0.3003221312
0.7165121783
0.7134747049
0.8195335232
0.2880313892
0.9387994072
0.3659622802
0.7665348904
0.3003909774
0.856104931
0.3803062057
0.2895936335
0.97622086
0.3627572493
0.2870972562
0.7618087845
0.2888185655
0.4916323323
0.4961351061
0.9125999752
0.7724501901
0.462471547
0.7154282946
0.4299898744
0.7234239453
0.324195972
0.8680452599
0.3615508406
0.6804722817
0.4474703684
0.3278157538
0.41671881
0.4089749375
0.5823529546
0.4793218605
0.3612505028
0.4709479807
0.3085316152
0.546489107
1
0.5794052829
0.8095173116
0.6271132728
0.3098401622
0.5328866033
0.5411241204
0.3105527234
0.3816274494
0.5161145792
0.4812194394
0.9417227411
0.5375567269
0.2864808718
0.7223468949
0.4559357358
0.3124714892
0.2940740567
0.333528267
0.2866014614
0.3847946737
0.7225623926
0.4767993156
0.7040963469
0.7825303714
0.2871438846
0.9889878941
0.2866975702
0.4456737264
0.3115490889
0.2902914066
0.655615804
0.7950075599
0.3342658467
0.3554961944
0.5744215514
0.4905636858
0.5798586472
0.4918462226
0.3069258812
0.2873106413
0.3395727145
0.3917667931
0.3638194673
0.2864420695
0.2865647622
0.4707399222
0.5511961406
0.3994516982
0.2908208447
0.3890238889
0.2864522072
0.6708794177
0.5545649836
0.2867073552
0.8763563778
0.3444529944
0.2983977904
0.411904931
0.3020928343
0.2991112536
0.4184000541
0.6379970565
0.8184097819
0.7005887268
0.7983299487
0.2965547423
0.9524545167
0.725359855
0.2864467888
0.7855242273
0.6180281302
0.2866512647
0.2908599515
0.908544625
0.6082532951
0.286439972
0.2900040206
0.5757801263
0.3565145756
0.3543401524
0.8512805692
0.4639107678
0.4732408428
0.4510822515
0.3240853172
0.3510634108
0.3152353558
0.2864766771
0.9049842855
0.3230961869
0.3247514953
0.3812964496
0.5545649836
0.3023857007
0.2952441046
0.2864284358
0.6198459582
0.2864852413
0.5509717433
0.6526865553
0.8286112182
0.5169917859
0.6434284867
0.6443329195
0.2896603057
0.5563638343
0.5099930108
