0.7617729668
0.7026910784
0.4240779132
0.3399997142
0.3196280879
0.3150990995
0.4573817694
0.4709727391
0.6374061562
0.6837001586
0.3006085896
0.4865432732
0.5609189643
0.5154928576
0.307915986
0.333326195
0.8402518574
0.3446233528
0.4259821231
0.8544676241
0.6242432946
0.6324173296
0.2875987589
1
0.6094640295
0.5135221046
0.3963039187
0.4622894829
0.3991185318
0.293083525
0.5276068849
0.3751200408
0.5378225898
0.3289070169
0.5028551763
0.2874179759
0.7092542136
0.6879167543
0.3428861806
0.6362728278
0.9780097644
0.6190158533
0.9334696842
0.5819602396
0.3609793909
0.2866269302
0.829387914
0.4088125407
0.3543714131
0.4910200343
0.4446992924
0.4191693564
0.5921798847
0.835578286
0.3201505625
0.9697851744
0.946175277
0.8895250927
0.2888473783
0.5043722635
0.7882987123
0.3102595506
0.3215268545
0.3828124295
0.2866865574
0.5566389988
0.8494388129
0.481879983
0.3126260303
0.2875798966
0.8480395258
0.6998366305
0.2941682381
0.3929968341
0.3167732199
0.2953901254
0.5063262011
0.3226030198
0.379343689
0.7833175898
0.3158813211
0.3738365001
0.3031291585
0.3617296551
0.7599135306
0.64057778
0.3947325934
0.4766153494
0.6385391726
0.489738485
0.7319347149
0.2866461653
0.3272872391
0.8764679825
0.3301999494
0.3739965261
0.9719247621
0.4139534137
0.464964525
0.317677673
0.7538915525
0.7198973428
0.5663355614
0.3008167202
0.4186069849
0.6689722191
0.4553489834
0.2871365
0.5656578996
0.3350500725
0.9970090954
0.9789870472
0.3127191842
0.2866361981
0.5785580791
0.2865938797
0.4804021129
0.6344588816
0.3328388472
0.7059769213
0.9575725546
0.4060901865
0.3025352536
0.3067468703
0.2891078447
0.2880350862
0.2972387598
0.4202966017
0.4238879855
0.2880350862
0.2878598163
0.2914867193
0.2885744404
0.6065068022
0.7081627487
0.8651525281
0.2930361783
0.2866802626
0.8634787457
0.4391610737
0.2937642689
0.2871794879
0.3673792738
0.2940662263
0.8899854477
0.950576223
0.8915140487
0.420484799
0.5731204954
0.7671188962
0.7270078365
0.8144805389
0.8323120508
0.9289715997
0.5071958255
0.3158813211
0.3195240521
0.6235616457
0.2882455676
0.3188000956
0.300677801
0.3183897857
0.3578631239
0.7831175225
0.459421721
0.5519178392
0.3327173718
0.286829749
0.3245781811
0.2892281111
0.7912681689
0.4086303555
0.7064143932
0.4543353117
0.3385818675
0.5946803009
0.5656578996
0.3929968341
0.7183829809
0.2867432077
0.2881975772
0.3052902586
0.6772435482
0.8585771383
0.5431791612
0.3809891454
0.3019518625
0.8199388452
0.8144805389
0.2919080261
0.4523134794
0.4133989742
0.393343126
0.444898239
0.7805109608
0.2866361981
0.3051316567
0.2866225585
0.6989571119
0.631055819
0.9290982991
0.6945510864
0.2905085833
0.3530814397
0.3698748809
0.4738928114
0.648946323
0.2866000003
0.305769962
0.9366371328
0.9242137916
0.2866410943
0.9078605564
0.6841445319
0.2869566588
0.3768972875
0.4014250892
0.5999103277
0.3982360765
0.6541369324
0.2887636759
0.2923912491
0.5894530301
0.8609522401
0.4019598514
0.4734748966
0.7505495998
0.3290238218
0.9768589842
0.3892162909
0.2922131356
0.2866033229
0.2866183617
0.393343126
0.2938141701
0.6394453535
0.8912090576
0.8902918965
0.2865938797
0.2887636759
0.9065781936
0.2998582005
0.5185651625
0.7347085815
0.2954452821
0.6899101392
0.3319915624
0.2866033229
0.5958170699
0.3292578727
0.8060842855
0.2866361981
0.2889040467
0.2865700965
0.4288550789
0.3487204414
