0.3554323042
0.6255240808
0.5865078506
0.8965044249
0.4085982889
0.2903330521
0.8370649221
0.3896846404
0.2874627744
0.4022818332
0.4436742787
0.4172685269
0.2961947217
0.3734541503
0.7458910774
0.4742618086
0.3353982587
0.3078012602
0.3690223343
0.3004025281
0.7544381999
0.3209992747
0.5686386665
0.5352495952
0.6905266244
0.5677361437
0.8305752961
0.7486107726
0.9771005774
0.7091422983
0.9464298746
0.3694926548
0.9706850307
0.6160011737
0.9845412312
0.696687553
0.8354519166
0.6517292312
0.6914083835
0.3265328554
0.31190544
0.4472589465
0.4001446478
0.5880943649
0.6723413462
0.3419634852
0.9131456375
0.6631792624
0.5946705801
0.2891691136
0.3240519981
0.5731550028
0.3859465315
0.3040355892
0.287052418
0.8178621509
0.9168001086
0.7026023084
0.3054684556
0.3122781401
0.5466167913
0.2952105949
0.5998890742
0.8969472073
0.3031095686
0.3077157786
0.7154304596
0.8269270377
0.3145669805
0.3900271025
0.6069244762
0.5625519472
0.483515146
0.2942750998
0.4344356095
0.4847857464
0.3773270338
0.7992130634
0.4732177103
0.3205728279
0.3060398313
0.4120778112
0.3158442435
0.42026757
0.8804880574
0.9706850307
0.3367833558
0.2859158453
0.2877039062
0.4845738378
0.3586598034
0.7321644273
0.6166817189
0.3422283366
0.8779603087
0.4024605956
0.2942750998
0.4208325086
0.3917459295
0.3862841498
0.3122781401
0.3794529328
0.8535275759
0.286178211
0.5363606303
0.3611961824
0.6838969268
0.2884712011
0.576319825
0.631865007
0.3494458882
0.7882610264
0.7884584052
0.3766768596
0.7458910774
0.4736351628
0.3351482691
0.5430426382
0.9027707806
0.9723981713
0.4085982889
0.5010481503
0.3137940333
0.2921271077
0.2878052115
0.4263354118
1
0.2878052115
0.4422870628
0.5092867953
0.5519904348
0.2899504154
0.8212127772
0.8782775173
0.3455853233
0.3351482691
0.5356939155
0.4458619326
0.7587808469
0.3035696492
0.6094209197
0.4046136392
0.3222931356
0.8933816332
0.3260764437
0.4826692209
0.2917621514
0.76718792
0.2863679527
0.5603009779
0.7793129746
0.550869755
0.7334401634
0.2894786717
0.6325439239
0.3314671354
0.2947092632
0.6350324125
0.9145073826
0.3022070295
0.5589513413
0.3068697749
0.2860257566
0.2880432794
0.2918071743
0.3315877526
0.9650787159
0.3663779047
0.4941641151
0.7500715515
0.2873264193
0.8671315583
0.4377565638
0.7416899114
0.8554072249
0.5724771749
0.6707800752
0.2892366988
0.4698871661
0.328032511
0.6874363368
0.4879710949
0.4952363461
0.9613079417
0.4991068704
0.3414354406
0.2958418414
0.6903061018
0.4958802995
0.3217513844
0.4096932953
0.2890690281
0.7078370846
0.3985514776
0.4227215409
0.2860194763
0.3591047295
0.3781423704
0.2905708687
0.297103305
0.6053357851
0.6528541117
0.9725588164
0.2859854575
0.3605960893
0.2859537053
0.3008974346
0.6510540785
0.3263043535
0.5310349554
0.3750596154
0.2941150743
0.3973181585
0.2918977316
0.2859662668
0.4448663783
0.2872175619
0.8704048472
0.2859095642
0.7844986164
0.3143728089
0.2860133705
0.3665324796
0.2911923868
0.3856093583
0.2896566727
0.3789606055
0.2860746011
0.4849977115
0.3049850037
0.3617982947
0.4920235444
0.3167438325
0.2886842046
0.8005673258
0.3457213777
0.514523345
0.5976199398
0.28609815
0.3512739734
0.3453136222
0.2968573359
0.9059096573
0.5164932974
0.2891355794
0.7298211662
0.3328018686
0.9255608117
0.2865175509
0.4713422811
0.2863187777
0.2860526214
0.825643002
0.6361630673
0.3715432769
0.4409037237
