-9.8299e+00,-1.0358e+01
-3.7854e+00, 8.8957e+00
-7.8401e+00, 6.5889e+00
-5.5781e-01, 4.8177e+00
 9.2675e+00, 9.5141e+00
-1.2223e+01, 1.1463e+01
-5.2955e+00, 2.9520e+00
-1.1395e+01, 7.3715e+00
-7.2625e+00,-1.5397e+01
 1.3247e+01, 1.9827e+00
 3.1577e+00, 1.2223e+01
-1.0442e+01,-7.7132e+00
 3.5307e+00, 1.6018e+01
-1.3836e+01,-1.1139e+00
 4.0313e+00,-6.5767e+00
-4.0011e+00,-1.1294e+01
-1.3541e+01,-5.9787e+00
 3.2185e-01,-1.5737e+01
-2.2249e+00,-1.3802e+01
 1.0476e+01,-1.2249e+01
-5.7042e+00,-4.8907e+00
 1.4417e+01,-5.2261e+00
 1.2605e+00, 1.0502e+01
 2.8544e+00,-1.0645e+01
 6.9766e+00, 5.1942e+00
 8.7134e+00, 6.0514e+00
-1.7517e+00,-5.8980e+00
-7.6218e+00, 3.3750e-01
 2.3032e+00,-3.0354e-01
 3.8717e+00, 7.4479e+00
 1.0581e+00, 3.3459e+00
-1.3807e+01, 2.1750e+00
 3.3721e-01,-2.5047e+00
 8.4024e+00,-5.0751e+00
-1.6910e+00,-6.9754e-01
 1.4406e+00,-8.3698e+00
-6.0308e+00, 6.9006e-01
 8.8361e+00, 2.9092e+00
 7.9649e-02, 8.6595e+00
 1.1048e+01, 1.0435e+01
-1.3288e+01, 8.1778e+00
 3.7436e+00,-1.1902e+01
 6.2800e+00,-1.1796e+01
-4.9085e-01, 1.0256e+01
 2.8098e+00, 8.5231e+00
 3.5664e+00,-1.4216e+01
-4.2941e+00,-6.4689e-01
-8.0511e+00,-4.0097e+00
 4.4862e+00, 9.1477e+00
 1.2675e+01,-1.1155e+01
-1.5094e+01, 1.3982e+00
-1.0404e+01,-9.5730e-02
 1.0612e+00,-1.3585e+01
 1.5458e+01, 4.1527e+00
-1.5137e+01, 8.0180e+00
 6.3160e+00,-1.5058e+00
-3.5296e+00, 2.4370e+00
 7.9673e+00,-2.8705e+00
-1.3522e+01,-8.2064e+00
 9.6488e+00, 1.2354e+01
-7.0882e+00, 8.2440e+00
-4.0118e+00,-1.5850e+01
 1.0019e+01, 1.2643e+00
 4.8438e+00,-2.5858e-01
-5.4320e+00,-1.4972e+01
-1.1165e+01,-1.1067e+01
 8.2778e+00, 2.0209e-01
 5.2876e+00, 3.5164e+00
-1.5402e+01,-1.4369e+00
 1.1487e+01, 7.3756e+00
-9.6354e+00, 2.2547e+00
-9.7561e+00, 4.1289e+00
 7.2027e+00,-9.4520e+00
-1.5242e+01,-6.0558e+00
-1.2680e+01, 1.9436e-02
 1.1655e+01,-2.4349e+00
-8.0723e+00,-1.1170e+01
-1.4303e+00, 6.6797e+00
-9.1707e+00, 7.8155e+00
-4.4890e-01, 1.5356e+01
 1.5898e+01,-5.9487e-01
 1.2085e+01, 5.3372e+00
-2.7105e+00, 1.5274e+01
 9.4164e+00,-8.9602e+00
-4.5628e+00,-2.3105e+00
-1.0182e+00, 2.3796e+00
-1.1531e+01,-9.2140e+00
-1.6176e+01, 6.6671e+00
-3.8682e+00, 1.6639e+01
 7.5678e-02, 1.1915e+01
 3.6764e+00, 1.3848e+01
-1.1708e+00,-7.8147e+00
 5.8450e+00,-7.8397e+00
 1.2903e+01,-7.0511e+00
 2.9652e+00,-4.3066e+00
-1.2728e+01, 3.8475e+00
 1.3275e+01,-9.7654e+00
-1.2253e+01,-4.0931e+00
-6.0613e+00, 1.2134e+01
 8.7457e+00,-1.0492e+01
 7.1833e+00, 1.3929e+01
 1.0976e+01,-8.3935e+00
 1.3727e+00, 5.6456e+00
 1.7414e+01,-9.9570e-02
 6.5228e+00, 8.9833e+00
-5.2611e+00,-1.3137e+01
-6.7385e+00, 5.5361e+00
 1.5741e+01,-6.3758e+00
-2.1393e+00,-1.0129e+01
-6.6310e+00,-6.7753e+00
-7.1374e+00,-1.2544e+01
-3.6044e+00, 6.0076e+00
 4.9545e+00, 5.0314e+00
-3.5269e+00, 1.3440e+01
 6.3513e+00,-4.4264e+00
-2.0005e+00, 1.1921e+01
-1.3915e+01, 5.1637e+00
-5.0973e+00, 9.6861e+00
 1.3783e+00,-4.4217e+00
 1.9826e+00, 1.6249e+00
 5.6713e+00, 1.2006e+01
 9.4727e+00,-6.7180e+00
 2.0876e+00, 1.5464e+01
 1.6447e+01,-2.6694e+00
 9.6364e+00, 1.4131e+01
-8.6792e+00, 9.5169e+00
-2.8944e-01, 4.2512e-01
 6.5505e+00,-1.5704e+01
-6.6922e-01,-1.2528e+01
 1.1501e+01, 6.8140e-01
-1.0564e+01,-1.8812e+00
-1.6420e+01, 3.3413e+00
 6.4348e+00, 3.9338e-01
-3.4696e+00,-3.8202e+00
 1.4533e+01,-1.7748e+00
-1.4417e+01,-3.4145e+00
 1.0648e+01, 3.1572e+00
 7.0206e+00, 1.0458e+01
 2.4735e+00,-7.0601e+00
-8.7492e+00,-1.3276e+01
 3.5834e+00,-9.1975e+00
 1.3342e+01,-8.6179e-02
 1.1128e+01,-1.0455e+01
 4.4858e+00, 2.0922e+00
-1.0839e+01, 1.0566e+01
 1.0683e+01,-5.3002e+00
-1.2706e+01,-1.0644e+01
 2.3078e+00, 7.0556e+00
 7.2159e-01,-1.7243e+01
 1.0152e+01,-3.3594e+00
-7.0117e+00,-1.0785e+00
 1.0823e+01,-8.1668e-01
-3.9633e+00,-6.7983e+00
-9.0558e+00, 1.4218e+01
-2.0798e+00, 9.3408e+00
 5.3861e+00, 1.4043e+01
 1.6347e+01, 2.2031e+00
-4.9276e+00,-8.0452e+00
-3.9592e-01,-4.2971e+00
 1.4659e+01, 6.6497e+00
-1.0029e+01,-3.4744e+00
-5.4385e+00, 1.4886e+01
-1.7099e+01,-3.0512e+00
-6.8983e+00, 1.5568e+01
-1.3529e+01, 9.6618e+00
-7.8751e+00, 1.2754e+01
-2.4926e+00, 1.2016e+00
-8.4562e+00, 1.1280e+01
-6.5853e+00,-9.6059e+00
 7.4533e+00, 1.9954e+00
 1.3880e+01, 1.0118e+01
-3.2088e+00, 4.4388e+00
-8.4158e+00,-9.3864e+00
-7.3718e+00, 2.4250e+00
 5.0082e+00,-2.8004e+00
-8.5405e+00,-5.9347e+00
-8.6548e+00,-1.9868e+00
 6.8793e+00, 1.5471e+01
 1.3237e+00,-1.2004e+01
 1.2387e+01, 8.7214e+00
 5.3253e+00, 6.9346e+00
-8.8072e+00,-7.7706e+00
 5.2472e+00,-1.0432e+01
-1.5682e+00,-2.4071e+00
-1.0179e+01, 5.5741e+00
 1.4315e+01,-3.5233e+00
 3.7308e+00,-1.5905e+01
-5.3703e+00, 6.7620e+00
 8.5948e+00, 8.0150e+00
-6.6298e+00, 1.3787e+01
-1.2914e+01,-2.3862e+00
 5.4195e+00, 1.6055e+01
-7.2842e+00, 4.0354e+00
-1.1904e+01,-6.0271e+00
-5.9128e+00,-1.1448e+01
-1.4284e+01,-9.8708e+00
-5.1450e+00, 1.3326e+01
 1.2690e+00, 1.3822e+01
-1.0790e+01,-1.2714e+01
 2.1086e+00,-1.6117e+01
-5.9201e-01,-9.8940e+00
-3.1908e+00,-8.5878e+00
 1.7492e+00,-1.7704e+00
-2.3292e+00, 1.7333e+01
 1.3774e+01, 3.7956e+00
-1.6785e+01,-4.6464e+00
 8.9996e+00,-1.3333e+01
 9.1232e+00,-1.7561e+00
 1.5150e+01, 1.1014e+00
-3.3875e+00, 1.0617e+01
-1.2451e+01, 6.1163e+00
 1.4329e+01,-8.1757e+00
 1.2342e+01,-5.3795e+00
 1.6137e+01,-4.1979e+00
 1.2028e+01,-1.2671e+01
-2.7579e+00,-1.2185e+01
-1.0634e+01, 1.3430e+01
 3.7653e+00, 3.9671e+00
-9.0180e+00,-1.4984e+01
-6.1518e+00,-3.3315e+00
 5.8488e+00,-1.4363e+01
-1.5665e+01,-7.5072e+00
 4.8243e+00,-1.3211e+01
 1.2146e+01, 1.1548e+01
-1.0324e+01, 8.9496e+00
-1.6770e+01,-3.6669e-01
-6.5099e-01, 1.3842e+01
-3.1310e+00,-1.7066e+01
-1.0465e+01,-5.4466e+00
-2.2646e+00,-1.5689e+01
 8.0140e+00, 1.1798e+01
 4.6737e+00, 1.0843e+01
-1.4916e+01, 3.8659e+00
 7.7360e-01, 1.6958e+01
 4.5358e-01,-6.7167e+00
 1.3014e+01, 6.7445e+00
 1.0300e+01, 4.9980e+00
 9.5942e-01,-9.9922e+00
-1.7311e+01, 1.0558e+00
-8.1302e-01,-1.4379e+01
-4.0179e+00,-1.3977e+01
 1.4124e+01, 8.2837e+00
-4.4335e+00, 9.9372e-01
 8.0566e+00,-7.9995e+00
 7.9645e+00,-1.4865e+01
 5.4828e+00,-5.8170e+00
 6.8901e+00,-1.3240e+01
 3.7983e+00,-1.5461e+00
 1.1500e+01, 1.2965e+01
 9.8505e+00, 7.1248e+00
-9.9020e-01,-1.7240e+01
 2.3146e+00, 1.7312e+01
-3.2052e+00,-5.3546e+00
 7.2674e+00,-6.1075e+00
 1.0823e+01, 8.9514e+00
-4.2038e+00, 1.1924e+01
