0.490721591
0.8836813144
0.3737807485
0.9041457686
0.3089483427
0.7726910797
0.7642881492
0.4011681635
0.3343175138
0.9654681427
0.288823269
0.300469273
0.2926334951
0.3259534152
0.8050695549
0.4063700383
0.9919273593
0.4892264755
0.6210837178
0.3264048466
0.3123323413
0.3060364403
0.5894394963
0.7712633864
0.2878143813
0.54401926
0.4601475966
0.4332071438
0.2876765698
0.6005909843
0.7767540871
0.2876931855
0.7813965264
0.3017920639
0.4879471023
0.7226602961
0.6926859341
0.9558933185
0.3045388534
0.5399951301
0.342348441
0.3781383825
0.4175846853
0.7089662282
0.2929040499
0.2871947386
0.445203847
0.8358018361
0.7862058154
0.305716275
0.8042958986
0.7775637931
0.6156205861
0.5408885565
0.286976645
0.7747255853
0.5846653259
0.6600655364
0.6058285175
0.2890090714
0.4258925904
0.4120240547
0.3048492453
0.8201190561
0.9534766733
0.3211465332
0.321891658
0.5812578125
0.4875210908
0.3717136453
0.8023569596
0.2872822391
0.3389660216
0.2871273566
0.3059561553
0.375868089
0.2898373109
0.9310375537
0.290406413
0.2873940504
0.8195557218
0.2926781596
0.376191001
0.678458508
0.3814214147
0.4926478016
0.3771625729
0.6904712992
0.3188534927
0.2958914395
0.3930964747
0.6679362194
0.8592102556
0.4392657308
0.6131159273
0.2871364579
0.441632297
0.8852541157
0.3088624059
0.4357380523
0.9524086179
0.3184445664
0.7450916547
0.385421787
0.28836189
0.3179368812
0.4654920725
0.5103874997
0.3314075405
0.4359333275
0.3492549265
0.3613889572
0.3322476421
0.2872155646
0.3147795918
0.411656426
0.7150726053
0.4129448263
0.4446068023
0.3195750425
0.902980026
0.2981275695
0.3406453872
0.4001026986
0.319264884
0.962614057
0.603778936
0.5006113468
0.9939459771
0.393789412
0.5962654608
0.3036233745
0.2916129873
0.3648702581
0.9291349097
0.3560755589
0.2871551852
0.3723475089
0.4328190462
0.8836813144
0.7482522453
0.3249464467
0.3402557323
0.4462004926
0.7297656893
0.5308666008
0.4049264889
0.5014764265
0.9131141893
0.2872593149
0.317332763
0.2880023465
0.8155940892
0.4412370583
0.6258613548
0.7021701822
0.8814643996
0.287505321
0.9559971259
0.6110664475
0.6112941746
0.6818041103
0.3005374018
0.4483999651
0.3320068845
0.8900726497
0.3280036257
0.2957804935
0.665690296
0.9198262285
0.693349683
0.3884647702
0.28836189
0.7607757264
0.2869395316
0.8755219428
0.5060308074
0.597403615
0.4450047533
0.9942900554
0.6435709577
0.2873179365
0.5796684936
0.5762648444
0.9759921507
0.7714675201
0.8142664839
0.4065509353
0.819179801
0.4826383226
0.6724207777
0.4733849906
0.7879999203
0.2874908007
0.5284270694
0.8931351352
0.3529115052
0.7017305007
0.3045388534
0.2873058625
0.308605559
0.2869820718
0.2925890019
0.6229041083
0.7030491074
0.7006306633
0.5317547481
0.2903023527
0.2907279188
0.6285899917
0.4870953039
0.2869088941
0.4516157652
0.5317547481
0.2870387886
0.4788386084
0.334687121
0.3992176739
0.4654920725
0.3422166
0.5803495599
0.6078781596
0.4534331339
0.2897106712
0.287184588
0.3214649583
0.8590396197
0.8429906547
0.2868952382
0.3171326299
0.2875961103
0.2872593149
1
0.4045666127
0.5355353885
0.6483254818
0.2871648112
0.2871273566
0.4281887899
0.3509313492
0.5547934857
0.5948998359
0.2869048674
0.4644606761
0.3193681164
0.4853944199
0.3363036937
0.383413395
0.2874073478
0.7059015282
0.3354302194
0.613799049
0.3630455954
0.3621400726
0.2869435581
0.2931342167
