0.3730456092
0.8024975206
0.4065031213
0.6861676695
0.9163135415
0.543136428
0.5161512882
0.5813859152
0.4108773514
0.9913070248
0.5333465239
0.4819205742
0.9094824452
0.3076424894
0.9138821617
0.299230385
0.3387478524
0.3627704103
0.8550330676
0.300051869
0.3278381688
0.6914640136
0.4831884695
0.3679973074
0.2951402841
0.2922440537
0.3102756761
0.2996381523
0.288869177
0.5462630708
0.3998719548
0.2874886588
0.2914701598
0.297532377
0.8898546392
0.9583038549
0.7368698275
0.3683091992
0.7933783803
0.290421724
0.4600909127
0.6897006515
0.9686930823
0.2921971678
0.8457084873
0.5952093444
0.5590430502
0.3882266766
0.3913080772
0.3267988644
0.7696499463
0.2922440537
0.6535979677
0.3550574099
0.5651209552
0.423189195
0.2894449738
0.4658425743
0.8146698866
0.5300229132
0.3514734758
0.2858477482
0.6228827292
0.452978127
0.2859775156
0.7827210938
0.291165826
0.290303101
0.3089411771
0.3279543829
0.6380454476
0.4699828844
0.339264645
0.8877225867
0.7943555475
0.2997753973
0.3409596343
0.4674955633
0.9899969547
0.7878758884
0.5024410436
0.3749702868
0.3016195718
0.326226637
0.3131462766
0.7870856578
0.4672887094
0.9795894214
0.572340827
0.3417498521
0.4884932848
0.3486657114
0.2910804109
0.2858414686
0.3291245911
0.6276400242
0.6980572385
0.2870652136
0.8065232948
0.3932084255
0.4043373398
0.4449593322
0.296725573
0.4192279631
0.8161709438
0.4132700675
0.4041575084
0.884645985
0.2891339401
0.6830696769
0.3765871458
0.805567553
0.3110934838
0.4277646797
0.506557279
0.3497824311
0.2903820116
0.8321897423
0.3520413924
0.374487521
0.3351933401
0.5590430502
0.4955475439
0.8061412073
0.6547217146
0.6549464048
0.8051847688
0.2858937972
0.2887409326
0.2881411359
0.3136234026
0.5069915332
0.6040571024
0.3544784887
0.679077815
0.4201674742
0.3450957639
0.2893746504
0.2985640203
0.9177838815
0.2905822871
0.5119982283
0.2914261713
0.3681531924
0.5096008231
0.3777259021
0.7319900464
0.9595589707
0.8269131759
0.6065530231
0.5280323877
0.7368698275
0.5009288148
0.9028429388
0.8726292372
0.906823667
0.5554481945
0.3259987815
0.3102756761
0.9521751434
0.7104939862
0.4413909543
0.2934202912
0.8505731456
0.5124346794
0.4791806511
0.7364465131
0.3620138643
0.5682776315
0.9705364899
0.2912087898
0.5757303943
0.7159084374
0.3788703478
0.6317145146
0.3041982844
0.970371083
0.6463949577
0.5662479587
0.6169884084
1
0.4974812231
0.6932252361
0.3003309806
0.6095026603
0.3190234079
0.6199360799
0.4712300207
0.4564219954
0.6674947451
0.3110934838
0.507643253
0.2912087898
0.2859225764
0.3853491378
0.6312619569
0.2858855992
0.4970511642
0.2864064319
0.7505180103
0.6648118269
0.3420143643
0.6158544596
0.326226637
0.3194412403
0.288198006
0.3633779005
0.4617287978
0.545816086
0.3022838057
0.3169709616
0.5507385534
0.7575686177
0.5768609077
0.3224340778
0.2880571274
0.4431719616
0.7353873753
0.3286547498
0.7521826087
0.3037295304
0.4785497763
0.3581307102
0.2858746104
0.2859640864
0.3461844811
0.6883767499
0.5141821747
0.6439148464
0.8667605042
0.9094824452
0.3885673074
0.2859844917
0.2858937972
0.2859122858
0.660781103
0.4386333328
0.4182907497
0.4164232692
0.2862155409
0.4306499274
0.5997461976
0.4160508917
0.2861398689
0.2874176363
0.3973993621
0.3074720471
0.6095026603
0.3409596343
0.8900062458
0.8624528364
0.2997066922
0.3266841234
0.9692853282
0.8584257621
0.3256581095
