0.8964219663
0.4334304152
0.7113991111
0.3347629252
0.2874514076
0.4860748871
0.79273155
0.3643064653
0.3253710418
0.4071239644
0.3623385019
0.363850425
0.8555706315
0.2949923524
0.9355528954
0.2899586539
0.8446937952
0.3168410523
0.2941827219
0.4179871774
0.363850425
0.597979427
0.9651726153
0.5870488815
0.331488024
0.304218856
0.2957364899
0.3006229923
0.2893423373
0.2986019749
0.3791563669
0.3043712558
0.3154692953
0.3491750786
0.4476301266
0.2988537254
0.8716199826
0.3653749594
0.3765535956
0.4163083528
0.7373181075
0.2926945861
0.6068683622
0.6203155071
0.4620267831
0.4571189635
0.4937663013
0.7032869337
0.5998024495
0.508042776
0.3326885948
0.3567098342
0.2885070554
0.3073909002
0.4336246938
0.3744611456
0.6052726841
0.3299491656
0.9384828354
0.7958904845
0.424017557
0.6369271434
0.8652916612
0.9038503702
0.3358779986
0.597979427
0.4011989196
0.3078891259
0.5443195922
0.3147949155
0.4170535506
0.3131892123
0.8305776588
0.4293704704
0.9872431475
0.2908633821
0.3371306006
0.7146726649
0.584319083
0.7608868852
0.2960655838
0.9936809661
0.395910523
0.9685233886
0.3299491656
0.463260082
0.4071239644
0.300086087
0.7793249901
0.5968401758
0.3009639645
0.4839513186
0.729179586
0.2956281478
0.7413615436
0.3417575679
0.2876843675
0.6480444155
0.498500907
0.3689287412
0.563000532
0.8270684479
0.5454399995
0.7358240149
0.556905749
0.4761456579
0.5423046609
0.6439644765
0.3723889198
0.3350097117
0.5618707184
0.6348818067
0.2973835077
0.4826799684
0.6450982887
0.5784098226
0.365834765
0.9406418778
0.8642812157
0.8035190262
0.7347553751
0.3398074263
0.8188387771
0.5342695311
0.5596126285
0.411869359
1
0.3212443483
0.4788787457
0.5804544405
0.2874715535
0.2873531233
0.2965706512
0.5777285115
0.8706289964
0.2876195661
0.4326541565
0.5028264774
0.3514103058
0.3017992268
0.4528588091
0.3022258015
0.4780366877
0.8327799376
0.2905477885
0.4575263752
0.3612877092
0.3062510535
0.4054970441
0.4561017044
0.2875475776
0.7306838349
0.890313093
0.7281037574
0.955559543
0.8734287201
0.9390858804
0.5311561161
0.4003109562
0.2885726582
0.3146992032
0.298727515
0.2888995408
0.7512860465
0.7138005993
0.7483416533
0.8765281654
0.4839513186
0.7263800901
0.2896556224
0.2879050026
0.4899116489
0.9409985048
0.3266062636
0.4013768242
0.3276303515
0.3021542923
0.7052649291
0.4680105887
0.3182433271
0.3121745523
0.5203146864
0.5205350235
0.378502854
0.6016256996
0.3635470285
0.2934167564
0.8135283055
0.989195229
0.7052649291
0.907044737
0.6882501951
0.3987192039
0.6223657032
0.5373894591
0.2929155522
0.2949404738
0.6808992867
0.2877115125
0.2878577289
0.7873631262
0.2873694173
0.3791563669
0.2871717644
0.3482080269
0.3053778101
0.2893423373
0.8477070028
0.697335372
0.2872050605
0.4163083528
0.9570223729
0.8791137502
0.3565642343
0.3011015162
0.2878423205
0.4238276831
0.3794838247
0.2889490247
0.8873603679
0.411869359
0.9566065319
0.2872586817
0.2894538274
0.8755527908
0.4264941353
0.344674599
0.5959288611
0.6676810633
0.5013102692
0.3396785421
0.9448605309
0.4274506983
0.3433403435
0.3154692953
0.3430751555
0.2884430218
0.5968401758
0.6575430098
0.2967995208
0.287739357
0.5132855961
0.6462317254
0.2871796504
0.6629554723
0.2879538491
0.629650957
0.6239599737
0.3204035702
0.8158111139
0.3366278426
0.4434451717
0.4204255894
0.3608392828
0.2875591383
0.5245078062
