-4.0105e+00, 5.6561e+00
 1.9926e+00,-5.8540e+00
-3.2162e+00,-1.4282e+01
-4.9686e+00, 3.3967e+00
 2.9146e+00,-1.4009e+01
 1.3901e+01, 5.8825e+00
-7.1470e+00, 7.9811e-01
 8.7573e+00, 8.6228e+00
-1.1492e+01,-1.0712e+01
 5.6901e+00, 1.2879e+01
-1.0147e+01, 1.0296e+01
 7.4069e+00,-6.4711e+00
-1.4348e+01,-3.8771e+00
 8.0163e+00, 1.4452e+01
-6.8195e+00, 1.0304e+01
-2.0529e+00, 7.0124e+00
 1.2291e+01, 9.7578e+00
-9.8643e+00, 5.7690e+00
 1.0268e+01,-1.0285e+01
-3.4449e+00,-7.6763e+00
-4.7864e+00,-1.5019e+01
-1.0987e+01, 7.3389e+00
 1.0049e+01, 1.1692e+01
-9.2986e+00,-6.2266e+00
 1.4327e-01,-7.0615e+00
 2.3992e+00, 3.4764e+00
 1.2630e+01,-2.5272e+00
-8.8449e-01, 9.3312e+00
 1.4124e+00, 7.6455e+00
 9.0548e+00, 3.9518e+00
-1.1472e+01, 1.2587e+01
 1.4322e+00,-8.2683e+00
-1.4509e+01,-8.4576e+00
 1.1922e+01,-7.6549e+00
 3.7286e+00, 1.6245e+01
-1.8450e+00, 5.1224e-01
-8.3821e-01, 1.7258e+01
 1.0701e+01, 1.3583e+01
-7.2811e+00,-1.3429e+01
 9.8921e+00, 6.4602e+00
 6.4999e+00, 9.4328e+00
-2.4315e+00, 1.3355e+01
 2.4706e+00, 1.3604e+01
-9.0274e+00, 2.0062e+00
 1.1143e+01, 3.1106e-01
 1.2993e+01, 5.5654e-01
-6.8874e+00,-1.1122e+01
 8.3883e+00, 1.6443e+00
-1.5851e+01, 4.5797e+00
 6.0470e+00,-8.5794e+00
 3.0965e+00,-1.8340e+00
 1.0496e+01, 1.0007e+01
 6.9953e+00, 5.3598e+00
-8.3617e+00,-1.0527e+01
-9.1651e+00,-2.1051e+00
 5.1818e+00, 1.0951e+01
-1.2921e+01, 5.5301e+00
-1.5604e+01,-4.8444e+00
-9.2334e+00, 4.2904e+00
-7.8896e-01, 5.0217e+00
 6.8903e+00,-1.0476e+01
 7.8549e+00,-3.4216e+00
 3.6122e+00,-1.5444e+01
-1.3330e+01,-6.2836e+00
-1.3929e+01, 8.7166e+00
-1.0856e+01,-7.5748e+00
-1.3873e+01, 1.0347e+01
-1.6464e+01, 2.0077e+00
 3.9581e+00,-1.0521e+01
-1.4083e+01, 3.9299e+00
-1.5956e+01,-1.8820e+00
-7.8007e+00, 3.7828e+00
 2.0692e+00,-1.2217e+01
-8.5477e+00, 1.4121e+01
 2.0652e+00,-1.0495e+01
-4.1786e+00, 1.5360e+01
 8.6253e-02, 1.4650e+01
-7.5429e+00,-4.0295e+00
 4.0862e+00, 6.7441e+00
 6.8474e+00, 3.5305e+00
 6.6833e+00, 1.1561e+01
-1.0991e+01, 4.6567e+00
-6.1688e+00,-9.5727e+00
-6.5672e+00, 1.5339e+01
-2.4162e+00,-9.9110e+00
-1.1930e+01, 1.0755e+01
-7.7098e+00,-8.0043e+00
 1.4621e+01,-6.1858e+00
-5.3544e+00,-6.0607e+00
-1.2666e+01,-8.3112e+00
-6.3114e-01,-2.4917e+00
-1.0636e+01,-9.1259e+00
 1.4679e+00,-3.9079e+00
 1.4744e+01, 1.7796e+00
-3.5925e+00,-4.7190e+00
 9.2973e+00,-1.4549e+01
 4.1151e+00, 2.3582e+00
 3.9188e+00,-7.5135e+00
 9.1957e+00,-8.0245e+00
-1.2382e+01, 1.8065e+00
-6.7106e+00,-1.5388e+01
-1.4377e+00,-1.3434e+01
-8.7894e+00, 1.1213e+01
-1.4742e+00, 2.8559e+00
 5.0976e+00,-3.9181e+00
 5.7516e+00,-2.5128e+00
 1.1568e+01,-4.7977e+00
 4.7548e+00, 9.4192e+00
 1.1672e+01,-1.1738e+01
 1.5294e+01, 8.3706e+00
-1.5104e+01, 9.9773e-01
 3.8047e+00, 5.9447e-01
 1.7079e-01, 4.2887e-01
 8.5062e+00,-1.0724e+01
-2.5132e+00, 5.3509e+00
 1.6845e+01,-2.8889e+00
 1.1422e+01,-1.4222e+00
-4.9085e+00,-2.8145e+00
 2.2268e+00, 1.1665e+01
-7.1661e+00,-6.1772e+00
-1.1067e+01,-1.2156e+01
 1.2232e+01,-9.1300e+00
-3.5013e+00,-1.1406e+01
-2.8752e+00, 1.1826e+01
-1.3525e+00,-1.6378e+01
 1.2502e+01, 1.1777e+01
-4.4523e+00, 4.4218e-01
 1.1787e+01, 5.8341e+00
-1.1350e+00,-1.0632e+00
 7.9181e+00, 1.0089e+01
-3.5662e+00,-1.6457e+01
-2.5366e+00,-2.4505e+00
-4.9244e+00, 1.0593e+01
 1.4323e+01,-1.8496e+00
 3.2138e+00, 8.6933e+00
 9.3647e+00,-2.2961e+00
-5.2418e+00,-4.3898e+00
 1.5896e+01, 3.0820e+00
-2.7730e-02,-1.1064e+01
-2.0287e-01,-1.4578e+01
-1.1718e+01,-4.1045e+00
-2.6462e+00, 9.4854e+00
 1.4199e+01, 4.2206e+00
-9.1357e+00, 4.5273e-01
-6.5203e+00,-1.9868e+00
-1.8882e-01, 1.1536e+01
 7.3981e+00,-1.4430e+01
-5.1512e+00, 1.3953e+01
 9.6019e+00,-5.0362e+00
 5.7030e+00,-1.4338e+01
 2.1328e+00, 5.7857e+00
 1.0610e+01, 2.8822e+00
 3.7937e-01, 6.1328e+00
 5.2120e+00,-6.3980e+00
 1.7241e+01, 1.8540e+00
 6.0858e+00, 1.4607e+01
 1.5487e+01, 3.5544e-01
-7.6401e+00, 7.0953e+00
-8.7514e+00,-1.4009e+01
-1.0685e+01, 2.7281e+00
 8.4652e+00,-1.0076e+00
 1.4381e+01,-7.9495e+00
-1.1674e+01,-2.2595e+00
-1.3389e+01,-9.6949e+00
-1.6854e+00,-1.1474e+01
-6.9608e-01,-8.9518e+00
-7.6031e+00,-8.4791e-01
-1.5783e+01,-6.9006e+00
-3.7865e+00,-9.1687e+00
 6.1745e+00,-9.6525e-01
 1.5818e+01,-5.0780e+00
-6.2888e+00, 4.2069e+00
-7.6442e+00, 8.8274e+00
-1.4265e+01,-6.7731e-01
-1.2595e+01, 2.4161e-01
-5.0802e+00, 1.6655e+01
 5.5897e+00, 6.7584e+00
 7.7960e+00,-1.2893e+01
 7.8964e+00,-4.9499e+00
-9.2332e+00, 7.4602e+00
 1.3679e+01,-4.3534e+00
 6.7788e-01,-1.6846e+01
-1.2941e+01,-1.1770e+01
 1.2472e+01, 4.4770e+00
-6.4112e+00, 1.2217e+01
 4.0824e+00, 1.3245e+01
 4.9024e+00, 5.3838e+00
-1.1054e+01,-3.8399e-01
 1.4060e+01,-9.6467e+00
-6.0336e+00,-1.2378e+01
-1.7478e+01,-2.3044e-01
 1.6775e+00,-1.5460e+01
-2.0661e+00,-5.6212e+00
 9.8743e+00,-1.2857e+01
-1.6299e+00, 1.0777e+01
-1.0958e+01,-5.9668e+00
 4.2808e+00,-1.2480e+01
-6.0182e+00, 2.0405e+00
-5.6764e+00, 6.5231e+00
-1.5112e+01, 6.6878e+00
 8.3607e-01, 1.6862e+01
 1.7499e+00, 1.0225e+01
 4.7504e-01, 4.0653e+00
 5.4603e+00, 1.0001e+00
 1.3035e+00,-1.7512e+00
 1.0858e+01,-2.9417e+00
-1.2084e+01, 8.3828e+00
 1.7202e+00, 1.6696e+00
 1.5883e+01,-7.3139e+00
-1.6513e-02, 2.4636e+00
-9.6108e+00,-4.4884e+00
-2.2669e+00, 1.5525e+01
 3.4837e+00,-4.6722e+00
 1.3516e+01, 7.9044e+00
 8.6305e+00, 1.2562e+01
 1.0768e+01,-6.2433e+00
 3.3780e+00, 4.6805e+00
-8.8575e+00,-1.2453e+01
-1.6822e-01, 7.6444e+00
-1.0477e+00,-4.4498e+00
 6.0609e+00, 1.6258e+01
-8.1609e+00, 5.4570e+00
-6.0491e+00, 8.4011e+00
-4.2956e+00, 8.4896e+00
 3.5325e+00, 1.0838e+01
 1.5766e+01,-1.2932e+00
-2.7113e+00, 1.8915e+00
-3.3133e+00,-1.1247e+00
-3.4608e+00, 3.5522e+00
 1.7570e-01, 1.3039e+01
 4.4939e+00,-1.0608e+00
 1.3001e+01,-9.5269e-01
 1.5731e+01, 5.8896e+00
-9.6660e+00, 1.2761e+01
-1.6448e+01,-3.4738e+00
 1.8367e+00, 1.3331e-01
 1.0587e+01,-8.6895e+00
-1.2401e+01, 3.8934e+00
-6.1541e+00,-7.6446e+00
 4.5867e+00,-1.6869e+01
-4.8460e+00,-1.2616e+00
 1.1133e+01, 7.6478e+00
 7.2141e+00, 7.8432e+00
 5.1772e+00, 3.8681e+00
-4.6780e+00,-1.3037e+01
 1.2499e+01, 2.0028e+00
 1.7178e+01,-3.4197e-01
 3.2835e+00,-8.8725e+00
 7.1658e+00, 7.7078e-01
 1.6874e+01, 4.4697e+00
 1.0023e+01, 1.3319e+00
-4.3995e+00, 1.2457e+01
 2.5479e+00,-1.7255e+01
 1.3944e+00,-1.3765e+01
 4.5781e-01,-5.5652e+00
-1.4265e+01, 2.2728e+00
