0.6032726893
0.6738476642
0.8478292153
0.3088003931
0.4680360532
0.4178446755
0.3029852877
0.316815485
0.2906956145
0.5219883344
0.5697592218
0.3043825237
0.3014219466
0.3310905261
0.4869207174
0.7501807253
0.9891667553
0.2864295239
0.3876499103
0.3511299441
0.2884735529
0.6548338267
0.4926770551
0.2858254717
0.3864636897
0.2892900125
0.3945308038
0.4793086594
0.4732322911
0.5842289939
0.2913760783
0.7478861589
0.4694869709
0.2918235635
0.854032886
0.3915853059
0.3624051116
0.5799282429
0.8282327785
0.3047001628
0.2871212126
0.8019746505
0.3662276825
0.3495822745
0.7207427071
0.3224877136
0.2921002346
0.3289503587
0.7723541732
0.3274341166
0.5058192788
0.3776609752
0.3789691507
0.3440911234
0.3326654133
0.2859649769
0.7258909707
0.6189227992
0.2869347208
0.5437125014
0.3051008534
0.4694869709
1
0.5840025514
0.4561404198
0.8581093937
0.5071215445
0.2953738452
0.3145352812
0.5531091508
0.9368324194
0.4216029565
0.3191771467
0.452698373
0.286799395
0.8995087275
0.2897201332
0.7361082322
0.5450521029
0.9239023618
0.287610998
0.3129027269
0.6680500748
0.6449315359
0.3367719838
0.8404592009
0.5239698102
0.8851120266
0.6082636359
0.5106021212
0.423875357
0.3365186934
0.2929669827
0.3249249129
0.7439079221
0.4423035724
0.9939116087
0.5301531106
0.2865872153
0.9214451091
0.311963512
0.7472592632
0.7821883202
0.3351357241
0.3792973496
0.2861009705
0.7559922093
0.4223589843
0.4937472943
0.8679251132
0.5248514274
0.3554318597
0.4943900603
0.4206599589
0.378641413
0.9344551568
0.3309703926
0.2884431362
0.6091710451
0.4591946881
0.3915853059
0.7233200396
0.5123465976
0.3439566233
0.8818509603
0.4039083381
0.4148646889
0.9056797459
0.3001394955
0.3662276825
0.2896467275
0.6521367175
0.3357622187
0.3334004935
0.2995182849
0.7451662249
0.7650369094
0.9638710892
0.3637722897
0.3592546225
0.2993141881
0.4649377369
0.293888686
0.6322845683
0.354128928
0.5132198587
0.3125251592
0.9513875585
0.286329491
0.5112559778
0.859289339
0.9800421128
0.7578510995
0.6257205798
0.8424030537
0.4401315235
0.2865380818
0.7211727018
0.4751125708
0.7493470772
0.5073387472
0.5767617517
0.2909879336
0.3706001506
0.6148415188
0.8298714352
0.6279849398
0.3497223073
0.3416911091
0.3267426913
0.2861550127
0.2872086098
0.4500804881
0.4223589843
0.4907539307
0.8609678469
0.3009168854
0.4075213189
0.9572598247
0.9310589697
0.6327369387
0.2859215586
0.3961026293
0.2865061956
0.6602192887
0.4130144328
0.3218356194
0.8320466981
0.2858844157
0.6827307869
0.285949807
0.3713909368
0.2870574865
0.5647985075
0.9356488656
0.369812373
0.3263989704
0.6902434948
0.6037264102
0.5812859814
0.780393167
0.6740702921
0.2882936429
0.420095252
0.2869547477
0.59850897
0.2909879336
0.6485363664
0.4643198643
0.6469597831
0.35940338
0.2857923356
0.286032628
0.2883828209
0.5596214686
0.3067439522
0.7721519525
0.2859573048
0.5670523825
0.3039891221
0.7566123366
0.7029695025
0.2877388764
0.4419079394
0.4732322911
0.4618544416
0.7977224073
0.6626834655
0.4776273328
0.2861778487
0.2860059519
0.6785170373
0.7765868572
0.3947050281
0.2860235617
0.6307009275
0.3816075902
0.3989179718
0.2946986091
0.3155166145
0.9197433451
0.8763284844
0.7411752984
0.8134012248
0.3155166145
0.3528365592
0.286080573
0.4328975683
0.3259427459
0.8604651771
0.4841633878
0.3122436293
0.2858788354
0.3104934766
0.9873504903
0.2904116806
