 1.6510e+01,-2.8437e+00
-1.0167e+01,-3.0049e+00
 2.3776e+00,-8.8628e+00
 2.3986e+00,-5.9181e+00
 4.9306e+00,-1.0932e+01
-1.5733e+01,-6.1443e+00
-1.6849e+01, 5.6120e-01
 4.7760e+00, 1.5083e+01
-1.1250e+01,-7.5118e+00
-5.4921e+00,-1.0987e+01
-6.3893e+00,-5.2294e+00
-5.6934e+00, 4.8754e-01
 4.0354e+00,-6.4165e+00
-7.3186e+00,-1.3157e+01
-5.3032e+00, 1.4482e+01
-8.3103e+00, 1.3169e+01
-2.3060e+00,-1.2772e+01
 4.2709e+00,-4.3785e+00
 1.4811e+01, 1.1303e+00
-7.6636e+00,-1.7218e+00
 7.4904e+00,-3.2535e+00
-1.1695e+01,-4.4838e+00
-4.3300e+00,-8.5649e+00
 4.0972e+00, 1.6789e+01
-3.6015e+00,-1.5486e+01
-1.9910e+00,-3.2447e+00
-3.1317e+00, 6.3181e+00
-1.5256e+00, 1.4218e+01
-1.3129e+01, 1.0785e+01
-6.0560e+00,-3.1531e+00
-3.7103e+00, 1.1090e+01
-1.6877e+00,-1.4977e+01
-1.3802e+01, 6.9469e+00
 9.3594e+00, 1.3708e+01
-1.5050e+01,-4.2527e+00
 1.3497e+00, 3.8733e+00
-1.2259e+00, 1.1260e+01
-7.8722e-01,-8.0115e-01
-4.1610e+00,-3.2696e+00
 6.7402e-01,-1.1681e+01
 1.0200e+01, 4.0223e+00
 1.3542e+01,-8.5217e+00
-1.7742e+00, 9.7743e-01
-4.8604e+00, 2.0195e+00
-9.0669e+00, 2.6574e+00
 2.5601e+00, 1.3195e+01
 6.6841e+00,-1.0429e+01
-6.6449e+00, 3.3816e+00
-3.4117e+00,-1.0232e+01
-5.8638e+00, 6.4765e+00
 1.2602e+00, 5.9034e+00
-6.1191e+00,-1.4220e+01
 1.3332e+01, 1.8208e+00
 2.9938e+00,-1.2571e+01
 6.4896e+00, 9.9833e+00
 8.6208e-02, 1.3890e+01
-1.2902e+00, 1.6039e+01
-1.8315e+00,-1.6754e+01
-4.8175e+00,-1.2396e+01
-1.3510e+01, 9.2729e+00
 6.1382e+00,-1.4498e+01
-7.9280e+00,-1.0823e-01
 9.8455e-01,-7.5982e+00
 5.4176e+00,-1.6067e+01
 3.6742e+00, 1.1700e+01
 1.2356e+01, 1.2034e+01
-8.3252e+00, 7.9383e+00
-9.3894e+00, 6.5493e+00
-6.1693e-01,-8.6594e+00
-8.5864e+00,-5.8811e+00
-3.0959e+00, 1.2687e+01
 3.4678e+00, 8.7416e+00
-1.0285e+01, 1.2808e+00
 5.7809e+00, 3.7549e-02
 1.0917e+00, 8.3632e+00
-1.0188e+01,-1.3358e+01
-1.0932e+01, 1.0489e+01
-1.4765e+01, 3.3634e-01
 9.5610e+00, 6.5604e+00
 1.0714e+01,-1.2148e+00
-1.3573e+01, 1.9825e+00
-5.6048e-01,-5.0643e+00
 4.0255e+00, 2.1956e+00
 1.1144e+01, 1.0698e+01
 7.3731e-01, 2.0478e+00
 7.9969e+00, 4.1816e+00
 1.2166e+01, 3.5790e+00
-9.1886e+00,-1.2098e+01
 1.7468e+01, 5.8623e-01
-3.2381e+00, 2.3023e+00
 1.5146e+00, 1.0821e+01
 1.0312e+01,-8.8576e+00
-6.3146e+00,-8.9162e+00
-1.3507e+01, 5.4305e+00
-9.4817e+00,-4.3478e+00
 7.0674e+00,-7.5677e+00
-1.5000e+01, 3.7577e+00
-1.0881e+01, 3.8851e+00
-1.3237e+01,-7.6063e+00
 6.5210e+00, 1.3401e+01
-3.8891e+00, 1.5898e+01
 5.2964e+00, 1.1497e+01
-1.5345e+00, 3.8831e+00
-1.1852e+01,-9.5063e+00
 2.9967e+00,-1.2691e-01
 8.8713e-01, 6.4541e-02
-2.6070e-01,-6.6003e+00
-6.4634e-01,-1.3016e+01
-1.2778e+01,-1.9454e+00
 1.2158e+01, 9.5444e+00
 1.2186e+01,-1.2125e+01
-6.4008e+00, 1.1328e+01
-3.2092e+00,-1.7031e+00
 1.3959e+01, 5.7457e+00
 1.4198e+01,-6.0611e+00
-1.1356e+00,-1.1480e+01
 6.3226e+00, 4.3248e+00
-8.8926e+00,-8.3645e+00
 1.2749e+01, 7.2128e+00
-1.4544e+01,-9.2260e+00
-1.0681e+01, 7.3866e+00
-5.0037e+00, 8.5579e+00
 7.8529e+00,-5.8998e-01
 2.3209e+00,-1.7309e+01
 6.0888e+00,-5.9537e+00
 1.4066e+00, 1.5286e+01
 1.1964e+01, 1.1091e+00
-1.0873e+01,-1.2834e-01
 1.1638e+01,-9.9055e+00
 8.3925e+00, 2.1762e+00
-1.6249e+01, 6.2655e+00
-7.6054e+00,-3.8166e+00
 8.7227e+00,-1.1799e+01
 4.5651e+00, 5.3488e+00
 3.3905e+00, 3.9861e+00
 9.9436e+00,-2.9593e+00
-1.1531e+00, 9.1887e+00
 1.5144e+01,-2.1683e+00
 6.7602e+00, 8.1963e+00
-5.4680e+00, 1.0070e+01
 9.7518e+00,-6.1887e+00
-1.5271e+01,-1.9589e+00
-2.2599e+00,-7.9239e+00
 1.1077e+01, 5.7222e+00
-1.2203e+01, 1.2247e+01
 1.2049e+01,-5.0368e+00
 1.5513e+01, 6.2335e+00
 8.1624e-01,-1.4405e+00
 7.1084e+00, 1.5689e+01
-8.2231e+00, 9.5612e+00
 1.0742e+01, 1.2670e+01
-3.0783e-01, 6.2743e+00
 7.2390e+00, 5.9953e+00
-5.5800e+00, 1.6471e+01
 5.9307e+00,-2.7445e+00
-4.1324e+00,-1.3756e+01
 9.4924e+00, 8.4983e+00
-5.5936e+00,-1.4297e+00
 1.1428e+01,-2.6890e+00
-3.4001e+00, 9.1816e+00
-8.6268e+00, 1.4903e+01
 9.0644e+00,-9.8968e+00
 1.6433e+01,-5.1553e-01
 9.4876e-01,-1.4181e+01
 3.4519e+00,-1.4405e+01
-4.5589e+00,-6.2909e+00
 3.0127e+00,-1.0957e+01
 4.1591e+00, 6.8222e+00
 7.8869e+00, 1.0940e+01
 5.3879e+00, 8.8740e+00
-1.2706e+01,-1.1020e+01
 1.0300e+01, 2.2420e+00
-1.4119e+01,-5.5509e+00
-3.1740e+00,-4.9222e+00
 1.3319e+01,-1.0050e+01
-1.6672e+01,-1.0674e+00
 5.8810e+00, 1.6734e+00
-1.5338e+01,-7.6038e+00
-5.0101e+00, 5.2353e+00
-1.6781e+00, 5.4408e+00
 1.5814e+01,-7.2858e+00
 9.8188e+00, 8.6257e-02
-5.8884e+00, 1.2938e+01
 8.8815e+00,-4.2283e+00
-8.5286e+00,-1.5004e+01
 1.6656e+01, 3.8522e+00
 7.5211e+00,-1.3312e+01
-1.0624e+01, 1.2883e+01
-6.7565e+00,-1.5740e+01
 2.5675e+00,-2.2948e+00
 1.5793e+01,-4.2765e+00
 8.9229e+00,-7.7220e+00
 1.3757e+01, 8.4573e+00
 7.8125e+00,-1.5194e+01
-1.2563e+01, 5.5867e-01
-1.1763e+01,-1.2525e+01
 1.4923e+01, 3.9394e+00
 6.5492e-01, 1.7166e+01
 4.7842e+00, 1.3478e+01
 1.4040e+01,-4.4088e+00
-1.2563e+01, 8.1094e+00
 8.1275e+00,-5.6626e+00
 1.1536e+01,-6.7923e+00
-4.7324e+00,-1.6733e+01
-1.6593e+01, 3.9171e+00
 1.3703e+01,-3.4618e-01
-8.3296e+00, 4.7102e+00
 7.6293e-01, 1.2517e+01
-3.4486e+00, 1.6351e-01
-1.7372e+01, 1.9964e+00
-1.1837e+01, 2.3200e+00
-1.0173e+01,-9.9544e+00
-3.4504e+00, 3.8418e+00
 4.8971e+00,-1.3630e+01
-7.8098e+00,-9.4070e+00
 1.7094e+00,-4.4028e+00
-1.0283e+01, 9.0717e+00
-1.1670e+01, 5.1848e+00
 3.6100e+00,-1.6424e+01
-1.0246e+01,-6.2094e+00
 1.3482e+01,-2.9175e+00
-6.5549e-02,-1.6684e+01
 9.0142e+00,-1.3505e+01
-9.5420e+00,-1.5850e+00
 9.3530e+00, 1.0544e+01
 5.3118e+00,-9.2723e+00
-7.9293e+00, 1.1564e+01
-7.7196e+00, 1.9306e+00
 1.5164e+01,-8.6423e+00
-1.9414e+00,-9.4548e+00
-1.5550e+01, 1.7111e+00
 2.2932e+00, 7.1104e+00
-1.4031e+00, 7.5932e+00
 1.0353e+01,-1.2690e+01
 3.1368e+00, 1.0287e+01
-1.7078e+01,-2.8616e+00
 2.7867e+00, 5.5877e+00
 4.7625e+00,-1.4801e+00
 8.7077e+00, 1.5158e+01
-6.8767e+00,-7.4497e+00
-1.3018e+01,-3.7217e+00
-2.4801e-01,-3.3461e+00
 3.7521e+00,-7.9697e+00
-1.2624e+01,-5.7906e+00
 1.3936e+01, 1.0347e+01
 6.9494e+00, 2.8889e+00
-9.7348e+00, 1.1447e+01
-1.1054e+01,-1.7851e+00
 1.0942e+01, 7.5422e+00
-7.9578e+00,-1.0954e+01
 6.0743e+00,-4.4375e+00
 1.2537e+01, 5.2647e+00
-2.0381e-01, 4.6378e+00
 1.5873e+01, 2.2668e+00
 8.4597e+00, 1.2444e+01
-2.7062e+00, 1.6920e+01
