0.7285003112
0.6882055683
0.5016088161
0.2906579306
0.2882845911
0.3133813532
0.5783233629
0.5087676635
0.4800418256
0.3095366659
0.2974357594
0.8708894757
0.2874756521
0.3766114071
0.9510518362
0.4235738743
0.3397251902
0.5785498463
0.7196893085
0.4453641774
0.7244264536
0.3274727247
0.4720780678
0.3699061118
0.9470493384
0.4018386983
0.7280722555
0.4870274079
0.4578560228
0.3179092914
0.3017376654
0.3420815429
0.5494682222
0.3236395133
0.5483480144
0.3029188113
0.4511714962
0.5690490575
0.4207378435
0.3254219286
0.570856762
0.4825747721
0.7439942282
0.2959985147
0.7099358184
0.61759887
0.6375539267
0.3487218893
0.4609202488
0.3519505943
0.4335597425
0.3686529533
0.3850308803
0.2866391644
0.2986419103
0.3896072433
0.4992340247
0.5964715659
0.6103300485
0.3053262775
0.9777490446
0.3320796916
0.2882845911
0.286604073
0.2879271996
0.2981905341
0.4919322476
0.2862818925
0.3469283262
0.2913065392
0.7342608725
0.3191442809
0.6348372503
0.4266212593
0.7743451101
0.6826655772
0.5232275244
0.3846951205
0.3013055738
0.3569977537
0.3880728213
0.2866155957
0.3012341345
0.7073210599
0.3724356673
0.3005985987
0.6910785445
0.3015208793
0.6811109686
0.7577696755
0.7252854599
0.3136666083
0.3148217041
0.937317952
0.3640235704
0.3942634329
0.286604073
0.2908960133
0.2974977386
0.2865597265
0.3564128545
0.3501170069
0.5517105092
0.986010444
0.7075391712
0.7837836226
0.2889148114
0.937317952
0.5780968916
0.9335850876
0.7437837552
0.9804995212
0.7401979897
0.5400792708
0.3340336776
0.2890072381
0.8563644134
0.7919035617
0.3663243724
0.5699527836
0.7887476858
0.8541394513
0.3072971302
0.4925741117
0.2862626797
0.666386262
0.8955770874
0.5728916018
0.6526837724
0.2987723734
0.638685339
0.2863657246
0.7173128951
0.7397751842
0.3743529747
0.4652363087
0.8512089084
0.3581737466
0.5177293664
0.4072363164
0.57334395
0.3508195748
0.3754793017
0.5247712916
0.8721926552
0.287059265
0.3177056103
0.9333409181
0.2995018032
0.2863274773
0.9563336071
0.316297116
0.8180286862
0.4074177905
0.8525909374
0.5634068888
0.693064271
0.8700721764
0.4842680539
0.3133813532
0.657185031
0.5796824403
0.5443206688
0.8717046129
0.3330520722
0.9021926405
0.8148340025
0.2952604157
0.3249727373
0.9835495946
0.3515254674
0.2864102568
0.3240815251
0.4218698055
0.3724356673
0.4312345265
0.415127903
0.8842929539
0.4588756741
0.443376689
0.343677394
0.2877612557
0.4043462954
0.6105572421
0.2864610727
0.3995281698
0.8003012579
0.4406074817
0.8014631492
0.2908159659
0.2865815509
0.4752110425
0.5133488854
0.2879271996
0.2862294929
0.7698809175
0.297067397
0.4574486587
0.3815279413
0.4640000857
0.3292182923
0.3792205953
0.6371012714
0.4613299998
0.666386262
0.2874756521
0.3055675456
0.609875656
0.4469597746
1
0.2863217139
0.9072067543
0.2864794075
0.2904260295
0.9238951461
0.2996365845
0.5325164794
0.2863798704
0.4783579272
0.5566518723
0.5573265367
0.2866758253
0.8587448589
0.396357952
0.2983186658
0.905785972
0.290976747
0.6069219882
0.286452167
0.8555103113
0.2865705515
0.5912490431
0.7005407843
0.3346518479
0.3462445775
0.595336008
0.4592840287
0.4953609818
0.286266173
0.5546290674
0.8294996704
0.2890383926
0.3249727373
0.4145715488
0.6382328133
0.3414224805
0.4162431652
0.3652471886
0.8087642727
0.5197058908
0.7942594786
0.3428769854
0.3655543362
0.3096249583
0.9141674345
0.3356483587
