0.4498379664
0.6928219093
0.5164526867
0.496489955
0.802092856
0.2978996694
0.297077906
0.9088244923
0.3135404526
0.8350320202
0.9403495263
0.6313212194
0.5025243196
0.3017596759
0.3062158971
0.5900647243
0.5697064529
0.286908146
0.3710398946
0.3474656331
0.625436165
0.6978726099
0.3197769104
0.3243346124
0.7647617341
0.4484342085
0.285888452
0.5859865738
0.9585351323
0.3062158971
0.3814065029
0.4661321062
0.585307126
0.6249832141
0.460787398
0.3917214297
0.2920266482
0.3924120695
0.5591199856
0.9421710684
0.3253456635
0.5003648057
0.3509560766
0.3510974238
0.9899343417
0.3185237492
0.3465033159
0.2960458549
0.2929398492
0.4261211365
0.3027295014
0.8181973565
0.6706659473
0.7501112464
0.9644140117
0.8891640358
0.8951662225
0.4498379664
0.5882519203
0.6147845746
0.7880621276
0.564070438
0.2867916422
0.8038220916
0.4179930001
0.7550946631
0.798230257
0.3056402966
0.2901092701
0.4826379213
0.2998339792
0.4665451129
0.3734263863
0.3869355671
0.5613690433
0.7079163369
0.3786063447
0.5828164945
0.3004625549
0.5014439642
0.5767083343
0.3877838934
0.3269422938
0.9536703507
0.9040339737
0.6220382688
0.3526609524
0.9281242793
0.5182059547
0.8239409693
0.3346060962
0.37713739
0.6806730841
0.4172454613
0.296708136
0.4242160516
0.7763140031
0.2928408357
0.6826675551
0.7722826407
0.2950058739
0.3179054154
0.8005510877
0.6926018991
0.4198683088
0.2875593068
0.4626323129
0.6932618277
0.3995889531
0.9478008378
0.2865942947
0.8432053441
0.302203855
0.8222807957
0.2889237426
0.4618116664
0.2874366356
0.3065483515
0.3151913914
0.2917965359
1
0.8628910086
0.6983109209
0.3137323455
0.4093047309
0.3236672854
0.5645209269
0.2875097186
0.2859233234
0.3353548335
0.8561676286
0.3185237492
0.4767439498
0.3357311217
0.2868491126
0.4719378606
0.8773603907
0.4178059763
0.3614658143
0.3225670449
0.2859794631
0.2857658666
0.2898046869
0.5248028177
0.333001463
0.3862588951
0.293496543
0.6545485478
0.6842171149
0.5186446696
0.4249770235
0.2862893792
0.3682117855
0.3530901312
0.4353860503
0.9485524738
0.8874877937
0.4849658676
0.2911748915
0.4575213887
0.4719378606
0.3071363289
0.4065766867
0.4894289089
0.3196716424
0.9899343417
0.3384007692
0.2858417219
0.4456378433
0.2987495401
0.2899937646
0.3774630123
0.8743291813
0.5882519203
0.456504451
0.7600465607
0.5688040011
0.3160835732
0.2860540773
0.3739068973
0.4022583197
0.3228955426
0.9659273584
0.8480980793
0.3689934379
0.2858099856
0.7172300874
0.4632485117
0.5683528699
0.8131375517
0.5541793231
0.3702503836
0.2940203988
0.8127606586
0.2884468356
0.5611440495
0.6004948408
0.2899556058
0.5629445322
0.2865606727
0.5083783442
0.7602521927
0.871104304
0.5441085289
0.6851018999
0.8945726251
0.3262544732
0.7448876414
0.2894394114
0.3498300704
0.2872267449
0.7457256084
0.6113828109
0.4671651167
0.2859233234
0.3641965262
0.3114709433
0.2874366356
0.7122577008
0.5991339503
0.4031532035
0.2876349879
0.9700315856
0.6688811901
0.2861748745
0.4242160516
0.4293799036
0.6764547319
0.3719912682
0.285908852
0.6215850906
0.9759417414
0.2857794688
0.2865441225
0.6848807503
0.4013659748
0.6455479727
0.5528337128
0.5871191503
0.3400844361
0.8437325737
0.3649622218
0.2927425008
0.4765343141
0.6623982079
0.4232668401
0.7734945908
0.4967048021
0.8005510877
0.4651007482
0.3177005295
0.3556898824
0.4733971148
0.9195265821
0.5001491188
0.5243619768
