0.34515943
0.436925402
0.929779035
0.8684114396
0.3013579976
0.708947627
0.2992684532
0.9168425257
0.7573860302
0.5075015377
0.2861715765
0.8303113645
0.4832558305
0.3032886173
0.5138230057
0.8674255044
0.4587221346
0.977505507
0.5783254013
0.2860064837
0.382225643
0.2880333466
0.8213055737
0.4125859202
0.2887820647
0.4786157475
0.288813195
0.9138648591
0.3109988941
0.6544251044
0.7889230632
0.3243844773
0.2860070073
0.84020157
0.4215411153
0.3089441948
0.3515346492
0.3708778464
0.5225996467
0.4353623925
0.5481445977
0.7167540172
0.7563517106
0.7024031172
0.2912910971
0.2862849922
0.8006453799
0.750742846
0.9799457596
0.4029549751
0.6707842423
0.3181730943
0.3797459576
0.8018043216
0.7857572348
0.9572867432
0.4715020599
0.4404613201
0.6323055942
0.2940037028
0.3699321673
0.3568660408
0.3130424915
0.2862849922
0.3389434102
0.3724636026
0.5092417145
0.2883643815
0.4482108093
0.6756889465
0.3869225274
0.4599475058
0.4548586043
0.9471882752
0.3231674231
0.314382492
0.3157530354
0.7801778568
0.6555493027
0.2861291723
0.2892671381
0.7895148175
0.9881456431
0.7219281792
0.3731012557
0.3699321673
0.3838929894
0.3237183827
0.4760969186
0.5445666726
0.4151755527
0.2875602205
0.3206814978
0.9113937755
0.2864039737
0.3442143547
0.3637399498
0.3268727168
0.4964780986
0.6384137887
0.6692209962
0.9142736665
0.3764800516
0.3068064677
0.4008133857
0.3332818528
0.5546459464
0.3072260024
0.2893347462
0.5338763875
0.2915505673
0.6564483014
0.3091195276
0.7355998162
0.2879544831
0.4069190275
0.4266710885
0.6141674363
0.6408996218
0.5352088494
0.4817763716
0.387600655
0.6016815087
0.2861164331
0.2901997507
0.3452949863
0.3006449865
0.2960005416
0.7130742552
0.8924837466
0.8529589377
0.2862202601
0.2883643815
0.2935896816
0.5577914605
0.3100952326
0.442239067
0.4554669173
0.4272450796
0.3438113733
0.8695577846
0.4232438564
0.2926978174
0.3087694994
0.3593750754
0.6816900146
0.6694443933
0.2867853949
0.3370243316
0.61620999
0.9242087488
0.9973795817
0.2962951278
0.2872309352
0.2871899826
0.8545018067
0.2865440416
0.8724860875
0.2873797405
0.382225643
0.643157968
0.3658848247
0.6216548831
0.5609411036
0.3165498494
0.3422118079
0.2867690048
0.755108714
0.558466046
0.8303113645
0.3686780414
0.2860082291
0.5686056959
0.3531009445
0.4490122732
0.401347404
0.827207355
0.3318209593
0.4721268471
0.5894275552
0.7165378939
0.5307718638
0.5731232614
0.5219392224
0.510112868
0.5053303821
0.6867849702
0.7656101621
0.5171067464
0.8682473318
0.3447535786
0.8461967115
0.8624497062
0.2868873896
0.4232438564
0.2861871067
0.3062258727
0.8369906544
0.5040298985
0.5501600792
0.5708637215
0.3380438997
0.4486113897
0.2911215368
0.9448724931
0.5726712371
0.9098683295
0.4828328393
0.3003643942
0.2898637637
0.7360239585
0.2864039737
0.2972040191
0.2863050563
0.2860091017
0.2860248097
0.3734207972
0.2861640731
0.3227293581
0.6166638451
0.3710358817
0.6953854904
0.4347776312
0.3091195276
0.9794538071
0.7536560691
0.8936844778
0.2860824028
0.6611625693
0.2924598483
0.6175714999
0.3100952326
0.5622921446
0.7857572348
0.315456785
0.9784536334
1
0.5713155115
0.6785809596
0.2861495894
0.7488645417
0.3105450843
0.3828912237
0.5214991293
0.5810421213
0.2860160831
0.9351553569
0.3723044878
0.777570778
0.2860506399
0.4125859202
0.7227881114
0.2861871067
0.6595921938
0.9220051478
0.3106355298
