0.3145561926
0.6799161986
0.8786958049
0.4542665814
0.4085690653
0.2866036526
0.2875537873
0.9670500385
0.3020646473
0.3011825915
0.8038351563
0.509013831
0.2904121519
0.6852283153
0.8407018196
0.3123522656
0.4251621037
0.3347008576
0.5886603836
0.3507944116
0.4462296287
0.8407018196
0.2918457869
0.2988789392
0.6427717652
0.4392976635
0.9624260099
0.2867759842
0.758873741
0.2893777309
0.304531598
0.9604762188
0.6962359582
0.8654736052
0.7051968634
0.4098470487
0.4851662754
0.5285332521
0.7763580134
0.4692272436
0.3089810416
0.7231342598
0.4001141361
0.3425626693
0.2986119236
0.328065883
0.7684829406
0.3316308009
0.4540642188
0.6997402441
0.3948352447
0.438708015
0.2870276243
0.3850697562
0.2856342309
0.5514588635
0.4681911234
0.400647152
0.2988789392
0.3799095715
0.755573983
0.3160378302
0.7199140502
0.3455245042
0.4261157532
0.9668775881
0.8268620722
0.8648137487
0.5714744961
0.7485156161
0.5135909627
0.3156393234
0.2857633825
0.7017073178
0.3976389883
0.4466286214
0.6384858146
1
0.9304212078
0.5631353167
0.3226372046
0.7505980506
0.2867169779
0.445432564
0.5046726675
0.290869375
0.2861575024
0.3537889789
0.7363355903
0.5029413192
0.327949313
0.297506714
0.683901936
0.6251480631
0.3559632178
0.2865672666
0.4683982181
0.3794159941
0.3719788213
0.9255583591
0.2866036526
0.9106210232
0.6074736738
0.5678656251
0.9583830236
0.6650004007
0.346070095
0.3141669799
0.3910243753
0.8091726302
0.2889581615
0.292705941
0.2861048949
0.8355433989
0.4002917056
0.2892705176
0.6339689596
0.6484026186
0.3247451595
0.3025145042
0.2932586521
0.3555260368
0.5584130666
0.798636898
0.6461515188
0.2879322309
0.2856673488
0.322418457
0.7160369233
0.3185842632
0.5728288031
0.4373350007
0.8713505
0.3716611252
0.2858653291
0.4915497217
0.5038066209
0.56516166
0.4259248473
0.3696077872
0.3995820441
0.3063238263
0.304531598
0.966096206
0.7106294793
0.2856673488
0.3813964791
0.8840046087
0.7775613794
0.7190536675
0.5146835038
0.7006148675
0.333093247
0.5127176799
0.2861848499
0.2856500928
0.9016140642
0.6294473453
0.3498091455
0.3125406319
0.2857916152
0.2923648971
0.5184057602
0.5325165882
0.3199461778
0.3486911023
0.2857100512
0.3111431829
0.3069948491
0.6106477721
0.9412843555
0.2874518873
0.3082806242
0.2859967074
0.3930966226
0.3166402178
0.2895230872
0.8847765843
0.3114198448
0.7914333574
0.5465372126
0.9046123366
0.8667892154
0.3664887262
0.4379229483
0.5773466555
0.285690879
0.5507870315
0.405846705
0.8009533968
0.3257624294
0.286092178
0.5380663482
0.6206192577
0.3196296078
0.3843978432
0.3133003545
0.6314826145
0.9361963171
0.7727347303
0.3232970459
0.3600992694
0.3306673727
0.6940411735
0.621751732
0.5334032268
0.5909256096
0.7151734715
0.451238794
0.53163047
0.3513603328
0.286940969
0.5698951333
0.598631262
0.290869375
0.4107628066
0.9889263619
0.2857503114
0.2858930354
0.424590973
0.6448000517
0.4379229483
0.2864286709
0.2931058802
0.3785956634
0.4700572981
0.2915713115
0.7485156161
0.8907203468
0.2873284069
0.5298598219
0.3012551954
0.4432470167
0.7635919709
0.6179006776
0.5611104533
0.6600780491
0.8335695748
0.5186250757
0.6772537144
0.3468925359
0.2884061994
0.3586106154
0.3776150739
0.9327350303
0.2915261616
0.9128116033
0.9874598025
0.3421639156
0.2858067768
0.8127629866
0.4520445926
0.5483255114
0.9735914635
0.9246694892
0.3344519626
