0.7484044385
0.29845753
0.8549664933
0.4434028474
0.7554807451
0.4245493503
0.3073776403
0.3416638015
0.3059622422
0.4392550389
0.2862041519
0.2997258489
0.6776534771
0.5575352614
0.3596524439
0.30221829
0.5434193937
0.3093663093
0.3055548081
0.829536295
0.3793959291
0.4477853306
0.2912320593
0.4424120923
0.2861003308
0.2875673765
0.6057339272
0.2862128757
0.5645136178
0.2862128757
0.6669481155
0.3414002581
0.3918566716
0.6570853546
0.3549525177
0.3862244355
0.320133656
0.786505967
0.2860307019
0.2981981523
0.3332630961
0.5203702797
0.9519424373
0.2904543445
0.873568108
0.2915341591
0.9362972634
0.7308804708
0.9895409673
0.6471826709
0.5982428117
0.6095931961
0.6263808321
0.4218951242
0.3542301175
0.5694766666
0.5494571024
0.3027409158
0.5683479927
0.2867047422
1
0.7937917182
0.8186535968
0.324477754
0.2978140785
0.4162676478
0.6139059151
0.8783671915
0.9743384746
0.4718919623
0.2930216244
0.7293872453
0.8482428035
0.9472440958
0.9810626706
0.4499904758
0.5338463415
0.3220586491
0.3911676461
0.490026739
0.3977824308
0.2911472839
0.9089802226
0.3484305801
0.36144867
0.4923765157
0.4201981916
0.8504978406
0.6460551678
0.7203810682
0.8837099152
0.2862495147
0.7448433753
0.5269813417
0.3207698646
0.6597794648
0.6134519918
0.3090143895
0.4994635256
0.4134853748
0.2928261591
0.3130248738
0.5964271692
0.2956935101
0.4994635256
0.3368785606
0.3367518984
0.9393554349
0.3271991663
0.2868194665
0.3650954584
0.325375385
0.7577567234
0.2904937346
0.6453784687
0.361900571
0.3053929651
0.2958091553
0.8637354555
0.2922096887
0.2999315756
0.29468299
0.961767869
0.989066446
0.5573104753
0.7385231543
0.4874707894
0.6851974939
0.2867366505
0.8394429859
0.8374804345
0.7214573446
0.2963378697
0.5469949881
0.6649343346
0.3909956602
0.4648476678
0.5414112124
0.8092313142
0.3035014096
0.6453784687
0.6604525109
0.2871136974
0.5116102744
0.3827031191
0.4595129066
0.3571391947
0.6284201287
0.322602061
0.292585652
0.5467713137
0.8570101522
0.9106505766
0.4304882695
0.9509978841
0.452608246
0.3771082876
0.2866890492
0.2863421515
0.5789718427
0.809801689
0.7332223233
0.911204294
0.3300055744
0.315537621
0.2903372036
0.3823703474
0.8686905055
0.6213931064
0.3306008461
0.4328095034
0.8256926157
0.3477386305
0.3233691571
0.5712833585
0.2862217739
0.9195891498
0.9643573075
0.3250376559
0.3340012704
0.2882350451
0.3782492669
0.3499646623
0.6016476467
0.3412686942
0.3181551878
0.401146718
0.7585826941
0.2892845744
0.2879382773
0.6462807015
0.7637246706
0.2883196163
0.3280089674
0.3958518697
0.5120466963
0.4787990934
0.326054857
0.8683625663
0.2860345412
0.3208764307
0.2874076432
0.3470500461
0.9353424463
0.4855590341
0.7416889274
0.7614665508
0.3911676461
0.3320443105
0.7082548775
0.5103020453
0.7175777019
0.6505626151
0.2990508505
0.5857669909
0.4970950539
0.4272210347
0.5651899087
0.4047280189
0.5776139712
0.5245534195
0.5245534195
0.4394517528
0.2859903876
0.8746949561
0.3685010826
0.408713795
0.7423207303
0.2875440369
0.2861956024
0.820702189
0.5579848968
0.4906669465
0.294628451
0.5665429652
0.6188979992
0.2861479681
0.2863878552
0.6530386662
0.3193983341
0.9319495626
0.3127417369
0.4910940195
0.2882350451
0.7855146151
0.4166402193
0.4773283797
0.2860825315
0.7391572039
0.307293096
0.4534162268
0.6765412245
0.6401858033
0.2913175189
0.3784127287
0.2864117527
