0.2978870713
0.2878500816
0.3297560068
0.3073402963
0.5168723876
0.2929545794
0.7256774967
0.875949446
0.5285399224
0.2867226905
0.4626066625
0.9595818659
0.3629670334
0.3309482573
0.2864560161
0.7721779856
0.2898058215
0.5943757443
0.3058407889
0.2895162378
0.3020243462
0.3328859936
0.3108579458
0.2895162378
0.3000196481
0.3455457958
0.295749784
0.8789684442
1
0.4775586384
0.3236822613
0.3820524139
0.2862175007
0.7547664899
0.8974336253
0.3703941942
0.6150233659
0.4484080738
0.8371479925
0.7188026616
0.6946307251
0.3197958076
0.3080234293
0.5131532067
0.9138593071
0.4428304552
0.5064029164
0.5785157655
0.6844828749
0.4432268364
0.5948293855
0.2897323941
0.4371187813
0.4029513976
0.3480151959
0.5094462116
0.8016337648
0.6157038851
0.9274812117
0.2881206288
0.5973247143
0.3192715473
0.3047902817
0.3307086445
0.3236822613
0.3002981346
0.4851542354
0.3823848267
0.2897323941
0.2860495547
0.5665435533
0.4226731907
0.3853968528
0.298015378
0.9201469037
0.9395625195
0.3884450295
0.3892980822
0.4426323828
0.7031774145
0.2934056561
0.9935552156
0.3456818346
0.7634215062
0.3505281094
0.5465542701
0.4558691799
0.6170648056
0.8330156335
0.3043146547
0.2983390558
0.3015110959
0.5199440191
0.2901832644
0.2923273021
0.3189588207
0.2859335584
0.422294704
0.4111117281
0.507488799
0.3674204776
0.2893408379
0.3001585614
0.3082822425
0.6900066153
0.3936040684
0.8012480359
0.2861855885
0.824261
0.6206930205
0.3245723756
0.2894104816
0.4111117281
0.9160239059
0.5465542701
0.4027723512
0.2976324557
0.7930852399
0.8727372886
0.6527794393
0.2858864573
0.6507545499
0.8777011703
0.9820105072
0.7599301815
0.3484310066
0.2965197173
0.7144834415
0.4149873903
0.7248206244
0.3035349273
0.3262670312
0.7079737322
0.5796471369
0.3532272766
0.3200065774
0.5575386629
0.6457987129
0.5708307845
0.2858951799
0.5645148542
0.5334125644
0.9157546892
0.4576990967
0.3008630184
0.8825802037
0.5090109203
0.5385234074
0.6336027499
0.626811763
0.4644571927
0.3593608766
0.4968977295
0.9349711574
0.8642234351
0.3955199294
0.5622624459
0.394299258
0.3789172606
0.7295244105
0.2861552445
0.5948293855
0.2882912601
0.2861552445
0.445213439
0.2892036163
0.3400861294
0.2859689696
0.5803260939
0.7857975679
0.6045857571
0.6751601593
0.4224839023
0.9178975241
0.3146283089
0.842652205
0.3233509361
0.456681764
0.4932508365
0.3898112259
0.6574980656
0.3668000392
0.7506109415
0.2858768623
0.312900617
0.3666452363
0.5821371148
0.9770624901
0.2870802049
0.3691367604
0.2870396182
0.7857975679
0.6249993909
0.2968846164
0.2861752996
0.7185871031
0.7474802745
0.3036121686
0.3263811952
0.5369661994
0.4486083869
0.8310248472
0.4118466957
0.8192605373
0.9490279064
0.3043146547
0.741605078
0.4984036457
0.2943489569
0.9418567627
0.9659491242
0.97449589
0.3763094265
0.4988343548
0.6769398391
0.4992652611
0.5528241663
0.9575429463
0.8573482506
0.7407625053
0.375985545
0.4885537713
0.6937510942
0.366335999
0.412767568
0.3051910908
0.3794095316
0.6421894403
0.7103648278
0.2865597336
0.2858864573
0.4464091266
0.3716593444
0.4508167984
0.8975806453
0.6471511296
0.634507483
0.3586187804
0.4714964743
0.3319125039
0.2858805258
0.4351650812
0.2858977967
0.4200313918
0.3029228606
0.4652814002
0.4388841195
0.6290764289
0.2858883763
0.3194807944
0.2893408379
0.8266492681
0.7520678329
0.2858927376
0.2860061235
0.9855772009
