-1.4496e+01,-7.2310e+00
-1.1277e+01,-1.2707e+01
 8.9039e+00,-1.2072e+01
 9.0095e+00, 1.2861e+01
-3.4667e+00, 1.0709e+01
-1.6481e+01,-4.8569e-01
-8.0279e+00,-7.4510e-02
 5.2374e+00, 4.0297e-01
-1.0971e+01,-1.8078e+00
-3.3038e+00,-1.6862e+01
-1.1160e+01,-4.9460e+00
-2.6636e+00,-1.3939e+00
-7.1296e+00, 1.2134e+01
-8.2598e+00,-1.2485e+01
-9.3161e+00, 1.4416e+01
 6.2347e+00,-3.7368e+00
-1.3991e+01,-9.2342e+00
-9.0486e+00,-4.5001e+00
 1.8920e+00,-1.5728e+01
-4.0224e+00, 1.6236e+01
 6.6838e+00,-1.4548e+01
 9.4863e+00, 1.1417e+01
 2.4541e+00, 1.5361e+01
 1.6502e+01, 2.9256e+00
-2.5647e+00, 1.5821e+01
-1.2377e+01,-7.6604e+00
 1.5958e+01,-3.3691e+00
 5.0603e+00,-1.1912e+00
 1.1040e-01, 4.2720e-01
 4.0997e+00,-1.1251e+01
 1.3357e+01, 7.1122e+00
-4.5108e-01, 1.3642e+01
 4.3160e+00,-1.6760e+01
-1.6456e+00,-7.4034e+00
-3.4154e+00,-3.3700e+00
-5.7817e+00,-1.2732e+01
 3.9582e+00,-8.9738e+00
-7.4859e+00, 9.8823e+00
-5.6184e+00, 2.2236e+00
-7.2805e+00,-3.6814e+00
 6.5226e+00, 5.4450e+00
-1.0174e+01, 1.1355e+01
-1.5614e+01,-1.7724e+00
-3.0827e+00,-1.0972e+01
 7.5619e-01, 4.2524e+00
 9.3112e+00, 8.3382e+00
 6.6779e-01,-1.1487e+01
-8.9668e+00, 5.0901e+00
 8.6505e+00,-8.1614e-01
 3.1744e+00, 1.2069e+01
-1.0079e+01, 1.4003e-01
 8.4640e+00, 1.4409e+01
-1.7860e+00, 1.2463e+01
-1.0128e+01,-8.6143e+00
 1.4350e+01,-1.9030e+00
 1.1260e+01, 1.8323e+00
-4.4458e+00, 5.0031e+00
-5.5149e+00,-8.0927e+00
-3.8546e+00, 1.0242e+00
-5.4320e+00,-1.6070e+01
 9.7770e+00,-2.3233e+00
 1.3715e+01,-6.8152e+00
 1.2739e+01, 9.3762e+00
 4.0596e+00, 1.4335e+01
 1.1649e+01,-9.7304e+00
 1.6048e+01, 4.2683e-01
-1.3439e+00,-1.1775e+01
 3.8747e+00,-1.3166e+01
 5.6673e+00, 1.5716e+01
 8.0041e+00,-1.5412e+01
 9.2375e+00,-5.0692e+00
-8.4658e+00,-9.7682e+00
 1.0039e+01,-9.2498e+00
-1.6211e+00,-1.6136e+01
 3.9172e+00, 1.4606e+00
-1.2955e+00,-3.4524e+00
 6.6882e+00,-1.1838e+01
 1.3215e+01,-2.9828e+00
-6.1189e+00,-1.0982e+01
 2.2870e+00, 8.0287e+00
 1.4073e+01,-8.5672e+00
-2.5830e-01,-1.2840e+00
-1.4404e+01, 1.8804e+00
 7.0907e+00,-2.1443e+00
 1.3623e+01,-4.7266e+00
-7.5985e+00, 7.6718e+00
-1.2230e+01, 1.3161e+00
-9.0946e-01, 9.6498e+00
-5.4375e+00,-2.8926e+00
-1.0070e+00, 1.5790e+01
-1.5820e+01, 3.2475e+00
 1.5213e+01, 4.8963e+00
-6.6644e+00,-9.1023e+00
-1.6298e+01,-3.7097e+00
-1.4325e+01, 8.2109e+00
-4.2345e+00,-1.4751e+01
-1.3214e+01,-1.1356e+01
 1.1189e+01,-6.4600e+00
-8.9499e+00, 9.5366e+00
-8.3928e+00,-7.8269e+00
-2.5414e+00,-1.3821e+01
-6.8712e+00, 1.5271e+01
-1.2413e+01, 1.0151e+01
-1.4911e+01,-4.9559e+00
 4.7943e+00, 7.0965e+00
 5.2262e+00,-1.2438e+01
 4.4609e+00, 4.9972e+00
 1.2806e-01, 1.7231e+01
 1.4198e-01, 6.2616e+00
-2.0789e+00,-9.4967e+00
-1.0378e+01,-1.1045e+01
-7.0438e+00,-1.5273e+01
 7.8351e-02,-1.3153e+01
-3.4880e+00, 2.4801e+00
 1.0793e+01,-8.8671e-01
 1.3138e+01, 1.8221e+00
 1.5152e+01,-5.7620e+00
 2.4569e+00,-6.4672e+00
 2.4597e+00, 4.6825e+00
-4.0999e+00, 8.1754e+00
 1.6123e+01, 6.6197e+00
 9.1879e+00, 6.3359e-01
 1.7094e+00,-4.9736e+00
-4.3614e-02, 1.9739e+00
-6.5700e+00, 3.4804e+00
 1.0457e+01, 9.9448e+00
-8.1225e+00,-1.4129e+01
 4.2947e-01, 8.1546e+00
 1.1364e+01, 6.3442e+00
 7.8885e+00, 1.4971e+00
 8.1208e+00,-1.3713e+01
-1.3436e+01, 6.7859e+00
-5.6285e+00, 6.0763e+00
 1.5133e+00,-1.0245e+01
 1.1633e+01, 8.3461e+00
 5.3402e-01, 1.5221e+01
 2.3996e+00, 1.0338e+01
 8.7819e+00, 2.9929e+00
 6.0282e+00,-8.5763e+00
-5.5842e+00, 1.6472e+01
 4.0614e+00, 9.6901e+00
 7.3349e+00, 8.1983e+00
-1.6824e+00, 3.9294e+00
 1.1300e+01, 4.7358e+00
 4.8825e+00,-1.5309e+01
 3.8753e+00,-3.3694e+00
 5.7127e-01, 1.1364e+01
-1.0233e+01, 3.8696e+00
-9.1648e+00, 2.3873e+00
-7.8637e+00,-5.5254e+00
 1.1155e+01,-4.8746e+00
-1.3198e+01, 5.1859e+00
 5.7283e+00,-1.0149e+01
 5.7037e-01,-3.7839e+00
-3.4185e-01,-5.5420e+00
-1.1566e+01, 6.7549e+00
 8.1991e+00, 6.6460e+00
 7.5017e+00, 1.1106e+01
-1.3532e+01,-2.5212e+00
-3.8405e+00,-7.0210e+00
-6.2577e-01,-1.7317e+01
-5.9533e+00, 8.0911e+00
 7.1375e+00, 1.5275e+01
 1.3235e+01,-1.1163e+01
-4.8181e+00, 1.1480e+01
 3.6994e+00, 1.6346e+01
-5.1866e+00, 1.3687e+01
-1.6582e+01, 5.1284e+00
 5.8335e+00, 8.4499e+00
 2.7180e+00, 6.4175e+00
-7.1183e+00,-6.9633e+00
 7.3800e+00,-4.8987e+00
-1.2515e+01, 3.0708e+00
 2.9365e+00, 3.0377e+00
 1.5329e+01, 1.9324e+00
-2.7450e+00,-5.3204e+00
 7.0937e+00, 1.3358e+01
 8.4168e+00,-8.9939e+00
-4.5946e+00,-1.0778e+01
-1.3526e+01,-3.5296e-01
-8.8569e+00,-2.1768e+00
-1.3149e+01,-4.9178e+00
 5.0684e+00,-5.7229e+00
-1.3075e+01, 1.1561e+01
-1.1881e+01,-1.0029e+01
 5.5714e+00, 1.2829e+01
 8.0442e+00,-6.4315e+00
 1.6346e+00,-1.6118e+00
-1.0593e+01, 1.3345e+01
-1.0878e+01, 8.7269e+00
 1.4953e+01, 8.2089e+00
 7.0075e+00,-7.4317e-02
-3.0878e-01,-9.6499e+00
 1.1022e+01,-1.1963e+01
 1.7253e+01,-9.7339e-01
 3.8376e+00,-7.2221e+00
-2.0216e+00, 7.3511e+00
 1.5829e+01,-1.5118e+00
-8.7727e+00, 1.2208e+01
 9.3652e+00, 5.6849e+00
 5.5754e+00, 1.1065e+01
 5.6915e+00, 2.3493e+00
-3.7429e+00,-1.2595e+01
-2.6152e+00, 5.7991e+00
 3.3486e+00,-2.4059e-02
-1.5831e+01, 1.0303e+00
 7.1368e+00, 3.0143e+00
-9.3853e+00, 6.7621e+00
 1.1635e+01, 1.1500e+01
 3.2402e+00,-1.5562e+00
 1.7077e+00, 2.1060e+00
-2.3032e+00, 5.8075e-01
 1.2561e+01,-5.7914e+00
 2.5941e+00,-1.1333e+01
 8.1985e+00,-3.2514e+00
-1.1574e+01,-3.7107e-01
-1.0242e+01,-3.2423e+00
-1.8220e+00, 2.4144e+00
-5.6518e+00,-1.9984e-01
-7.5259e+00, 1.9192e+00
 1.3815e+01, 2.8079e-01
-5.6949e+00, 1.0240e+01
 1.4322e+00,-8.4625e+00
-2.9896e+00, 1.3668e+01
-1.0902e+01,-7.2689e+00
-8.0625e+00, 1.3579e+01
 1.2939e+01, 4.5962e+00
 8.0282e+00, 4.7443e+00
-5.8937e+00,-5.8524e+00
 1.0555e+01,-1.3591e+01
 1.7407e+01, 1.1297e+00
-1.1949e+01,-3.6065e+00
 2.0379e+00,-1.3809e+01
 1.2303e+01,-1.5152e+00
-4.5336e+00,-1.5052e+00
 6.0721e+00,-7.0498e+00
-2.3256e+00, 9.1348e+00
 1.1924e+01,-7.7725e+00
 9.2603e+00,-7.7303e+00
 5.3014e-01,-1.4937e+01
-9.5969e+00,-1.4630e+01
 8.1389e+00, 9.6596e+00
 1.5706e+01,-7.6000e+00
 1.7646e+00, 1.2778e+01
-1.4827e+01, 5.7830e+00
 1.2128e+01, 5.4340e-01
 7.2422e+00,-1.0351e+01
-3.4907e+00,-8.9336e+00
 1.6609e+01,-5.3690e+00
 1.4896e+01, 3.3960e+00
 1.5608e+00, 1.6670e+01
-4.2464e+00,-4.6428e+00
-7.3554e+00,-1.9094e+00
-1.7409e+01, 9.7274e-01
 1.0453e+01, 1.3801e+01
 1.7930e+00, 2.5645e-01
