0.4338596816
0.8134305294
0.3195626407
0.773365562
0.6480411665
0.7940315936
0.538091242
0.3391724828
0.5403240363
0.499187435
0.6755178241
0.9502711436
0.7686622375
0.3355102425
0.5533305641
0.3617591362
0.5298579548
0.7058927964
0.3263775048
0.4259611098
0.7306394956
0.380993016
0.406255842
0.299979729
0.9825966271
0.6043745571
0.28838329
0.288298988
0.4274907106
0.288298988
0.6786483483
0.3273998881
0.3938557636
0.2940293201
0.4608375631
0.5421124546
0.6548262357
0.3583401358
0.5863859162
0.2884925892
0.893526786
0.3159414258
0.5986786447
0.6100714208
0.4680519937
0.3175260475
0.3463069631
0.4007013532
0.3085379718
0.4044533416
0.9290612424
0.4526983047
0.3890419273
0.5691344892
0.3030629898
0.7659901941
1
0.3147791797
0.4770264815
0.9135308775
0.9150598769
0.8393833142
0.7657842496
0.2884048013
0.2875430133
0.5488353414
0.3291306149
0.6678937846
0.3244794044
0.3562924414
0.3907512946
0.5893433965
0.2919539235
0.8926107657
0.6939933139
0.3009259638
0.4231085933
0.5183696492
0.3628131162
0.9811403088
0.2952025291
0.2879366661
0.637382729
0.4808176658
0.8286249987
0.813621017
0.6647462688
0.8892239513
0.2921619382
0.2986846376
0.6851153803
0.9471501205
0.9080164014
0.5271978001
0.5356387881
0.9609456733
0.3555673142
0.3497458839
0.3724155587
0.73982427
0.3604131868
0.4740915893
0.3394294541
0.9064348507
0.3746489179
0.3218739348
0.3026236946
0.3106228593
0.2870705091
0.8500450833
0.330894569
0.4506819013
0.288044278
0.4403213177
0.7181170356
0.4581796167
0.3167287559
0.7023779113
0.2877557049
0.5825208391
0.9765061347
0.8600748225
0.6559554916
0.3098302099
0.2889991886
0.5468158662
0.5249850148
0.8204307638
0.8872020291
0.3422932589
0.4197126695
0.3395581515
0.3706773709
0.3863300352
0.327057752
0.2870699835
0.2870717353
0.5229967198
0.9149213589
0.287637375
0.2923314422
0.3165309882
0.4925191837
0.9619329174
0.2873300889
0.6414683374
0.370520083
0.777227201
0.3325706816
0.7181170356
0.28811951
0.7739767338
0.2870705091
0.4317262031
0.6314745412
0.5600912551
0.3257026374
0.4589961655
0.771324463
0.3176264078
0.3552781802
0.3785318479
0.3147791797
0.4663956279
0.2965795957
0.9944519915
0.28715687
0.3317290478
0.4795517531
0.5017818713
0.2879718384
0.8096059128
0.364177346
0.287390505
0.4172787716
0.8313853984
0.2878852172
0.8069119831
0.2887971475
0.6577612918
0.5897985186
0.2946813791
0.3389160766
0.5194697369
0.3964695752
0.7552066253
0.2872433967
0.2999133889
0.7321406368
0.472420061
0.3839807287
0.2873696664
0.2882375923
0.2947842493
0.4484726208
0.6348840128
0.3063033408
0.2871682557
0.3086229962
0.4506819013
0.4232981272
0.2961274249
0.9891492771
0.3006522861
0.8466998924
0.9327361056
0.2873799982
0.2876515545
0.840282675
0.3021186851
0.5474887837
0.6075647801
0.2912788429
0.4659822081
0.3332977572
0.4119071623
0.8042044708
0.718551268
0.3570208344
0.5247639413
0.341767525
0.289295165
0.2881004403
0.2870836478
0.3436173366
0.4594048684
0.4144902739
0.5296360788
0.7239648208
0.4135655583
0.7231004619
0.2880077091
0.2920782168
0.3201856405
0.28811951
0.3746489179
0.5754812634
0.8996976443
0.2870910053
0.5531055666
0.3301850162
0.6419220301
0.3024785811
0.4206529842
0.3664736711
0.8656566792
0.643962951
0.6196401561
0.479762588
0.6728303431
0.8310183295
0.3124305291
0.2907962102
0.2870836478
0.2898248126
0.4559400506
