-1.2837e+01,-3.5458e+00
 1.1318e+01,-2.8587e-01
-9.5384e+00,-1.1468e+01
-1.7411e+00,-3.0618e+00
-8.9232e+00, 3.3921e+00
-3.3442e+00, 4.8020e+00
-2.7104e+00, 1.6959e+01
-1.1826e+01, 8.8882e-01
-1.3622e+01,-7.9434e+00
 9.0367e+00, 1.4310e+01
 7.7412e+00, 1.1328e+01
 1.0845e+01,-4.7839e+00
-1.4798e+01, 7.3251e+00
-6.3712e+00,-1.6140e+01
 3.6050e-01, 3.9073e+00
 1.0344e+01, 4.2963e+00
 3.0675e+00, 4.0539e-01
 6.8567e+00,-1.4672e+01
-7.3280e+00, 3.7953e+00
 1.2390e+01,-3.2935e+00
 2.6981e+00,-1.3464e+01
-8.3403e+00,-3.5300e-01
-1.6264e+01,-2.3863e+00
 3.1241e+00, 6.0218e+00
-1.2367e+01, 9.3445e+00
 8.1564e+00,-9.8885e+00
 9.7265e+00,-1.1586e+01
 5.7580e+00, 4.9496e-01
-4.0996e+00, 1.3679e+01
-1.0470e+01, 8.3292e+00
 3.0126e+00,-1.1874e+01
 4.3407e-01, 1.5452e+01
 3.4839e+00,-1.4895e+00
-9.6697e+00,-1.3857e+01
 1.0633e+01, 2.6310e+00
 1.5889e+01,-1.5449e-01
 5.3244e+00,-8.0232e+00
 8.7796e-01,-1.4103e+01
-6.4612e+00, 1.0963e+01
 1.0034e+01, 9.2034e+00
 2.3993e+00, 4.6203e+00
-1.1807e+01, 1.1747e+01
-8.1189e+00, 1.0655e+01
 1.2190e+01,-9.6277e+00
-6.9306e+00,-3.2424e+00
-1.5279e-01,-1.2888e+01
 4.3093e+00, 1.1540e+01
 1.6412e+01, 5.0812e+00
 1.4011e+00,-6.8692e+00
 1.4658e+01,-9.0639e+00
-3.8905e-01, 6.2071e+00
 6.7747e+00, 7.5440e+00
-6.7155e+00, 7.1419e+00
-1.2961e+01, 3.2396e+00
 5.7756e+00, 1.4992e+01
 7.9171e+00,-7.8594e+00
-3.3301e+00,-3.2429e+00
-8.2100e+00,-1.4726e+01
-2.7549e+00, 3.3563e+00
 5.5155e+00,-1.5377e+01
 2.1625e+00, 1.4741e+01
 8.1165e-01,-8.5676e+00
-3.9700e+00,-1.3693e+01
-5.7412e+00, 3.2999e+00
-1.5554e+01,-6.3293e+00
 7.2500e+00, 1.5684e+01
-1.5652e+00, 1.3351e+01
 1.1721e+01, 1.1643e+01
-4.8813e+00, 2.4544e-01
-4.8611e+00,-1.1329e+01
-3.3415e+00, 1.5000e+01
 1.0844e+01, 7.6254e+00
 8.4764e+00, 1.2686e+01
-9.0051e+00,-8.1782e+00
-6.1361e+00, 1.5410e+01
-1.3492e+01,-2.7454e-01
 5.8712e+00, 1.2291e+01
 2.7098e+00, 8.7806e+00
 1.5396e+01, 7.8917e+00
 3.3997e-01, 8.8677e+00
-5.8618e+00, 5.0992e+00
-1.2537e+01,-1.9620e+00
 1.3049e+01, 3.1332e+00
 1.3133e+01, 9.6704e+00
-9.2693e+00,-4.3276e+00
-3.2229e+00, 1.2068e+01
 8.8725e+00,-1.4165e+01
 9.9913e+00,-6.7629e+00
-5.0109e+00,-7.4766e+00
-9.0975e+00, 1.4105e+01
-1.0042e+01,-1.5419e+00
 1.4791e+01,-6.2046e+00
 3.2331e+00,-1.6829e+01
 1.1811e+01,-7.7344e+00
-1.6416e+00,-9.7997e+00
 1.2189e+01, 1.6388e+00
-9.3087e-01,-1.5999e-01
 6.0289e+00, 2.8006e+00
-5.5180e+00, 8.5066e+00
-4.8599e+00, 9.9019e+00
 6.6270e+00, 1.0046e+01
-1.3818e+00, 1.6026e+01
-1.5758e+01, 2.6065e+00
-1.0384e+01,-5.4886e+00
 1.3886e+01,-5.0474e-01
-1.2391e+01,-1.1289e+01
-4.5955e-02,-2.3590e+00
 7.8571e+00,-4.1914e-01
-1.7946e+00, 8.7231e+00
-6.4852e+00,-7.1045e+00
-1.8789e+00,-8.1570e+00
 1.0027e+00, 1.7069e+01
 8.9278e+00, 5.0027e+00
-2.6493e+00,-6.4941e+00
 1.2832e+00, 6.7362e+00
 8.0234e+00,-5.3611e+00
 1.1259e+01,-1.1596e+01
 6.2233e-01,-5.4368e+00
 7.6231e+00,-1.3064e+01
-1.6733e+01, 3.6139e-01
-1.2916e+01,-9.8004e+00
 8.1488e+00, 2.6618e+00
 1.3269e+01,-4.9064e+00
 4.4644e+00,-6.2206e+00
-4.4818e+00,-5.3326e+00
 8.3658e+00, 9.1336e+00
 8.9107e+00,-3.1924e+00
 2.3356e+00,-1.5176e+01
 9.5168e+00,-9.5233e-01
-7.8544e-01,-5.9635e+00
 5.5033e+00,-1.1459e+01
-1.3484e+01, 1.7392e+00
 1.5273e+01,-3.2652e+00
 2.2810e+00, 1.1413e+01
 1.5898e+01, 3.0141e+00
-1.0656e+01, 5.5587e+00
 3.5042e+00,-1.0456e+01
-9.9869e+00, 1.0590e+01
 1.2341e+01, 8.1417e+00
-6.1142e+00,-1.2480e+00
 7.1697e+00,-3.5513e+00
-2.9213e+00, 6.7972e+00
-4.9204e+00, 7.0171e+00
-1.1234e+01, 1.3269e+01
-6.9296e+00, 1.3848e+01
 4.4760e+00, 1.3308e+01
-8.0584e+00, 1.2552e+01
-8.5195e+00,-2.8573e+00
-3.3383e+00,-1.7389e+00
-1.5400e+01, 5.0148e+00
-3.7740e+00,-1.0066e+01
 2.1656e+00,-3.5070e+00
-1.0418e+01, 2.1231e+00
-1.6877e+00,-1.4681e+01
 2.9567e+00,-6.0773e+00
-1.0913e+01,-1.2236e+01
-1.6972e+01, 4.0910e+00
 3.4785e-01, 1.3267e+00
 2.7885e+00, 1.9743e+00
-1.0686e+01,-9.9346e+00
 5.2826e+00,-9.7693e+00
 1.2691e+01, 4.7691e+00
 4.9067e+00, 7.5164e+00
 1.3663e+01, 6.0653e+00
-1.1250e+01,-3.4375e+00
 9.2884e+00, 1.0523e+01
-9.6980e+00, 6.6764e-01
-8.8666e+00, 8.6661e+00
-2.2906e+00, 1.5959e+00
-4.2284e+00,-1.6620e+01
-7.9745e-02,-1.0278e+01
-1.1929e+01,-5.4924e+00
-1.6071e+01,-4.5250e+00
 7.2442e+00,-1.1481e+01
 1.0181e+01,-1.0030e+01
-8.0466e+00, 1.5453e+00
 9.4503e+00, 1.5150e+00
-1.1362e+01,-7.6882e+00
-8.9084e+00, 6.1995e+00
-6.0311e+00,-4.7394e+00
 5.4386e+00,-1.3172e+01
-8.6616e+00,-9.7907e+00
 7.2533e-01, 1.0682e+01
 5.4746e+00,-3.5293e+00
 4.2818e+00, 4.9743e+00
-2.1917e+00,-1.6446e+01
 2.4443e+00,-8.4989e+00
 4.1097e+00, 1.6500e+01
-1.3828e+01,-5.7113e+00
 4.1963e+00, 2.7574e+00
 4.3362e+00, 8.9225e+00
 1.4346e+01, 1.4406e+00
-6.6833e+00,-1.1411e+01
 1.3886e+01,-2.1466e+00
 1.3925e+00,-1.1419e+01
 1.3962e+01,-7.5359e+00
-1.6794e-01, 1.2391e+01
 1.6378e+01,-1.6632e+00
 1.0590e+00,-1.6853e+01
 1.0736e+01,-1.3753e+01
 1.6031e+01,-4.7291e+00
 2.5145e+00, 1.6741e+01
-2.9703e+00,-1.2169e+01
 1.0600e+01,-3.1280e+00
 6.0769e+00, 5.0635e+00
 1.3300e+01,-1.1058e+01
 1.7971e+00,-1.5978e+00
-8.5989e+00,-6.4451e+00
-7.7100e+00,-1.2721e+01
-1.1522e+01, 7.0294e+00
-9.7398e-01, 1.0311e+01
-1.3837e+01, 1.0641e+01
-5.7579e+00, 1.7339e+00
 5.4476e+00,-1.7449e+00
-5.0522e+00,-2.9562e+00
-1.5371e+01,-7.8679e+00
 9.7068e+00, 6.4939e+00
 6.4866e+00,-5.5368e+00
-1.3142e+01, 5.9004e+00
-1.3446e+01, 8.1610e+00
-2.1543e-01,-1.5672e+01
-1.4637e+00, 4.4984e+00
-1.4048e+01,-2.5938e+00
-2.5805e+00,-4.6505e+00
-4.3986e-01,-7.6887e+00
-5.3629e+00,-9.0849e+00
-3.1466e+00, 3.4609e-01
 1.0713e+01, 1.2935e+01
-5.9884e+00, 1.2633e+01
-4.1315e+00, 2.5199e+00
-7.2381e+00, 8.5596e+00
 1.1421e+01, 6.2403e+00
-4.5617e+00, 1.5880e+01
-3.5089e-01,-1.7412e+01
 1.7418e+01, 1.5474e+00
-1.4841e+01, 9.0540e+00
 1.1755e+01,-6.0354e+00
 1.4356e+00, 1.2675e+01
 3.6608e+00,-3.1250e+00
-6.8518e+00,-8.7717e+00
-3.3064e+00, 8.6492e+00
-6.7126e+00,-1.3972e+01
-1.5110e+01,-8.8590e-01
-1.6542e+00,-1.2935e+01
-9.8930e+00, 1.2534e+01
 1.5641e+01,-7.5203e+00
 4.0620e+00,-1.4617e+01
 6.9323e-01,-3.8663e+00
-1.7399e+01,-1.2745e+00
-5.0056e+00, 1.1491e+01
-5.0280e+00,-1.4947e+01
 1.5398e+01, 6.3604e+00
-1.5999e+01, 6.3939e+00
 4.5689e-01, 1.3893e+01
-1.4657e+01,-9.3528e+00
 1.3392e+00, 2.6959e+00
