0.8916984717
0.9930273155
0.5655848846
0.3881896409
0.2882184135
0.2865422581
0.2878155718
0.4315620325
0.3220672554
0.3935147059
0.5141531468
0.7898247826
0.2948889255
0.2888144536
0.2879614343
0.8322988887
0.2876084944
0.4711803925
0.3220672554
0.4393652364
0.7313912374
0.5095689121
0.3424316855
0.300279253
0.7464135593
0.295557011
0.3040224854
0.840563585
0.7539324364
0.477242
0.4875986641
0.6331649072
0.9549845395
0.3472925777
0.2966643822
0.4300175619
0.2868585126
0.3105640834
0.7083140983
0.3670471629
0.5597251868
0.695612261
0.8866533211
0.7453638997
0.2909368515
0.3730217103
0.3180699716
0.5766592458
0.3892121198
0.3524709484
0.329880532
0.2896580213
0.2928858814
0.8725602644
0.3145844888
0.4844135459
0.3452456943
0.5460346589
0.6324853239
0.3041779513
0.3853142518
0.5227151062
0.3123978632
0.2882450648
0.6591175837
0.8003853217
0.3645843891
0.8684765129
0.40954702
0.3238158152
0.4250364334
0.5845889178
0.4778720228
0.2897981505
0.4789232673
0.3040224854
0.3693846123
0.2970266665
0.5326653453
0.538222761
0.3471551697
0.9932096269
0.4955077718
0.631805643
0.3428299741
0.2861902484
0.4007151886
0.5194148922
0.6730013996
0.8959011263
0.3647373828
0.4026767629
0.3047272052
0.2863196513
0.4647602335
0.7560087033
0.8830787741
0.70504115
0.2939841066
0.5464820832
0.9483418392
0.3626068312
0.4313686738
0.522935427
0.3012642622
0.5342194133
0.732030937
0.7447334869
0.3233750644
0.3047272052
0.9822218946
0.8023194962
0.4569789152
0.933457085
0.6170600634
0.3864943436
0.7780703822
0.5137157394
0.9722149332
0.2882184135
0.3123046754
0.6847899885
0.4770321136
0.3141020923
0.7634374793
0.3762357685
0.3200411046
0.2873949102
0.3372408762
0.3698553945
0.2876759575
0.716781979
0.2974569491
0.8147222818
0.5664874832
0.405010858
0.2864689358
0.4017836028
0.2880877567
0.6689802105
0.9658462321
0.4161860947
0.5161235465
0.6336179074
0.5814154519
0.6892166977
0.3105640834
0.3483966997
0.5780176295
0.3543334774
0.3744621745
0.3453812015
0.9148611049
0.3208875419
0.3021342436
0.962345888
0.8719104984
0.567164614
0.8195990947
0.6867835692
0.2923676344
0.4225683197
0.2886363684
0.3069201182
0.6147891622
0.2862169689
0.549616972
0.4861107031
0.7021976783
0.8164159591
0.5011078814
0.29101826
0.3673572311
0.9330907296
0.8229463857
0.4466988
0.2877683393
0.2872751031
0.3407201674
0.4785025892
0.3191005235
0.6557455613
0.7812796672
0.3004179881
0.287354279
0.9578027059
0.3679788401
0.8660004477
0.61728713
0.3717494118
0.7798775567
0.4252269145
0.7711987175
0.7109261375
0.3014795381
0.441731799
0.3541894189
0.3759122363
0.4290550669
0.5467058351
0.9278667809
0.2882718894
0.2862662162
0.6696509835
0.313910227
0.3332509124
0.287354279
0.2887843404
0.4594253116
0.2865204367
0.6032039402
0.3757506465
0.2901605267
0.2872365586
0.8712593443
0.4525207142
0.698250287
0.5249199971
0.4037519134
0.3117488562
0.3214215028
0.6960522821
0.3722256255
0.6150162702
0.7375570548
0.4639364672
0.876909686
0.6263649803
0.2862305908
0.8818243387
0.2862269234
0.8118865548
0.5746225366
0.6894376985
0.7689607145
0.6254577003
0.399473391
0.286190423
0.2902725945
0.3695414183
0.6417634891
0.3873406073
0.2862426408
0.8220189812
0.3195170323
0.3645843891
1
0.611836463
0.3945573519
0.3029524824
0.3132436273
0.7943464496
0.3205689871
0.8660004477
0.8173543591
0.4176781693
