-1.5585e+01, 7.4166e+00
 1.5082e+01, 5.5128e+00
 9.1882e+00, 5.3179e+00
-1.1284e+01, 8.4110e+00
-4.9417e-01,-1.0469e+01
-1.5442e+01,-2.8283e+00
-5.8434e+00,-3.6460e-01
-2.7696e+00, 8.8502e-01
-4.0300e-01, 1.6791e+01
 1.2006e+00,-1.6650e+01
-3.9115e+00,-9.9622e+00
 5.3822e+00,-1.5648e+01
-1.1150e+01,-2.1232e+00
 1.5448e+01, 7.9761e-01
 3.7606e-01,-1.4537e+01
 2.9194e+00,-4.4184e+00
 1.0008e+01, 2.4652e+00
-7.7176e+00, 5.8013e-01
 6.3819e+00,-1.3648e+01
 1.3829e+00, 2.0154e+00
-7.5726e+00,-1.1937e+01
-6.1202e-01, 3.7399e+00
-3.5069e+00,-6.9476e-01
 1.3126e+01, 4.9248e+00
-3.1651e+00, 4.8178e+00
-7.8122e+00,-1.4089e+01
 1.4415e+01,-2.1715e+00
 1.1912e+01,-2.8246e+00
-1.3184e+01, 9.0517e+00
-2.0622e+00,-9.9641e+00
 1.5266e-01, 1.0837e+01
-7.3366e+00,-2.0295e+00
 1.5950e+01,-8.9432e-01
 1.2327e+00,-1.4516e+00
-2.4680e+00,-4.9294e+00
-1.0024e+01,-1.0987e+01
-9.7276e-01,-4.2416e+00
 6.1940e+00, 1.2657e+01
 1.7899e+00, 1.7325e+01
-6.4139e+00, 1.6450e+00
-3.0473e+00,-1.1624e+01
 8.4712e+00,-4.9344e+00
-4.0203e+00, 1.5416e+01
-1.2701e+01, 7.5147e+00
-4.8104e+00, 1.5039e+00
 6.3100e+00, 2.1391e+00
 7.2642e+00, 9.7141e+00
-9.9269e+00, 3.9960e+00
-4.9893e+00, 4.5457e+00
-5.4888e+00, 9.2581e+00
-7.9839e+00, 3.8035e+00
 1.6131e+01,-2.9399e+00
 1.0523e+01,-8.1393e-02
 1.0033e+01,-7.0876e+00
-1.6541e+01, 1.8821e+00
-8.0761e+00,-4.6866e+00
 1.2519e+01,-1.0295e+01
 5.6185e+00, 6.3616e-02
 7.4475e-01,-1.3057e+01
 4.6133e+00, 1.0255e+01
-1.0005e+00,-1.5600e+01
-4.1814e-01, 7.3821e+00
-4.6673e+00,-8.0622e+00
-1.3715e+01,-2.4445e+00
 4.6423e+00, 8.7429e+00
 1.1065e+01, 1.1391e+01
 1.8571e+00,-6.9072e+00
 4.9389e+00,-1.2121e+01
-2.6208e+00, 1.6608e+01
 9.1032e+00, 1.2937e+01
 1.3665e+01,-6.9661e+00
-3.7382e+00,-3.6768e+00
 1.4671e+01,-5.8020e+00
-4.7990e+00,-1.6175e+01
-9.4569e+00,-6.9221e+00
 3.3704e+00, 1.5999e+01
 1.5292e+01, 7.9595e+00
 5.3351e+00,-3.2870e+00
-1.4996e+01, 2.2797e+00
-9.2672e+00,-3.1623e+00
-5.4470e-01, 1.5245e+01
 9.7868e+00,-1.3589e+01
-5.7076e+00, 7.2496e+00
 9.8339e+00, 7.7777e+00
-1.1525e+01,-1.1862e+01
-6.6736e+00, 1.1012e+01
 3.5895e+00,-1.0633e+01
 1.5477e+00, 6.9771e+00
 3.3127e+00,-8.1056e+00
 3.2115e+00, 6.3011e+00
-6.8689e+00,-1.5938e+01
-1.3804e+01, 4.7219e+00
-3.7227e+00, 1.3028e+01
-1.2508e+00, 1.3336e+01
 8.4569e+00,-2.3331e-01
-1.3057e+00, 4.1371e-01
-1.1849e+01, 2.0823e+00
-3.4619e+00,-1.4211e+01
 1.3468e+01, 1.0609e+01
-1.3134e+01,-4.7310e+00
 6.1750e+00, 8.3994e+00
 1.2878e+01, 8.6026e+00
 1.1302e+01, 5.6044e+00
 7.0647e+00, 1.5793e+01
-1.5188e+01,-4.9478e+00
 4.2407e+00, 1.3442e+01
 2.7453e+00, 1.0838e+01
-9.0609e+00,-1.2116e+00
-1.2423e+01, 1.1482e+01
-7.1154e+00, 5.8727e+00
 3.1817e+00,-5.9952e+00
-2.3625e+00,-1.7297e+01
-5.8665e+00,-3.3614e+00
-6.2861e+00, 1.3837e+01
 1.2539e+01, 6.8049e+00
-1.1945e+01, 5.4372e+00
 3.8288e+00,-1.3936e+01
 7.7463e+00,-8.4289e+00
 7.1370e+00, 6.1253e+00
-1.2612e+01,-8.3419e+00
-1.2772e+01, 3.1429e-01
-9.5730e+00, 2.3766e+00
 8.6587e+00,-3.3129e+00
-4.3477e+00, 8.1338e+00
-1.0492e+01,-8.8215e+00
-1.4269e+01,-6.1795e+00
-6.3810e+00,-5.0926e+00
 5.4861e+00, 1.4767e+01
 2.6601e+00, 1.2584e+01
-8.3582e+00, 1.4330e+01
 8.8115e+00, 1.0433e+01
-6.2147e+00,-1.0990e+01
 1.1980e+01,-8.1353e+00
 1.4891e+01,-8.4788e+00
 1.7170e+01,-6.2331e-03
-9.4031e+00,-1.2624e+01
 1.0289e+01,-3.4364e+00
 1.5625e+01, 3.5211e+00
-5.3943e+00,-1.2332e+01
-8.3936e-01,-2.1545e+00
 1.3642e+01,-1.5584e-01
 5.8365e+00,-1.0637e+01
 1.2387e+01, 8.7240e-01
 7.5886e-01, 1.4106e+01
-1.0579e+01, 7.0203e+00
-1.5806e+01,-6.6365e+00
 4.6483e+00, 3.5171e+00
-2.4923e+00, 7.1501e+00
 1.6191e+01,-5.8536e+00
 9.9628e+00, 3.9667e+00
-1.0756e+01,-5.5127e+00
 9.5912e+00,-1.1094e+01
 1.0328e+01,-9.1648e+00
-1.3235e+01,-9.7076e+00
-5.4395e-01,-7.2227e+00
-3.5312e+00, 1.0891e+01
-5.5652e+00,-1.4781e+01
 2.3829e+00, 8.6268e+00
 1.1602e+00, 3.9794e+00
-1.0986e+01, 1.3061e+01
-2.6181e+00,-7.4985e+00
 8.1429e+00, 8.4321e+00
 2.6908e+00, 4.0662e+00
 5.0732e+00, 5.3772e+00
-1.5339e+01, 5.3079e+00
 1.2397e+01,-4.5953e+00
-9.5850e+00, 9.8150e+00
 5.5182e+00,-4.9256e+00
 6.9845e+00,-1.6037e+00
-2.4092e+00, 3.1566e+00
 4.0065e+00,-2.4648e+00
 1.4094e+01, 1.8058e+00
 3.7162e+00,-1.6070e+01
 5.5430e+00,-8.7468e+00
 1.6965e+00,-1.1455e+01
-1.3363e+01, 1.8507e+00
-6.0549e+00, 1.5508e+01
-1.5533e+01,-7.3103e-02
-9.8363e+00,-1.4444e+01
 1.2828e+01, 3.2482e+00
 8.0113e+00, 1.6740e+00
-1.1228e+01, 1.0071e+01
-3.4927e+00,-6.1451e+00
 5.6507e+00, 1.6329e+01
 7.7470e+00, 3.8795e+00
-8.6626e+00, 7.4832e+00
 7.8834e+00,-1.3133e+01
-8.0584e+00, 1.2765e+01
-1.2106e+01,-6.4406e+00
 7.0739e+00,-3.9962e+00
-1.6677e+01,-4.4220e+00
-9.7119e+00, 1.1681e+01
 1.1300e+01, 8.8085e+00
 1.1272e+01,-1.2411e+01
-1.4042e+01,-9.1920e-01
 1.1796e+00, 1.5579e+01
 9.0117e-01,-9.0714e+00
-6.8585e-01,-1.2028e+01
-6.5602e+00,-6.6437e+00
-1.0982e+01,-1.3269e+01
 7.4358e+00,-1.0984e+01
-1.4600e+01, 9.5705e+00
 6.4531e+00,-7.2470e+00
-4.3034e+00, 1.6928e+01
-7.4734e+00, 8.9776e+00
 5.7717e-01, 5.4639e+00
 4.6901e+00, 7.2232e+00
-1.4938e+01,-8.5492e+00
-8.2189e+00, 1.0591e+01
-5.4387e+00, 1.2448e+01
 3.8077e-01,-5.4246e+00
-1.6418e+01, 3.6193e+00
 1.2266e+01,-1.1541e+00
-1.1806e+01,-3.8864e+00
 9.5043e+00,-1.5183e+00
 2.8697e+00, 1.7923e+00
 6.0790e+00, 4.2277e+00
 8.9701e+00, 1.4954e+01
-6.3451e+00, 3.5160e+00
-1.5632e+00, 1.1492e+01
-3.6755e-01,-1.7489e+01
-6.8893e+00,-9.0626e+00
-1.2785e+00, 2.0942e+00
-1.0566e+00,-1.3745e+01
 7.7381e+00,-6.3913e+00
 1.7339e+01, 1.7735e+00
 8.4584e+00,-9.8420e+00
 7.0295e+00,-1.5390e+01
-8.0687e-02, 8.8866e+00
-9.4270e+00, 5.7125e+00
 1.0516e+01,-5.4636e+00
-1.0923e+01,-3.7102e-01
-2.1736e+00, 8.6986e+00
 7.7476e+00, 1.3854e+01
 1.2448e+01, 1.2176e+01
-1.2218e+01, 3.6444e+00
 4.1858e-01, 1.6047e-02
-1.4083e+00,-8.4794e+00
-5.4108e+00,-9.3707e+00
 1.7234e+01,-1.8167e+00
 1.0894e+01, 1.3614e+01
 1.0306e+00,-3.4219e+00
 8.7267e+00,-1.5108e+01
 4.1753e+00,-8.4500e-01
-1.7245e+01, 3.6701e-01
-8.4929e+00,-1.0251e+01
-1.7351e+01,-1.2024e+00
 7.6267e+00, 1.1472e+01
-4.0356e+00, 2.8980e+00
 2.9030e+00, 2.2880e-01
 2.2336e+00,-1.4079e+01
-5.0212e+00,-6.4324e+00
-1.1400e+01,-1.0135e+01
 1.3863e+01,-3.9064e+00
-2.5220e+00,-2.5021e+00
 1.2761e+01,-1.1885e+01
