0.8591394764
0.4776426256
0.287067859
0.3647299921
0.6817339971
0.3752552705
0.3934983936
0.2927646332
0.2973287654
0.9461911575
0.3651895299
0.9904179603
0.518963076
0.4184062689
0.7118624336
0.3778483046
0.9142702377
0.4391472498
0.7847862677
0.344438471
0.5233647166
0.3333840018
0.3273282918
0.6663369675
0.4425018912
0.7192302423
0.2868426615
0.4371848718
0.5086833375
0.2864933897
0.9606321098
0.3909092896
0.2868988796
0.4649458434
0.3024761844
0.3730111632
0.4165385614
0.2994461805
0.3408562398
0.7777773769
0.583688328
0.6179879546
0.3082264823
0.2866907474
0.3570913598
0.3581201728
0.3009583015
0.3113229993
0.517206824
0.3328953741
0.9233573591
0.5216022072
0.3636620999
0.8223472685
0.7678393533
0.621167473
0.5554487373
0.5207218722
0.4801676944
0.740180639
0.3055670608
0.8887008048
0.5811942806
0.4757545434
0.8694806411
0.2863449019
0.7600355583
0.4974258525
0.7749526499
0.5527530001
0.6490219115
0.4330908214
0.3331393996
0.3615447484
1
0.5176456455
0.3298939661
0.3192279617
0.4340622467
0.3902229831
0.8373247405
0.6138986429
0.2987853807
0.3313233083
0.3148071095
0.8016732958
0.4865173229
0.3563603679
0.2918982934
0.84391284
0.699407706
0.3053262155
0.5462527272
0.3612442872
0.3212289082
0.2875930679
0.734666148
0.4649458434
0.8591394764
0.6656647541
0.6127625181
0.3083122422
0.6068538557
0.7602419711
0.6866148715
0.6216215974
0.3035283093
0.4502837174
0.2867263713
0.3160820952
0.5348772518
0.2969029993
0.6717067463
0.317282274
0.9837421362
0.9098387508
0.895811911
0.4772226245
0.2905788136
0.5097724171
0.5041215972
0.6826225188
0.8724213474
0.4078879575
0.3396846498
0.4373807407
0.2872039936
0.7877664587
0.2864208962
0.9676598351
0.2933928489
0.326869472
0.4113593109
0.295845928
0.2869578869
0.2913829209
0.6792881379
0.4348409017
0.7367910006
0.8024467289
0.2863377389
0.870463988
0.5469241714
0.347293812
0.4452818006
0.8032190667
0.5570227539
0.2990477061
0.9332185363
0.2865639551
0.2922555567
0.2960183245
0.3744511314
0.2878832645
0.5462527272
0.2880764366
0.2913829209
0.5818743509
0.6309245014
0.8061055179
0.9791104883
0.421602637
0.8591394764
0.5161104829
0.3565063073
0.3851318368
0.3269839549
0.9149537448
0.9316172607
0.2946280511
0.7037917953
0.3136535862
0.9940984731
0.3898804848
0.3931517773
0.2865015993
0.2869578869
0.3120580748
0.2900929945
0.3783378334
0.4150511562
0.295116399
0.5766631008
0.3156869935
0.3897093997
0.2863911982
0.3975151242
0.7131660968
0.6057175065
0.3249459922
0.3661119576
0.3584152778
0.3182994039
0.9600509265
0.3105081429
0.3025502719
0.6463132368
0.2868290428
0.2877233558
0.8801250734
0.4722018484
0.7775760072
0.4604268368
0.28691337
0.2936421237
0.6467648488
0.3068761514
0.4071616728
0.8737193115
0.2864408108
0.357972813
0.4948467943
0.5359890333
0.4492795196
0.2912579307
0.7092507791
0.2877012066
0.4630931545
0.2880271021
0.6783978684
0.2863487455
0.6939074732
0.5462527272
0.3083122422
0.6195778485
0.2869884363
0.286341233
0.3386527575
0.2863344194
0.7670218069
0.2864084931
0.6819561721
0.8937148895
0.2868155985
0.5861835538
0.9088562734
0.3266409508
0.3478444745
0.2869280347
0.286789233
0.9515135393
0.9167195292
0.2869578869
0.2863045433
0.2951715046
0.3641190188
0.4539142971
0.338268117
0.3912530962
0.5821010622
0.4409203437
0.7631258429
0.5304382755
0.9378012628
0.3639665874
0.8110715567
