0.7903992932
0.340837226
0.2865488865
0.6358916542
0.6505885787
0.587510678
0.8894522818
0.3544470527
0.2904087975
0.2915204829
0.2872981654
0.3100736826
0.7094833367
0.5637394012
0.307731522
0.4653045554
0.3603147733
0.9209011604
0.2935882828
0.3341075416
1
0.9176951136
0.6170544296
0.2918194183
0.3955420857
0.3395371299
0.3702817079
0.2985590817
0.9024349178
0.5108119147
0.4221187853
0.5370550651
0.598641767
0.5488957621
0.4420531102
0.9646321664
0.441064918
0.368402326
0.3166832656
0.4875276189
0.4091144517
0.633625465
0.8103858734
0.6381566413
0.7727753209
0.8211281382
0.4148162213
0.5545068694
0.4988816443
0.7848443388
0.7431689749
0.6928113061
0.3422834331
0.7792397281
0.3213342365
0.6708091146
0.5323867805
0.7079567478
0.9666388605
0.3239408624
0.7391532817
0.750518204
0.3972938482
0.3971181969
0.4432415731
0.545760415
0.2932926255
0.68217978
0.336348426
0.8877613335
0.7404233382
0.3136612895
0.3183013325
0.6438132596
0.9453841748
0.5158413186
0.4120456987
0.3612126465
0.2926730603
0.6365712807
0.5127772515
0.9027250979
0.8522304564
0.2871457479
0.2993443162
0.29499436
0.8664644922
0.7553126033
0.5395058975
0.5164989696
0.3910374656
0.2887595493
0.3598675545
0.361663296
0.344686058
0.5734560123
0.3251645302
0.8626258885
0.4159304392
0.3127185114
0.3244948283
0.3153977601
0.4794822132
0.3829158888
0.7814473792
0.4558879572
0.3353467595
0.5786646787
0.8101953359
0.435763732
0.6011420973
0.6084168965
0.7953160768
0.5001761281
0.4956533347
0.6417778955
0.2903715865
0.310162664
0.351026622
0.2917761995
0.2919501013
0.5099395674
0.3073106082
0.7033656739
0.9672664089
0.7992196759
0.5990963461
0.298753143
0.4053054588
0.833085836
0.3330045278
0.2865417221
0.6234151742
0.7456958308
0.3098961972
0.4935075388
0.3149103323
0.3333709025
0.3313119942
0.5424069993
0.2938393385
0.6586976149
0.4502303055
0.2869786307
0.3460400637
0.2993443162
0.5533834482
0.5834260113
0.2912299437
0.4113105506
0.4510349815
0.286398595
0.9607537288
0.286845016
0.970495339
0.2879776591
0.2865417221
0.2954904718
0.6983185489
0.3535848257
0.3421512654
0.2866484824
0.9976953599
0.4080217007
0.3417555945
0.5167182689
0.317184666
0.2942498562
0.2966418297
0.5068919784
0.9017078246
0.5567554206
0.7452751985
0.573682327
0.4474234769
0.8715667555
0.8553300436
0.2960002495
0.2865417221
0.8953585335
0.3425481839
0.5895540384
0.394844349
0.477379102
0.3050280329
0.3955420857
0.7641982588
0.2907514381
0.9286682256
0.4796928549
0.3311921874
0.9224830231
0.8213144927
0.9569988991
0.2891468048
0.2864693754
0.316185736
0.4224970571
0.4847659034
0.6894968329
0.286398595
0.633625465
0.2883490892
0.8332673008
0.317184666
0.7022701154
0.7293583834
0.9612363395
0.4153729039
0.4843418736
0.6875046422
0.3951930045
0.2935385814
0.4280223342
0.339278791
0.4311024625
0.7898065332
0.4805360172
0.3330045278
0.3420192364
0.7672733072
0.8301719895
0.4211746986
0.2865873285
0.2874076153
0.2874076153
0.9556791856
0.4418553117
0.3752171963
0.2868703435
0.353728202
0.286687269
0.663415627
0.4076582409
0.29399201
0.8363404057
0.751145164
0.9164783645
0.2863984203
0.4083855563
0.2885357838
0.4262995876
0.4971584605
0.8968504367
0.9928101853
0.3106998909
0.3196450134
0.4105769555
0.3241619988
0.9084494165
0.3621150841
0.537500395
0.5560806203
0.8935560745
0.3081564522
0.5852410555
