 7.3869e+00, 6.5196e+00
-9.5015e+00, 1.3023e+01
-8.3587e+00, 5.2973e+00
-7.5073e+00,-9.1852e-01
-2.5155e+00, 2.7012e+00
 4.8459e+00,-4.0791e-01
 4.1893e+00,-1.1104e+01
-5.6751e-01, 1.6881e+01
 7.7755e+00,-7.2736e+00
 7.0644e+00, 1.2152e+01
 1.5010e+01,-4.7635e+00
 5.3752e+00, 5.6392e+00
 3.7045e+00,-3.8428e+00
-6.6199e+00, 4.4422e+00
-1.6517e+00,-4.6676e+00
-1.2709e+01, 9.0149e+00
-1.7465e+00, 1.1156e+01
 6.1100e-01, 1.4121e+01
-3.0684e+00,-1.5734e+01
 1.2070e+01, 5.1104e+00
 1.1585e+00, 1.1472e+01
-1.2983e+01,-8.5597e+00
-1.2917e+01, 7.2259e+00
-4.8923e+00,-9.3868e+00
 1.5602e+01, 7.3502e-01
-2.8499e-01, 5.1398e+00
 4.3650e+00, 2.1505e+00
-1.1206e+01, 2.7114e+00
 8.7212e-01,-7.3426e+00
 3.6069e+00, 7.1638e-01
 1.1791e-01,-1.3267e+01
 9.2726e-01, 9.4157e+00
 1.4086e+01, 5.2692e+00
 9.8124e+00,-3.7559e+00
 1.4230e+01, 8.5446e+00
 4.1346e+00, 1.5497e+01
-1.5006e+01,-7.6276e-01
-9.6442e+00,-5.1952e+00
 8.5846e+00, 1.1518e+01
-5.6430e+00, 7.5268e+00
 5.3983e+00, 8.7924e+00
 4.0864e+00, 1.0208e+01
-4.5805e+00, 1.5911e+01
-1.4018e+01,-1.0264e+01
 6.5303e+00,-4.9390e+00
 1.0012e+01,-1.1438e+01
-5.8062e+00,-4.3050e+00
-1.6037e+01, 1.7290e+00
-2.7189e+00, 1.3594e+01
-1.1283e+01,-6.1924e+00
-4.6707e+00, 4.0236e+00
 1.0387e+01, 1.2227e+00
-7.2212e+00, 1.3106e+01
-9.5509e+00,-1.1498e+01
-8.8967e+00,-7.0510e+00
-1.3818e+01,-6.3402e+00
-1.0912e+01,-1.4705e+00
-4.7308e+00, 1.0280e+01
 1.3508e-01,-4.7143e+00
 6.0585e+00, 1.0164e+01
 6.9626e+00, 1.4690e+01
 8.7530e+00, 5.8653e+00
-1.6620e+01, 3.4126e+00
 1.0630e+01,-1.2861e+01
 1.1076e-01, 6.6195e+00
-1.1064e+01, 6.9650e+00
-1.3550e+01, 3.4143e+00
-1.6348e+01,-5.1415e+00
 1.7236e+00,-1.2209e+01
 7.0288e+00, 8.2497e+00
-1.6652e+01,-1.9772e+00
-7.6368e-01, 9.8937e+00
-2.1687e+00,-1.4292e+01
-3.3220e+00,-7.5949e+00
-3.4756e+00,-1.7336e-01
-8.6408e+00,-1.0257e+01
 1.1323e+00,-9.9183e+00
-1.2968e+01,-1.1483e+01
 5.2278e+00, 1.3175e+01
 1.0435e+01,-8.1317e+00
 5.6824e+00,-1.1340e+01
-8.9797e-01,-7.1107e+00
 1.5413e+01, 7.1088e+00
-1.4612e+01, 6.1204e+00
 7.0825e-01, 3.5306e+00
-1.6168e+01, 5.8742e+00
-2.9198e+00,-2.7622e+00
 5.8080e+00, 8.0722e-01
-6.1349e+00, 4.9746e-02
-3.9194e+00,-4.0245e+00
-8.5234e+00, 1.9216e+00
-8.4958e+00, 1.1309e+01
-1.3483e+00,-1.5667e+01
-1.3723e+01, 6.2577e-01
 1.3384e+01, 1.5531e+00
 1.4057e+01,-1.2621e+00
-6.5002e+00,-1.3235e+01
-8.0663e+00,-1.4511e+01
-2.7734e+00, 7.5617e+00
-1.1898e+00,-1.2023e+01
-1.2067e+01, 1.1107e+01
 1.6741e+01,-3.1170e+00
 8.1279e+00, 9.6123e-02
 5.5313e+00, 3.7832e+00
-6.5622e+00,-6.3807e+00
-5.3510e-01, 1.5106e+00
-9.9342e+00,-1.3363e+01
-4.4018e+00, 8.3709e+00
-1.6535e+01,-4.3518e-01
 3.1999e+00,-1.4778e+01
-1.0944e+01,-1.2106e+01
-1.4509e+01,-8.5203e+00
 6.8910e+00, 2.1295e+00
 1.0048e+01,-2.6753e-01
-4.4606e+00, 1.3052e+00
 7.5982e+00,-1.1982e+01
 1.3140e+01,-2.6719e+00
 4.0673e+00, 4.7241e+00
 9.0165e+00,-9.7835e+00
 1.2601e+01, 3.0650e+00
 8.5053e+00, 8.7270e+00
 8.5836e+00,-4.8090e+00
 9.0242e+00, 1.4175e+01
 2.1199e+00,-4.4739e-01
 5.6847e+00,-7.8877e+00
 4.6304e+00,-1.6686e+01
 9.1735e+00, 3.6723e+00
 1.4784e+01, 3.3637e+00
 1.2998e+01,-9.3497e+00
 1.8830e+00, 8.0076e+00
-2.9100e+00,-1.2972e+01
-5.4236e-02,-1.5419e+00
 2.5730e-01,-1.5525e+01
 2.5935e+00, 1.4200e+01
 7.6988e+00,-1.6368e+00
 6.2805e+00,-3.2179e+00
 2.5743e+00, 5.7787e+00
 2.3913e+00, 1.0279e+01
 6.6713e+00,-1.5728e+01
-7.6193e+00, 6.6530e+00
-6.1238e+00, 1.1566e+01
-8.4883e+00,-2.7833e+00
 6.3614e+00,-9.3320e+00
-1.2678e+01,-3.6383e+00
 1.6777e+01, 4.0582e+00
-3.4971e+00,-1.1586e+01
 1.3113e+01,-4.5134e+00
 1.1787e+01, 7.8875e+00
 2.4497e+00, 1.2567e+01
 1.3135e+01, 9.9654e+00
 2.2897e+00,-1.6300e+01
 1.0487e-01, 1.2594e+01
-2.7666e+00, 1.6768e+01
 1.8689e+00, 1.6015e+01
-1.0519e+01, 4.4069e-01
-1.1587e+01,-9.4650e+00
 2.2467e+00,-5.2461e+00
-6.5167e+00,-1.0859e+01
 1.0406e+01, 5.2120e+00
-6.6399e+00,-1.5988e+01
 1.6766e+01, 1.9268e+00
-5.6156e+00, 1.3173e+01
-1.2619e+01, 4.7227e+00
 2.8441e+00,-9.2156e+00
 1.0542e+01, 1.3476e+01
-1.5352e+01,-6.5527e+00
 1.1364e+01,-4.1380e+00
-1.7707e+00,-1.0100e+01
 1.0371e+00, 9.5119e-01
 4.9513e+00,-1.3144e+01
 1.0061e+01, 1.0952e+01
 8.2624e+00,-1.4484e+01
 1.0283e+01,-6.4889e+00
 1.7101e+01,-1.0119e+00
-7.9874e+00, 1.5160e+01
-1.0799e+01, 5.4011e+00
-6.5457e+00,-9.2019e+00
-1.0339e+01, 9.3943e+00
-4.5068e+00,-6.3551e+00
 4.0063e+00,-6.2088e+00
-5.1163e+00, 6.0784e+00
-7.0528e+00, 8.1478e+00
 1.1131e+01,-2.1775e+00
 1.2322e+01,-5.8469e+00
 1.2253e+01,-6.8765e-01
-5.9175e+00, 1.4758e+01
 1.0071e+01, 8.7185e+00
-7.2798e-01, 1.4862e+01
 1.4858e+01,-8.2644e+00
-1.5833e+01,-3.6850e+00
 2.3444e+00,-6.9591e+00
-7.5867e+00,-4.9456e+00
 3.9821e+00, 6.9458e+00
-1.5293e+01, 4.2323e+00
 1.2314e+01, 1.2077e+01
-6.1011e+00, 9.5369e+00
 7.4076e+00, 4.2492e+00
 1.0804e+01, 3.4142e+00
 6.8255e+00,-1.3315e+01
 1.5750e+01, 5.3558e+00
 1.5742e+00,-3.2408e+00
-8.1328e+00,-1.2225e+01
 1.5046e+01,-2.9925e+00
-2.7298e+00, 4.4164e+00
-8.8708e+00, 7.9869e+00
-9.2004e+00,-1.4386e+00
 2.8490e+00, 3.1095e+00
-1.0111e+01,-9.8180e+00
 1.1851e+01,-1.0330e+01
 8.8506e+00, 1.5332e+00
-5.4955e+00, 2.6373e+00
-5.6131e+00,-1.4511e+01
-9.6646e-01,-3.3189e+00
-1.5510e+01, 7.4593e+00
-8.9213e+00, 1.5597e-01
-1.4671e+01,-2.2749e+00
-1.0048e+01, 4.0660e+00
-1.7411e+01, 7.9036e-01
 1.6378e+01,-5.7476e+00
-2.4562e+00,-1.7178e+01
-9.0124e-01, 7.7993e+00
 1.0663e+01, 6.8055e+00
-1.0258e+01, 1.1661e+01
-7.8566e+00, 9.7824e+00
-1.3846e+01, 1.0623e+01
-1.5552e+00, 6.1314e+00
-3.3084e+00, 1.0795e+01
 3.5463e+00,-1.7796e+00
 8.4109e+00,-3.1036e+00
 1.3234e+00, 1.7416e+01
 1.3267e+01,-7.8491e+00
 5.0644e+00,-2.0174e+00
-8.0714e+00, 3.4927e+00
 5.1197e+00, 1.6640e+01
-1.1236e+01, 1.2865e+01
-4.3379e+00,-1.7076e+00
 1.1277e+00,-1.7283e+01
 5.6148e+00, 7.1684e+00
 1.3554e+01,-1.0927e+01
-4.8758e+00,-1.2575e+01
 5.2110e+00, 1.1451e+01
-6.6129e+00, 1.6167e+01
-1.3555e+00, 3.6792e+00
 1.5443e+00,-1.4360e+01
-1.0233e+01,-3.8114e+00
-1.2345e+01,-2.2550e-01
 1.2028e+01, 8.1790e-01
-6.1643e+00,-2.7833e+00
-1.0623e+01,-7.6711e+00
 3.2663e+00, 1.6932e+01
-3.8576e-01,-8.5317e+00
 1.3278e+01, 7.2378e+00
-2.7284e+00,-5.7785e+00
-2.3110e+00, 9.2972e+00
-1.4580e+01,-4.7392e+00
-4.0497e+00, 1.2326e+01
