0.2901099412
0.4399585811
0.6215817052
0.6254465358
0.2871521589
0.8323394881
0.3282480568
0.6117992987
0.2889834394
0.3949185315
0.2867129581
0.434085578
0.2869024166
0.842075701
0.920823664
0.3157354761
0.3188474093
0.7764416402
0.3349597877
0.4435176915
0.3333610966
0.293902646
0.5142018535
0.5135451348
0.363562543
0.3172226685
0.3989530736
0.4586167853
0.4445109225
0.5711261501
0.7850859386
0.3301189793
0.2873745514
0.3283638842
0.3166235978
0.9955333471
0.3072223279
0.750484248
0.4944651694
0.4331140635
0.3044917727
0.2891849064
0.8729898914
0.9760637651
0.5476893213
0.4203063879
0.5137639984
0.3218924298
0.5947329785
0.9573144651
0.920823664
0.4150748215
0.3541069609
0.8569318066
0.442526444
0.4979062512
0.3535336317
0.3614492958
0.293902646
0.2934127629
0.2867050849
0.3858389658
0.8625397399
0.5623112618
0.7314239937
0.2878712095
0.3443825455
0.6149850241
0.3161286413
0.9828963208
0.6630023282
0.297560997
0.5995103013
0.5795111508
0.4714028495
0.3824938856
0.2922627105
0.8857622737
0.7590287674
0.8343411141
0.4497071707
0.4797848173
0.5711261501
0.450511199
0.3584736189
0.3406799068
0.4403527486
0.5904126315
0.7604784117
0.6984058524
0.2903550042
0.2950402373
0.4014360476
0.2930799867
0.7267055731
0.5456728952
0.3562756428
0.4417348833
0.4859221261
0.3629562325
0.3470934355
0.7577840554
0.4091874808
0.4714028495
0.7571609564
0.4110165859
0.3052753884
0.3131470293
0.9529508699
0.4034011506
0.2895815837
0.3048032639
0.8401108413
0.2867099838
0.8205122912
0.7182881137
0.6306718653
0.8201377876
0.4182423709
0.34627443
0.2881037022
0.3281323772
0.2873899347
0.4009022704
0.6197623361
0.7234759472
0.6281733642
0.8562458988
0.800464749
0.3798506991
0.2868032322
0.2929864436
0.2961455692
0.593141013
0.2915009185
0.2900756228
0.2867864378
0.3401598705
0.3353321672
0.516174293
0.4586167853
0.7416395642
0.5672804733
0.3907689071
1
0.9513474926
0.3166235978
0.5274126882
0.3475047739
0.286841543
0.2888175171
0.9807711636
0.7089332361
0.7206689439
0.2868485402
0.3243983375
0.8949652015
0.3086576928
0.2943580904
0.6265828556
0.5672804733
0.5528519537
0.4972600473
0.5236554347
0.9379198025
0.9728861996
0.9325481389
0.6645752927
0.8238695885
0.7174210883
0.5194691291
0.4483030497
0.2869942429
0.7405806703
0.393008889
0.2911801974
0.3211456686
0.4891154992
0.692890133
0.5115773032
0.8685528458
0.2887103729
0.3048815442
0.2871035458
0.3296477184
0.2993343962
0.9368370004
0.2869554148
0.3347122522
0.2907947749
0.6564744444
0.4113835814
0.5656983941
0.5113588729
0.2868347207
0.3875284009
0.4210597158
0.8951157977
0.5503812053
0.2870043868
0.8545253511
0.2948802749
0.3169224354
0.2896133092
0.7108973885
0.7898601277
0.2869281291
0.2917069522
0.3245090992
0.3083157784
0.3883772984
0.3800150334
0.2889834394
0.3169224354
0.3238467841
0.9514551175
0.3185397627
0.3991297525
0.5358481515
0.3670876826
0.7076220458
0.6782319185
0.6397465632
0.5280768296
0.695319686
0.9104093469
0.707403379
0.6197623361
0.7938102169
0.4041188005
0.4697385843
0.4204945817
0.7054336588
0.498121754
0.4073682403
0.3176251472
0.9746178863
0.915686393
0.3391265345
0.3079764345
0.3724181634
0.3162273217
0.634984633
0.828860386
0.2870802874
0.408094746
0.2950402373
0.5254222227
0.8593220323
0.9155493067
0.4627127017
0.4714028495
0.2945649278
0.6195348904
0.3777249332
0.6133922249
