0.7383854404
0.4594728587
0.7100099315
0.3724297256
0.6581300027
0.6884885171
0.3568517011
0.7683621669
0.606716911
0.6709126698
0.4897841502
0.3084440818
0.8915808261
0.47123056
0.4949204757
0.7994654795
0.2976822237
0.4475433727
0.543203413
0.9267219698
0.8431544031
0.2881693665
0.3451642474
0.5205793868
0.9009632191
0.326918142
0.3183467978
0.4966392869
0.9296360697
0.8033386638
0.5564308818
0.3808578249
0.286769064
0.9534433805
0.787883755
0.2947792749
0.3523794916
0.6341919426
0.4179071922
0.359208763
0.475825382
0.4793964165
0.7313653419
0.9421474384
0.3730667035
0.7206326828
0.9514428517
0.2877220659
0.7882800848
0.6997314292
0.3341710122
0.8189268314
0.2863497944
0.3040342886
0.3442209198
0.3293536471
0.3356612423
0.4117880696
0.3033453156
0.3056125589
0.5846825981
0.3501207828
0.4531728949
0.2868717508
0.8296579041
0.5409705983
0.3984550359
0.4237480225
0.6439240948
0.2989607186
0.6491185491
0.62716227
0.3031185985
0.9624011982
0.9467759542
0.2890950661
0.2901725322
0.9087099907
0.6845000267
0.9548931681
0.3052119008
0.2947792749
0.3042668823
0.4108700259
0.4556033699
0.4079486909
0.5908108738
0.2871435962
0.2867334349
0.2875938449
0.4246982693
0.3012866801
0.3625031319
0.2976822237
0.3181421099
0.5247663058
0.3520952953
0.3984550359
0.6371367694
0.5568807341
0.3223520665
0.2881193304
0.6762709007
0.2919858226
0.7398677713
0.4791858723
0.6335120866
0.4613146766
0.3451642474
0.4267966604
0.4105034886
0.9610643398
0.5826412568
0.9127558581
0.5129040448
0.3574378753
0.6307916871
0.2868717508
0.5161873304
0.3841828386
0.3681806117
0.2898866059
0.3253307362
0.339347158
1
0.7914414149
0.3788848154
0.9593147768
0.3025212223
0.6711362313
0.5719960599
0.6058076962
0.4594728587
0.4745692415
0.308186764
0.3909674949
0.2935357493
0.3538083893
0.5785611348
0.9808322811
0.3727479751
0.2865442586
0.295160341
0.2933379994
0.2961781904
0.2869855987
0.5747112576
0.3174305511
0.314274322
0.9048710427
0.6984133922
0.7947820086
0.9047275328
0.6217141552
0.8044952811
0.2901725322
0.3398648648
0.6003527122
0.575616772
0.6918043617
0.3017169738
0.9752401155
0.2883764505
0.3722707807
0.7238642221
0.4964242561
0.3958207526
0.3070884098
0.5883134716
0.6301113555
0.7886761572
0.2898168477
0.3110055574
0.5022476374
0.5024640046
0.3692737358
0.4968543685
0.2863875379
0.7661126231
0.3298249057
0.8689527192
0.9950223556
0.5423099432
0.5243249362
0.2868319351
0.5283025142
0.3909674949
0.434516095
0.4039733002
0.3548164344
0.2929984865
0.2996922758
0.3100181992
0.745141842
0.4677011843
0.8272745249
0.3181421099
0.4639849693
0.3256684394
0.7339241263
0.2966480732
0.9061583768
0.3963457125
0.7432468084
0.2883236389
0.5192600925
0.3711615314
0.3207447627
0.3378075277
0.2878110233
0.4731065798
0.3446243812
0.3155373502
0.2866883721
0.8843445318
0.8254324947
0.8651461432
0.5715437316
0.8573985695
0.3270326419
0.811762347
0.2914683194
0.3073394654
0.295160341
0.2967672235
0.6617256023
0.5394093605
0.7017060507
0.8068010503
0.6675562268
0.4207224075
0.2929030151
0.2863471733
0.7518458109
0.9134452594
0.8230266839
0.2870624191
0.4481437005
0.4343214442
0.9628735651
0.2923901102
0.6547542995
0.8744963941
0.4509542751
0.3394763745
0.828925918
0.6430198581
0.6037619878
0.3197967977
0.3689608041
0.3596543701
0.4932049786
0.3672484236
0.5783345703
0.5494699462
0.2893802383
