0.7552560448
0.4529239699
0.9579672697
0.3715831953
0.3616900855
0.301201123
0.3843027809
0.3875065496
0.3155183344
0.2883355334
0.3391386301
0.3278592641
0.3140577751
0.4300179645
0.301489016
0.8293801263
1
0.6441865493
0.8295625235
0.3017795382
0.951025863
0.9651438088
0.7149468681
0.3633543876
0.2962936742
0.4537324471
0.4064549135
0.2900307901
0.3231207139
0.6367290977
0.3304453555
0.3396563817
0.2943787518
0.3004229989
0.3912659876
0.3633543876
0.3334695812
0.9467159715
0.5509398267
0.3225741537
0.7399767951
0.3247828989
0.5102123972
0.8575651419
0.4021393078
0.7657595419
0.4633177389
0.3717417423
0.9038274211
0.3567892074
0.4751426812
0.3490742927
0.3097986397
0.2882796575
0.3233403903
0.4254178455
0.298992989
0.6140602542
0.432918314
0.9438253568
0.2865465666
0.2913907576
0.4596284305
0.520281264
0.3816363275
0.6884666341
0.3554768665
0.3134833746
0.4126664207
0.7469182452
0.6210956129
0.9151315952
0.9195556319
0.5238032863
0.5304323668
0.2883637308
0.4488993622
0.6904541658
0.8181120827
0.8723322772
0.4271369848
0.2876631913
0.9190250426
0.367658793
0.7494285066
0.6547777137
0.2876163269
0.2994615467
0.9119856946
0.4486989192
0.6633094178
0.4515119684
0.30077422
0.2862054207
0.6015718424
0.7112600919
0.5176462518
0.9688433918
0.8567156858
0.5868211426
0.293904508
0.4340837958
0.3038865509
0.4869554291
0.7376508221
0.6554523644
0.3028170264
0.2861916321
0.3030435179
0.9430351751
0.3038865509
0.4606509943
0.2889323366
0.2872869774
0.2861235584
0.7851163709
0.4901499342
0.7880892473
0.8400099224
0.5612757189
0.4715940556
0.7587734056
0.4148853989
0.5486993435
0.3182351737
0.2954248616
0.288565957
0.9901525915
0.7920304803
0.9265644974
0.2955955983
0.5326489924
0.839119592
0.4461000964
0.2928030399
0.4012475683
0.4201156924
0.4557587392
0.5246852949
0.3296148267
0.3900640643
0.3714247684
0.2871273061
0.6822667864
0.3046700349
0.2888074459
0.7525556374
0.9414396717
0.6554523644
0.6793801955
0.2861488686
0.6671157897
0.5619513426
0.3796556233
0.680713086
0.2885073134
0.2880367862
0.6260849201
0.5453433985
0.3193741699
0.5754964791
0.3603397262
0.3668830488
0.6129251366
0.2862675535
0.7387088228
0.286062287
0.3053890431
0.8355386927
0.8389412901
0.5291040143
0.2866276868
0.6866977482
0.2972620072
0.3698471246
0.3885265897
0.63831224
0.7813302049
0.5576754286
0.4338893386
0.4445072908
0.3682815929
0.7835249717
0.9035404037
0.873464904
0.5288827427
0.4850447019
0.3033477926
0.7227141771
0.6192805077
0.3627474294
0.8394759601
0.3638109198
0.9969317858
0.6340137158
0.305067864
0.5509398267
0.3044332839
0.7119115538
0.2860860281
0.9624783474
0.5113025365
0.3365835961
0.37413429
0.6455407202
0.9819169831
0.3538871904
0.2862848311
0.3440126714
0.2886252923
0.5049952131
0.2867768213
0.2862350915
0.3087426186
0.6545527906
0.5861409649
0.3928191123
0.3384945931
0.5648810085
0.3808090287
0.7775214761
0.2862350915
0.7227141771
0.2990594282
0.5825146992
0.7401879502
0.2862274121
0.2862509736
0.8708697869
0.2861282714
0.4686854221
0.2915637715
0.2940610665
0.3145407358
0.2861984392
0.3597428624
0.4344729615
0.8111444032
0.2860738085
0.3843027809
0.288197142
0.7323426216
0.2861064518
0.7957503451
0.8184858927
0.3159137221
0.7751045219
0.4537324471
0.2879333471
0.4464990721
0.3214923384
0.5078179651
0.2869787616
0.5110844216
0.2869086639
0.3230111011
