 7.6044e+00,-1.2674e+01
-3.0500e+00, 1.3493e+01
 8.7253e+00,-3.3406e+00
-5.9980e+00,-9.1771e+00
 5.2909e+00,-1.1551e+01
 5.1792e+00, 1.7591e+00
-9.9623e+00, 3.1868e+00
-4.9515e+00, 1.0919e+01
 2.2719e+00,-1.8149e+00
-6.5695e+00, 1.0999e+01
-8.7613e-01, 9.9572e+00
-1.3807e+01, 3.7065e+00
-4.5671e+00,-3.8701e+00
-1.4900e+01, 4.7547e+00
 7.3656e+00,-1.5790e+00
-7.9554e+00,-6.9579e+00
-6.3117e+00, 4.9065e+00
 3.4333e+00,-1.0916e+01
 4.2127e+00,-2.6699e+00
-2.8116e+00,-4.4468e+00
-1.2084e+01, 6.2536e+00
-8.8021e+00, 7.5539e+00
 1.3514e+01, 7.6026e+00
-7.9702e+00,-1.0432e+01
 1.1036e+01,-9.6719e+00
-1.5533e+01, 1.2116e+00
 1.7103e+01, 2.2239e+00
-3.1996e+00,-1.5933e+01
 6.8058e+00, 4.3833e+00
-1.0090e+01, 1.4437e-01
 1.1406e+01,-1.6936e+00
 1.7382e+01, 5.7908e-01
 2.6364e+00,-9.2894e-02
 1.3734e+01, 1.8861e+00
 1.1124e+01,-7.4085e+00
 1.5452e+01, 5.6564e+00
 6.4274e+00, 1.5034e+01
 4.3990e+00, 1.4513e+01
 1.3751e+01,-5.8807e-02
 6.5448e+00,-6.3169e+00
-3.6207e+00, 1.2036e+01
-7.6280e+00, 4.6254e-01
 2.5954e+00, 1.1059e+01
-1.0360e+01, 1.1890e+01
 7.8250e+00,-1.4694e+01
-5.7184e+00, 1.1702e+00
-3.1242e+00,-8.1225e+00
-1.4348e+01,-1.4707e-01
 8.5402e+00,-4.9457e-01
-5.3778e+00,-1.5241e+01
 9.1615e+00, 1.2159e+01
-9.5278e+00,-8.6942e+00
 1.8898e+00, 1.6709e+01
 1.3011e+01, 3.3899e+00
-6.6947e+00, 6.6210e+00
 1.3980e+01, 6.0487e+00
 1.1493e+01, 8.8429e-01
-1.2810e+01,-9.1454e+00
 1.4086e+01,-4.0644e+00
 9.1616e+00, 1.3893e+01
 1.2669e+01,-9.3350e+00
 1.0827e+01,-3.7100e+00
-7.7746e-01,-1.1725e+01
 2.0263e+00, 1.6217e+00
-8.9121e+00, 1.4872e+01
-1.1420e+01, 3.7108e+00
-2.6330e+00,-1.2833e+01
-6.2602e+00,-4.5135e+00
 6.3813e-01, 1.4977e+01
 1.5295e+01,-6.9319e+00
 1.1174e+01,-5.1933e+00
 6.3365e+00,-7.8309e+00
-7.8627e+00, 1.2383e+01
-1.1955e+01, 9.8733e+00
 6.2486e+00,-1.4867e+01
-6.6779e+00, 8.9607e+00
-1.7785e+00,-7.0875e-01
-1.3755e+01,-5.9606e+00
-8.0590e+00, 2.9396e+00
-9.4060e+00, 9.1128e+00
 4.7507e+00, 1.0674e+01
-5.4523e+00,-6.5897e+00
-1.6377e+01,-4.8187e+00
 1.6948e+00,-6.3221e+00
-1.3467e+00, 1.1475e+01
 7.3497e+00, 1.0674e+01
-1.5761e+00, 4.9049e+00
 1.2132e+01,-1.0753e+01
 1.4299e+01, 8.9373e+00
-1.1373e+01,-5.2571e+00
-1.6633e+01,-1.8799e+00
-1.2389e+01,-3.6886e+00
 1.7255e+01,-1.7925e+00
 2.9573e+00, 3.4240e+00
-1.4623e+01, 7.6289e+00
-1.2797e+00,-1.7359e+01
 8.2287e-01, 4.9889e+00
 7.0370e+00, 5.8777e+00
 1.5741e+01,-2.6762e-01
 1.6131e+01,-4.1194e+00
-4.8344e+00,-1.6639e+01
-9.6779e+00,-1.1525e+01
-2.7823e+00,-2.9052e+00
 5.6016e+00,-4.1207e+00
-2.8796e+00, 7.6988e+00
-5.7779e-01,-1.5976e+01
-4.8993e-01,-9.2681e+00
 1.5371e+01,-2.7370e+00
-1.1230e+01, 8.5098e+00
-1.2178e+01, 1.2359e+01
-1.0077e+01, 4.9364e+00
-1.3290e+01, 8.8407e+00
-2.2060e+00,-1.0905e+01
-4.5014e+00, 1.4815e+01
 4.8692e+00, 6.8708e+00
 1.0107e+01, 6.6277e+00
 3.8182e+00, 1.6890e+01
-9.7627e+00,-1.9403e+00
-1.5407e+01,-7.6463e+00
 8.1262e+00, 7.5091e+00
 1.0335e+01, 3.2969e+00
-3.9251e+00, 6.1325e+00
-6.5839e+00, 1.5112e+01
-1.8621e+00,-6.9723e+00
-1.1354e+01,-1.0623e+01
-1.2784e+01, 2.4061e-01
 8.6674e+00, 2.6875e+00
-1.4131e+00, 1.4384e+01
 6.6681e+00, 9.3714e-01
 5.8416e-01,-1.7038e+01
 2.6056e+00, 6.8646e+00
 1.3669e+01,-7.7082e+00
 4.9898e+00, 3.6482e+00
 2.4234e-01, 1.2967e+01
-1.2464e+01,-2.1337e+00
 1.1092e+01, 4.8662e+00
 4.4681e+00,-1.3833e+01
 8.5211e+00,-6.6355e+00
-9.4349e+00, 1.3158e+01
 1.0278e+01,-1.3501e+01
 1.1819e+00,-1.5172e+01
 1.5512e-01, 1.7172e+01
-1.3959e+01, 1.6692e+00
 3.1309e+00, 1.5380e+01
 3.9978e+00,-9.4864e+00
 1.0172e+01,-1.1182e+01
 1.0823e+01, 1.3373e+01
-3.0487e+00, 1.0314e-01
-1.6503e+01, 4.1871e+00
-1.2081e+01,-6.6258e+00
 6.0397e+00, 9.2874e+00
-1.0182e+00, 2.8987e+00
-7.6699e+00,-2.5576e+00
-6.0456e+00,-2.6915e+00
 4.0994e+00,-1.6736e+01
-9.7046e+00,-5.7856e+00
-1.4101e+01,-2.5768e+00
 1.0550e+01, 8.4000e+00
-3.4171e+00, 3.0733e+00
 4.0958e+00,-6.7455e+00
-1.1455e+00,-2.7852e+00
-6.2285e+00, 3.3099e+00
-2.9596e-01,-4.1336e+00
 8.3559e-01, 8.7184e+00
 8.0753e+00,-9.0183e+00
 7.2426e+00,-3.8197e+00
 1.3301e+01,-1.7085e+00
 9.3589e+00, 4.9082e+00
 1.3404e+00,-1.1447e+01
 1.1040e+01, 1.1042e+01
-3.9279e+00,-6.2274e+00
 7.8672e+00,-5.2067e+00
-9.4448e+00,-1.3200e+01
 3.8877e+00,-5.1721e+00
-5.4214e+00,-1.2083e+01
 5.9844e+00,-9.8298e+00
-1.0275e+01,-4.2233e+00
-1.5144e+01,-3.9410e+00
-2.5004e+00, 1.0403e+01
-4.0658e+00,-1.4386e+01
-4.3857e+00,-9.1823e-01
-7.6664e+00,-1.4639e+01
 1.2207e+01,-6.3552e+00
-7.9149e+00, 9.8185e+00
 7.0618e+00, 2.7245e+00
 7.3143e+00, 1.2222e+01
-1.5531e+01, 2.8356e+00
-3.0582e+00, 1.6410e+01
 5.4553e-01,-1.2860e+00
 6.9206e-01, 1.1504e+01
 6.7694e+00,-1.1173e+01
 1.0389e+00,-4.9072e+00
-3.7528e-01,-7.2579e+00
 3.4352e+00,-1.5342e+01
 1.1866e+01, 6.4240e+00
-4.0406e+00,-1.0893e+01
-8.9498e+00, 1.1123e+01
-8.2302e+00,-4.6070e+00
 9.3280e+00, 1.0195e+01
-4.3542e+00, 4.2629e+00
 1.6096e+01, 3.5616e+00
-5.3390e+00, 7.3171e+00
-1.1790e+00,-5.5576e+00
 6.3957e+00, 7.4124e+00
 1.5829e+01, 1.2945e+00
-1.3831e+01, 6.3430e+00
-1.2355e+01, 2.0105e+00
 3.6831e+00,-1.2413e+01
 2.6266e+00, 9.4719e+00
 1.4291e+01,-9.4234e+00
 1.2431e+01, 1.0026e+01
-2.3113e-01, 3.4329e-01
-5.3512e+00, 1.2751e+01
-1.0762e+00, 7.5413e+00
 9.8770e+00,-2.1231e+00
-1.3156e+01,-1.1083e+01
 8.3417e+00,-1.0805e+01
 6.2982e+00, 1.3514e+01
-1.1646e+01,-1.2798e+01
-1.7316e+01, 1.2589e-01
 3.5660e+00, 1.2943e+01
 3.6319e+00, 1.3628e+00
 2.5714e+00,-8.0719e+00
 1.0065e+01, 1.8101e+00
-1.2712e+00,-1.4392e+01
-8.8293e+00, 5.7754e+00
-7.7272e+00, 1.3901e+01
-1.0649e+01, 6.9443e+00
-5.4051e+00, 1.6220e+01
 3.7591e+00, 4.6975e+00
 7.3110e-01, 2.6012e+00
 2.9090e+00,-3.6446e+00
-6.6251e+00,-1.3410e+01
 4.0878e+00,-1.1044e+00
 2.2418e+00,-1.6914e+01
 5.9807e-01, 6.7670e+00
 5.1590e+00, 1.2496e+01
-1.0288e+01,-7.2976e+00
-1.4792e+01,-9.2446e+00
 4.0734e-01,-1.3769e+01
-8.0349e+00,-1.2188e+01
-4.4684e+00, 9.0292e+00
-2.7717e+00, 1.6701e+00
 2.1110e+00,-1.0113e+01
-1.4234e+00, 1.7005e+01
 1.2148e+01, 8.4785e+00
 1.1752e+01, 2.4755e+00
 1.9338e+00,-1.3135e+01
-4.2446e+00,-9.3607e+00
-6.1079e+00,-5.9677e-01
-1.1150e+01,-9.3793e-01
 1.2311e+01,-1.2357e+01
 1.2517e+01,-3.5804e+00
-1.6955e+01, 1.9647e+00
 3.9363e+00, 8.1869e+00
 1.4388e+01, 4.0515e+00
