0.9856221602
0.8039815459
0.3599111523
0.3358324706
0.5838901793
0.3333492793
0.6371777148
0.2930882959
0.3098650436
0.3072594646
0.6466609387
1
0.6628460896
0.8498856417
0.8453560777
0.2861021697
0.7796482266
0.2868051592
0.3883864256
0.2902667285
0.7230979639
0.7079596919
0.7899750538
0.6061216247
0.88701473
0.4267915929
0.9754681426
0.3080260484
0.7174991675
0.3489483613
0.4625343854
0.6619497266
0.527365525
0.3998591359
0.9920412533
0.3829944231
0.4660342609
0.3478386786
0.5389009432
0.4081227884
0.4471365799
0.7758326645
0.8153809627
0.777843623
0.8982794411
0.8189370908
0.962317782
0.2868574527
0.3451022313
0.3200986194
0.4678949347
0.286081756
0.3315245502
0.617469158
0.343085616
0.3764176626
0.520972841
0.4469368183
0.5174595067
0.414179897
0.286611643
0.2860569796
0.4625343854
0.463561738
0.5685114685
0.8081908183
0.3800121085
0.302111216
0.3158989522
0.2862679027
0.8795372819
0.3624651937
0.3138483868
0.2945962057
0.6385340088
0.6188302647
0.3878760936
0.5509651733
0.5130823387
0.9141221562
0.2919482924
0.9029271531
0.3067556247
0.9178949677
0.7687467235
0.8254184077
0.3714491436
0.2868051592
0.7027240089
0.4325682531
0.4156639973
0.3708163858
0.2892867986
0.4114136244
0.8839242282
0.5550030536
0.3412313445
0.399504726
0.6886600058
0.6713425489
0.4846577727
0.6771345442
0.6809114155
0.3211618853
0.7435015892
0.7762353456
0.3448315722
0.9111045683
0.2994888299
0.330923533
0.3693997341
0.5986312322
0.5157066649
0.5502929382
0.2958930853
0.3350815187
0.4269828916
0.2863448258
0.2874894034
0.2872460576
0.4961809831
0.3329817401
0.3998591359
0.2875830984
0.7970217873
0.9192238946
0.7439218829
0.2905412278
0.3397934689
0.5543295555
0.9412146311
0.4429578245
0.711003499
0.936432454
0.6197375605
0.7772409788
0.2909064983
0.5691885989
0.2861642801
0.3733589152
0.5214127083
0.4292852833
0.3888977467
0.5979503952
0.7940960692
0.4678949347
0.3054403736
0.5331222286
0.8661277907
0.305198363
0.3661325325
0.8726650801
0.2862783689
0.2960688011
0.2868931845
0.3202042627
0.2866421555
0.2953182847
0.3565142123
0.4660342609
0.6837938717
0.6054406377
0.6590340887
0.594319823
0.2948153501
0.2925060444
0.9379673397
0.3464636865
0.8609672353
0.287679568
0.7748248966
0.8226518218
0.8514407917
0.401102815
0.2864175556
0.575288864
0.2919938346
0.6844583262
0.3196775674
0.7734114767
0.9773435181
0.6333324239
0.2905412278
0.3213763574
0.7685431972
0.2860250483
0.4245028861
0.3387583405
0.330923533
0.3124258151
0.329850853
0.2862998241
0.9706874741
0.4664472823
0.577550755
0.3220234018
0.3191546809
0.2863565118
0.6737952393
0.2864829543
0.5200935682
0.4362663455
0.3205221046
0.3746416166
0.4358756574
0.7250291012
0.4164083085
0.3647488915
0.575288864
0.5770982766
0.3578353746
0.5271445782
0.3485312242
0.804749372
0.2875830984
0.9649760507
0.465621505
0.5579238289
0.2860114378
0.2867214824
0.3321291867
0.4453414937
0.294760311
0.2878040554
0.3179153432
0.301816862
0.5574742426
0.2859590877
0.2975917179
0.8768397984
0.383829372
0.7570537994
0.2952053426
0.3037769213
0.6572380408
0.3408375283
0.2930882959
0.8407722938
0.4681020045
0.2963650156
0.4356804373
0.3145242875
0.9254659859
0.4435526852
0.6572380408
0.2859889277
0.349646265
0.2860402289
0.2883453009
0.3358324706
0.693510487
0.5113361593
0.2864049984
0.3136566764
0.5601730013
0.6437284849
