-1.8055e+00,-5.5146e-01
 6.5701e+00,-1.3214e+00
 4.6968e+00, 1.3370e+01
 1.2548e+01,-7.9932e+00
-5.9324e+00, 8.3640e+00
 1.4215e+01,-4.5560e+00
 7.7777e+00,-5.4362e+00
-1.6270e+01,-3.2712e+00
 1.5335e+01, 3.1978e+00
 1.4059e+01, 7.1152e+00
-9.1359e+00,-2.0679e+00
-3.6649e-01, 3.5259e-01
 2.4724e+00, 8.6467e+00
 5.2146e+00, 2.4861e+00
-5.8121e+00, 1.2092e+00
-1.1650e+01,-1.3049e+01
-4.9337e+00,-5.2776e+00
-9.6368e+00, 1.4212e+01
-3.6389e+00,-1.3206e+01
 1.6433e+01,-3.3216e+00
-1.0500e+00,-8.1137e+00
-7.3217e+00, 4.0025e+00
 7.5379e-02, 6.8948e+00
-9.7271e+00, 2.1592e+00
-4.5357e+00,-2.3160e+00
-5.2554e+00, 1.1695e+01
 2.0366e+00,-1.2210e+00
-1.1663e+01, 1.0593e+01
-7.7761e+00,-2.7465e+00
 5.1054e+00,-1.3646e+01
-1.2087e+01,-2.1890e+00
-4.7797e+00,-7.8143e+00
-7.9483e+00, 7.8174e+00
-3.4520e+00, 1.2872e+01
-1.3545e-01,-1.4848e+00
-1.6742e-01,-1.3805e+01
-9.9754e+00,-7.1084e+00
 1.7921e+00,-1.4498e+01
 1.0061e+01, 4.3048e+00
 5.5491e+00,-1.2069e+01
 1.0098e+01, 7.2790e+00
-6.8345e+00, 2.3306e+00
 5.2517e+00,-3.8703e+00
-2.5798e+00, 6.6428e+00
-4.6468e-01,-4.8254e+00
-5.3455e+00, 3.5604e+00
 7.8492e-01,-2.8644e+00
-2.2772e+00,-1.7128e+01
-2.3395e+00,-1.4499e+01
-1.4960e+01, 3.4377e+00
 1.0281e+01,-6.5121e+00
 1.7397e+01, 3.7633e-01
-1.0026e+01, 1.1089e+01
 6.0583e+00, 7.5769e+00
 9.9902e+00, 1.0636e+01
 1.2490e+01,-6.0541e+00
-6.8352e+00,-9.0703e+00
-1.2543e+01,-3.8947e-02
-1.8915e+00,-1.1256e+01
-9.8079e+00, 8.6604e+00
 1.7162e+01,-1.5901e+00
 7.0667e+00, 1.5865e+01
 8.3272e+00,-9.0247e+00
 1.1135e+01,-5.0639e+00
 1.0289e+01,-2.1934e+00
-6.6681e+00,-6.2234e-02
-1.0521e+01,-9.0326e+00
-1.3669e+01, 8.3722e+00
 1.1713e+01,-1.0167e+01
-1.3113e+01, 1.1324e+01
-3.1364e+00,-4.2467e+00
-1.4077e+01, 1.9063e+00
-8.8247e+00, 1.2758e+01
-1.3564e+01,-9.4264e+00
 8.6737e+00, 3.6108e+00
-3.7865e+00,-9.0714e+00
 4.5895e-01, 1.3551e+01
 1.0760e+01, 5.7623e-01
-1.0897e-01,-1.1481e+01
-3.1756e+00, 2.9742e+00
 7.5106e+00,-1.4904e+01
-4.2460e+00, 1.9130e+00
-1.3932e+01,-7.6508e+00
 2.3134e+00,-3.6563e+00
 7.2866e+00, 5.4979e-01
-3.7356e+00, 5.0402e+00
 3.4957e+00,-1.3603e+01
-3.6549e-01, 1.7141e+01
-4.4935e+00, 7.0874e+00
 1.2645e+01,-1.6545e+00
 6.6729e+00, 1.1165e+01
 1.1558e+01, 7.7832e+00
 1.6114e+01, 4.8424e+00
-1.1600e+01,-6.3492e+00
 4.5834e+00,-2.2639e+00
-1.0733e+01,-9.8005e-01
-1.4496e+01,-2.7458e+00
-1.2886e+01, 3.6864e+00
 9.4492e-01,-8.6798e+00
-1.8216e+00, 8.6823e+00
 8.4366e+00, 8.2525e+00
-5.9250e+00,-6.6655e+00
 8.1735e+00,-3.2218e+00
-4.2470e+00,-1.4785e+01
 7.3388e+00, 2.4034e+00
 3.3087e+00,-6.4631e+00
 1.4525e+01,-1.4766e+00
-1.7032e+00, 4.0578e+00
-1.6170e+01,-1.0465e+00
 7.7850e+00, 1.2735e+01
-1.4050e+01, 4.0211e-01
 3.3355e+00,-9.5593e+00
 6.4832e-01, 1.1276e+01
 7.7047e+00,-7.6397e+00
 1.4279e+01,-8.0294e+00
 3.4432e+00, 1.4402e+01
 2.4268e+00, 1.2564e+01
 1.1928e+01,-1.2616e+01
-8.4328e+00,-1.4957e+01
 1.2842e+01,-1.1386e+01
 2.9273e+00,-1.1375e+01
-5.0637e+00, 1.3998e+01
-1.2768e+01,-4.1913e+00
-2.7104e+00, 1.6798e+01
-6.0803e-02,-6.9156e+00
 4.1025e+00, 9.1191e-01
 6.0998e+00, 4.6910e+00
 9.8904e+00, 1.3433e+01
-1.3400e+01, 6.1601e+00
 5.1505e+00, 9.3537e+00
 1.9056e+00, 2.9885e+00
-8.4137e+00,-9.4582e+00
-8.2257e+00, 1.2576e+00
-3.7589e+00,-5.8015e-01
-1.6707e+00,-9.6712e+00
 4.6498e+00,-5.5350e+00
-1.0732e+01, 1.2777e+01
-9.2542e+00, 4.9926e+00
-1.2825e+01,-1.1850e+01
-1.1784e+01, 7.4218e+00
 5.4076e+00,-9.9504e+00
-7.1506e+00, 1.0600e+01
-6.4418e+00,-1.2077e+01
-7.9845e+00,-6.2596e+00
-5.8207e+00,-3.8113e+00
-5.3359e+00,-1.1004e+01
 1.5812e+01, 1.1790e+00
-1.0685e+01,-3.1361e+00
-5.4353e+00,-1.0700e+00
-1.4891e+01, 5.5793e+00
 1.3798e+01,-2.8520e+00
-6.7649e-01, 5.2463e+00
 4.9593e+00, 1.6543e+01
 1.0028e+01,-1.2977e+01
-6.8441e+00, 1.5718e+01
 1.4492e+01, 4.8649e+00
 5.0115e+00,-1.6569e+01
-1.6293e+01, 2.0861e+00
-9.0844e+00,-1.1176e+01
 1.1680e+01,-3.4465e+00
-1.0361e-01, 8.6658e+00
 8.0470e+00, 5.7610e+00
-6.4573e+00, 6.4097e+00
-3.7750e+00, 9.3428e+00
-4.3743e+00, 1.5782e+01
 1.5601e+01,-5.6592e+00
-1.3851e+00,-3.5362e+00
-1.9275e+00, 1.4382e+01
 9.1661e-01, 5.4533e+00
-1.6110e+01,-5.7847e+00
-3.3740e+00,-6.4882e+00
 4.0611e+00, 4.8116e+00
 2.5784e+00, 5.1118e+00
 1.2266e+01, 5.1721e+00
 1.7122e+01, 2.2624e+00
-9.5109e+00,-4.4153e+00
 1.1513e+01, 1.1908e+01
 8.6838e+00,-6.0870e-01
-1.0844e+01,-1.0971e+01
 6.5596e+00,-3.1216e+00
-2.9766e-01, 2.1899e+00
 9.3982e+00, 1.3255e+00
 1.3707e+01, 9.5265e+00
-8.2557e-01,-1.5350e+01
 2.0704e+00, 6.9652e+00
-1.7453e+01, 1.0962e+00
-1.1774e+01, 5.3036e+00
 9.2330e+00,-1.1594e+01
 6.3190e+00, 1.3523e+01
-6.7584e+00,-1.4156e+01
-8.0432e+00,-1.2790e+01
 2.0877e+00,-1.7285e+01
 2.3699e+00, 8.6764e-01
-1.2091e+01, 1.6000e+00
 9.5249e+00,-4.1654e+00
 1.2131e+01, 9.1774e+00
 1.1753e-01, 1.5298e+01
-1.6809e+01, 4.2347e+00
 6.3803e+00,-6.2420e+00
 2.0668e+00, 1.7091e+01
 3.5679e+00, 1.0637e+01
 7.9410e+00, 9.8215e+00
-1.4415e+01,-5.3572e+00
 9.9203e+00,-9.7964e+00
 1.2276e+01, 3.1213e+00
 5.3148e+00, 5.9849e+00
 1.0291e+01,-8.0967e+00
 1.3919e+01, 2.2200e+00
 1.6487e+00,-1.0366e+01
-7.1159e-01, 1.0306e+01
-1.4275e+01,-1.2553e+00
-1.0502e+01, 3.8501e+00
 7.8377e+00,-1.2282e+01
-1.7288e+00,-6.5551e+00
 2.0723e-01,-1.7153e+01
-2.7051e+00, 7.6690e-01
 1.0679e+01, 5.7615e+00
-2.5629e+00, 1.0324e+01
 1.5467e+01, 8.0112e+00
-3.9202e+00,-1.6860e+01
-6.7089e+00, 1.3322e+01
 1.2432e+01, 1.3675e+00
 1.3548e+01,-9.3463e+00
-6.7231e+00,-1.5751e+01
-1.1919e+01,-9.8812e+00
 5.3466e+00, 1.5059e+01
 6.3094e+00,-8.7006e+00
 1.3066e+01, 1.1626e+01
 3.0790e+00,-1.6046e+01
 5.2374e+00,-8.3513e-02
 1.3678e+01, 4.4738e-01
 3.6343e+00, 6.5191e+00
 7.6185e+00, 1.4452e+01
-1.0149e+01,-1.2419e+01
 4.6809e+00,-7.9265e+00
-1.2383e+01,-8.0797e+00
-1.4916e+01, 7.1678e+00
 1.7031e+00,-5.8339e+00
-1.4987e+00, 1.1989e+01
-8.0875e+00, 1.4148e+01
 1.4757e+00,-1.2699e+01
-1.5543e+01, 6.5741e-01
 7.0619e-01, 3.9383e+00
-8.3626e+00, 9.3460e+00
 3.9218e+00, 8.1880e+00
-1.6253e+01, 6.4790e+00
-5.2340e+00,-1.3603e+01
 9.5389e+00,-1.4670e+01
 1.5661e+01, 6.4250e+00
 1.9292e+00, 1.4660e+01
-7.3930e+00,-4.4840e+00
-8.4803e+00,-7.7781e+00
-1.4058e+01, 1.0069e+01
 1.4175e+01,-6.4367e+00
-8.5252e+00, 6.3729e+00
-9.3961e+00,-1.6202e-02
