0.9791740106
0.8371181473
0.8032833554
0.8920733982
0.3348405712
0.4000495826
0.5738657284
0.6024815304
0.2877890103
0.3399091906
0.3457436691
0.8435533053
0.7036490123
0.2985157949
0.5836158517
0.2995581882
0.9171331592
0.3183241857
0.3691340717
0.5580538877
0.4737382808
0.795296044
0.2937483054
0.2998254449
0.3243936022
0.317815475
0.4876630135
0.4679118978
0.2994917897
0.5133623574
0.3038447662
0.4604972859
0.5046471916
0.3379818804
0.3190428483
0.8695644758
0.3327556236
0.3309507011
0.7489596358
0.3777532584
0.7781850627
0.3294129861
0.314651452
0.6463088336
0.530325927
0.7106443709
0.6463088336
0.2869896496
0.9812126322
0.6424627972
0.6508276434
0.6928644822
0.5135811431
0.6533100119
0.2954240857
0.3758078602
0.6674801768
0.6333976067
0.2868821323
0.6195417546
0.7315913603
0.2883767835
1
0.5722808013
0.9458347731
0.4578418209
0.3333645168
0.4192175473
0.3307125201
0.3614707214
0.5203841441
0.3833561555
0.4633702443
0.306947237
0.4061368737
0.8685744212
0.6692731673
0.4190299757
0.2952596109
0.3121062983
0.3002995375
0.3301196254
0.2967355224
0.2877090236
0.3875599715
0.6919804514
0.3095009882
0.2936001157
0.7409523472
0.2882069734
0.5425710362
0.7345799346
0.6143112343
0.4633702443
0.4000495826
0.4399989671
0.6272684353
0.6503760698
0.3310700105
0.3157211246
0.3482071352
0.3304749234
0.2992278592
0.28663295
0.4844758401
0.7850061026
0.2866843668
0.3190428483
0.5659488273
0.6692731673
0.288852509
0.7337270003
0.8702227928
0.7097721176
0.2973334844
0.449547114
0.3071129835
0.364346057
0.3027175438
0.5336558816
0.3868826516
0.3699174045
0.4323782312
0.466256626
0.7474901698
0.466256626
0.9295846582
0.5788513493
0.5522058993
0.2926057347
0.3203974537
0.5210445578
0.6318092495
0.286621407
0.8254305027
0.7384086452
0.7495886244
0.2925149577
0.8272771786
0.771700543
0.5598562804
0.2932602994
0.9540863601
0.2876508622
0.2893533911
0.4443527153
0.2866513135
0.9061099501
0.2954240857
0.3567319072
0.3947779749
0.8340441613
0.7852056256
0.3421316137
0.2866397708
0.6679285705
0.422988325
0.3580513933
0.3126619722
0.2873189278
0.3735597486
0.8687396449
0.6152210386
0.4108702997
0.4664633018
0.305404911
0.2996914842
0.6288581392
0.4210983499
0.83167845
0.992534041
0.9227476876
0.3095009882
0.5085600965
0.741164001
0.364041252
0.4957924968
0.9834360246
0.3882390699
0.9476219593
0.7787898015
0.340688967
0.3125689653
0.9815675336
0.8799306951
0.5589549152
0.2880456808
0.9068253015
0.3982818607
0.5847509447
0.6122640045
0.8841957899
0.3319092565
0.3265257682
0.3909731201
0.7921486186
0.4201567954
0.2875212499
0.5230278956
0.2866067157
0.9339460067
0.4849000583
0.2867920861
0.5745452004
0.4370529543
0.4235570903
0.2866030428
0.3052459658
0.6370260907
0.2867536166
0.5956581799
0.850059929
0.3175121003
0.2875392432
0.6777675156
0.289261363
0.2866240305
0.7279501059
0.5863404733
0.3784054769
0.2878508284
0.6454042828
0.656916663
0.2866189585
0.3944299246
0.4781406131
0.2900411661
0.2897701701
0.9647646482
0.3767784426
0.286707101
0.2876508622
0.3998723415
0.5376615824
0.3383648045
0.7901729674
0.8856030192
0.2866093392
0.9460596218
0.3899445548
0.4664633018
0.3493160864
0.5124876441
0.8376582895
0.2956457516
0.3942560601
0.2866126622
0.352409915
0.4382291446
0.3191461292
0.799790693
0.5232484583
0.5799853035
0.8410628575
0.7655661198
0.5188445615
