-1.1955e+00,-1.9491e+00
 8.3887e-01,-6.0700e+00
 6.5847e+00,-1.5871e+00
-4.7939e+00,-1.1341e+00
 1.4888e+01, 2.8466e-01
-2.2649e+00, 1.3144e+01
-9.7707e+00, 3.5731e+00
-6.7051e+00, 7.3707e+00
 1.3923e+01,-9.9814e+00
 1.4048e+00,-1.4679e+01
 3.5185e+00,-1.4163e+01
 5.0835e+00, 3.1788e+00
 1.3957e+00, 8.2896e+00
-1.2073e+01, 1.0761e+01
-6.5936e+00,-7.8885e+00
-2.1334e+00,-1.6024e+01
 2.7091e+00,-3.4328e+00
-1.5241e+01, 1.7842e+00
-1.3484e+01,-3.7168e+00
 6.1292e+00, 8.7507e+00
 1.0052e+01, 6.6437e+00
-5.9456e+00,-3.4390e+00
 1.2887e+01, 1.0327e+01
 5.2886e+00,-1.5276e+01
 1.3852e+01,-6.2835e+00
 9.9361e+00, 1.1760e+01
-1.1655e+01, 1.6490e+00
 6.0773e+00, 1.0498e+01
 7.0483e+00,-1.4568e+01
-1.9298e+00, 1.1197e+01
-3.0291e-01,-1.5957e+01
-1.2024e+01,-2.2512e+00
-4.6079e+00, 1.0536e+01
 1.1459e+01,-9.3843e+00
-1.2689e+01,-8.6153e+00
-1.5366e+00, 5.1985e+00
 1.4709e+01, 2.6748e+00
 1.2329e+01, 8.5233e+00
-4.4644e+00, 6.2107e+00
 1.3744e+01,-1.7301e+00
 6.7890e+00, 2.4205e+00
 1.1265e+01, 9.9529e+00
-5.0987e+00,-1.4652e+01
-9.2878e+00, 2.2957e-01
 8.3574e+00, 7.3448e+00
-1.0959e+00,-8.2516e+00
 6.7830e+00, 6.4062e+00
 1.7295e+01,-5.1439e-01
-4.2261e-01, 2.1239e+00
-3.0919e+00, 8.8277e+00
 2.7483e+00,-8.8606e+00
 4.0654e+00, 7.5655e+00
-1.4667e+00,-1.1304e+01
-7.8090e+00, 4.8195e+00
-1.5493e+01, 5.2459e+00
 1.2277e+01, 6.4744e+00
-5.1528e-02, 8.9739e+00
 9.5356e+00, 5.2205e-01
-1.0836e+01, 1.3453e+01
 1.1802e+00,-9.6851e+00
 6.8386e+00,-4.1600e+00
-1.2006e+01,-1.2034e+01
 9.0795e-01,-4.5217e-02
 1.0046e+01,-3.0371e+00
-3.2465e+00, 1.3076e+00
-3.3562e+00, 1.1810e+01
 6.5439e+00, 1.3388e+01
-1.0899e+01, 7.0096e+00
-8.1619e+00,-1.2565e+01
-1.3927e+01, 2.5111e+00
-6.6300e+00, 9.0805e+00
-1.1879e+01,-6.7936e+00
-9.4569e+00,-7.7055e+00
-6.7043e+00,-1.4317e+01
 9.6580e-02, 1.3225e+01
-4.4442e+00,-3.1669e+00
 8.3172e+00,-3.4335e+00
 8.6417e+00,-9.7516e+00
 7.3457e+00, 1.4660e+01
-1.5175e+01,-3.5084e+00
 1.4213e+01, 7.6309e+00
 1.2621e+01,-8.1679e+00
 1.5300e+01, 5.7134e+00
-1.7068e+01,-7.1891e-01
-7.7940e+00, 1.1124e+01
-8.3464e+00, 1.9637e+00
-7.9459e+00, 1.3506e+01
-1.2926e+01,-1.0257e+01
-2.4203e+00,-7.4418e+00
 1.5995e+01,-5.9492e+00
 9.7483e+00, 4.9661e+00
 1.1324e+00,-7.8622e+00
 6.9509e+00,-6.9759e+00
 1.1995e+01, 2.4164e+00
 1.2907e+01,-3.5770e+00
 1.1693e+01, 4.7923e+00
 9.0110e+00, 3.4115e+00
 7.6888e+00, 5.1803e+00
 1.4269e+01, 4.6023e+00
-1.4367e+01,-5.6676e+00
 7.7294e+00,-1.2314e+01
-9.1996e+00, 1.1792e+01
-5.0345e+00, 1.5337e+01
-4.3003e-01, 1.7418e+01
-1.0992e+01,-4.3890e+00
-4.5297e+00,-5.4175e+00
 1.6852e+01, 4.4244e+00
-1.3771e+01, 6.7011e+00
-4.9735e+00,-9.3176e+00
-8.5716e+00,-2.5384e+00
 1.5170e+00, 1.6858e+01
-7.8988e+00,-3.7075e-01
-1.1457e+00,-5.3242e+00
-6.8641e+00,-4.6825e+00
 1.5712e+01,-4.3657e+00
-1.1255e+01, 5.2384e+00
 1.0335e+01,-1.1991e+01
 7.7454e+00, 1.1806e+01
 5.3882e+00, 1.5050e+01
 2.0682e-01, 1.1044e+01
-6.2169e+00,-1.2129e+01
-1.3936e+01, 8.6058e-01
 2.0713e+00,-1.2605e+01
 3.6790e+00,-1.1618e+01
-2.4610e+00, 7.2767e+00
-6.5791e+00,-1.0228e+01
 8.7440e-01,-3.9364e+00
 1.0175e+01, 2.0821e+00
-1.0743e+01,-2.4296e-01
-4.3637e+00,-1.6013e+01
-1.5221e+01,-1.3012e+00
 5.9907e+00,-9.5750e+00
 9.4981e+00,-1.2067e+00
-1.5389e+01, 8.1680e+00
 6.8342e-01, 6.2775e+00
 3.2482e+00,-7.1852e+00
-5.6598e+00, 5.1303e+00
 1.6389e+01,-2.7840e+00
 4.1522e+00,-4.7769e+00
 4.0945e+00, 6.0421e+00
 3.7969e+00, 9.9491e+00
-8.4619e+00,-1.4211e+01
 3.2945e+00, 6.5619e-02
-3.9370e+00, 1.6637e+01
 1.0070e+01, 1.3555e+01
 1.1085e+01,-5.9331e+00
 1.5589e+01,-7.8563e+00
 3.3738e+00, 3.1666e+00
-1.4155e+01,-8.2335e+00
 5.2658e+00,-1.3320e+01
-1.4606e+00,-1.3402e+01
 5.4351e+00,-2.9874e+00
 7.0700e+00, 5.5076e-01
-1.2169e+01, 8.1239e+00
-1.0530e+01,-1.3890e+01
-4.3966e+00,-7.8387e+00
 6.2842e+00,-1.1326e+01
-4.4453e+00, 1.3526e+01
-1.9295e+00, 1.5435e+01
 9.2776e-01,-1.7184e+01
-9.5862e+00,-1.0073e+01
-2.7679e+00,-4.7137e+00
-7.9220e+00,-5.7471e+00
 1.3122e+01, 1.2240e+00
-8.8583e+00, 8.2767e+00
 3.0124e+00,-1.5607e+01
 1.2028e+01,-1.0822e+01
-4.6267e+00, 8.3663e+00
 9.8475e+00,-8.4783e+00
-6.1411e+00, 7.1004e-01
-1.3765e+00, 6.0702e-01
-3.5377e-01, 4.1601e+00
 2.8560e+00, 1.5424e+01
 1.1485e+01,-3.9913e-01
 5.5744e+00,-5.5196e+00
 3.0037e+00, 1.3789e+01
-3.5721e+00,-1.1121e+01
 1.2163e+00, 1.6846e+00
 8.8011e+00, 1.0375e+01
-2.9447e+00,-1.8238e+00
 5.5042e+00, 4.6207e+00
-3.0246e+00,-1.4401e+01
-6.3153e+00, 1.4213e+01
 4.8717e-01,-2.1415e+00
 2.2264e+00, 4.7214e+00
-9.2458e+00, 5.2546e+00
 1.2160e+01, 1.1971e+01
-2.8923e+00, 3.5374e+00
-1.3292e+01,-1.4349e+00
 8.6377e+00,-5.6191e+00
-8.9278e+00,-4.1081e+00
 5.1021e+00, 7.3085e-01
 6.7352e-01, 1.4915e+01
-1.3436e+01,-6.8718e+00
-1.2944e+01, 3.8712e+00
-5.9869e+00, 3.4437e+00
 4.0178e+00, 1.2331e+01
-1.5848e+01,-6.4913e+00
 2.2840e-01,-1.1249e+01
-1.3839e+01, 1.0625e+01
 3.6067e+00,-1.5369e+00
 1.1624e+01,-2.4605e+00
-6.8981e+00,-1.5919e+01
-1.0160e+01,-2.2386e+00
 2.0207e+00, 1.2494e+01
 7.0034e-02,-1.2933e+01
-1.7237e+01,-2.8887e+00
 8.3577e+00, 1.3501e+01
 5.3098e+00,-7.8717e+00
-6.4234e+00, 1.6097e+01
 4.4476e+00,-9.1008e+00
 2.4966e+00,-5.3220e+00
-1.0498e+01,-1.1265e+01
 9.0454e+00,-1.4601e+01
-6.2977e+00,-6.1776e+00
-1.6380e+01, 3.9965e+00
 3.6474e+00, 1.7053e+01
 8.0258e+00,-7.5461e-01
-1.0017e+01, 1.9991e+00
-1.0106e+01, 9.3581e+00
 1.4322e+01, 9.3479e+00
-2.5328e+00,-8.9946e+00
 2.8556e+00, 8.6908e+00
-8.2569e-01,-1.7455e+01
 1.1237e+01,-7.4989e+00
-8.1700e+00,-8.7284e+00
-1.6720e+01, 1.4111e+00
-9.4057e+00, 1.3927e+01
 2.0657e+00,-2.0670e+00
-1.0971e+01,-8.4222e+00
 1.1359e+01,-1.3203e+01
 1.6945e+01, 2.6213e+00
-4.7092e+00,-1.2516e+01
 2.0644e+00, 1.0793e+01
-3.1562e+00, 1.4400e+01
-6.6474e+00,-2.0322e+00
-4.5667e+00, 2.1874e+00
-7.8416e+00, 1.5585e+01
 1.5787e+00, 3.1506e+00
-5.7156e+00, 1.2271e+01
 1.1405e+01,-4.3106e+00
 4.8842e+00, 1.3620e+01
-9.6338e+00,-6.0704e+00
-3.1359e+00, 5.1937e+00
 1.6370e+01, 1.0352e+00
 1.0142e+01, 8.8887e+00
-1.6789e+01,-4.7477e+00
-2.2576e-01,-1.4419e+01
-2.6892e+00,-1.2371e+01
-1.4844e+01, 3.7602e+00
-4.9603e-01,-6.8008e+00
 8.5356e+00,-7.3480e+00
-8.1233e+00, 6.3451e+00
-4.4000e+00, 4.0730e+00
-4.0356e-01, 7.3700e+00
 1.0729e+01, 3.6073e+00
