0.5527675601
0.8955549774
0.2884957839
0.2862849521
0.9583204848
0.6478357449
0.8608263617
0.7203905168
0.3533345202
0.2860796732
0.5904858159
0.3135977757
0.4441368598
0.7952129168
0.2861776063
1
0.3477091642
0.7175857184
0.2895461062
0.6521169937
0.8192824266
0.9001215562
0.5572596315
0.5646898577
0.8379207554
0.3627694762
0.29102917
0.3200226817
0.9168083229
0.357838897
0.4273544121
0.6320144888
0.8655001606
0.2890133824
0.3363516408
0.3026103967
0.4119548571
0.5139544937
0.4235418576
0.5132986993
0.6938029319
0.3101745864
0.2914514672
0.8106244239
0.422026839
0.4097541985
0.7946265262
0.2862603424
0.3333671401
0.9018651979
0.7330257352
0.6776425755
0.610691805
0.9829694825
0.5734960156
0.3307040589
0.9263663532
0.302986271
0.4578200514
0.9836174406
0.4507341346
0.7406551231
0.5950243942
0.9487337295
0.5907126889
0.4732905062
0.2881605099
0.3095512982
0.3070523547
0.3536213474
0.8346893299
0.6249892898
0.8867732996
0.850244028
0.2883250315
0.2952735848
0.6831954783
0.7167212569
0.3091108632
0.5324595396
0.2862373028
0.5032926049
0.86433794
0.610691805
0.3245790553
0.8052805892
0.3106245532
0.5320159872
0.2898651488
0.4435412768
0.4421543401
0.3003019158
0.3703416573
0.5703320616
0.2898651488
0.419953167
0.3834897088
0.3594670399
0.3110784791
0.3581337702
0.7801772811
0.2973420207
0.2903505863
0.3495140264
0.3160321629
0.6896130544
0.3083281241
0.4360594608
0.8500707531
0.2949949011
0.4025211808
0.7897168554
0.5355680552
0.5366797513
0.7291877712
0.7739397983
0.2886130783
0.2977803241
0.7182336203
0.2887635861
0.4358641584
0.4178905994
0.3459270732
0.6079668467
0.2871641087
0.2942900654
0.3191851011
0.6159136902
0.2862683712
0.2977803241
0.4741259078
0.2871255791
0.4781075426
0.2897930455
0.2862158336
0.6946834614
0.3736763461
0.3125575612
0.2867942508
0.7745459867
0.9143714231
0.9586145205
0.9406915361
0.3173363563
0.9341896163
0.2913229813
0.5509733114
0.5476133253
0.4224050522
0.4621135772
0.4647866947
0.3795143757
0.9804752785
0.294450186
0.4477250531
0.2864205532
0.289142424
0.3271861851
0.4897530554
0.7264065745
0.3556437775
0.307304622
0.4598607514
0.2899014585
0.4143545516
0.2968511284
0.454772325
0.6392554529
0.5764364422
0.5568100259
0.3928429869
0.7190968936
0.7459154202
0.8035513194
0.5920740595
0.5395737538
0.3246907722
0.31475414
0.806047352
0.6054688532
0.8886153735
0.2894771022
0.3775515338
0.3642907145
0.331785039
0.2864772649
0.3421669449
0.4423522366
0.4783177104
0.2861006225
0.3664413466
0.7173696663
0.3236907026
0.5744005199
0.2874973713
0.3433638291
0.3554984714
0.8142190239
0.5260413768
0.9015755284
0.5458236878
0.2862524881
0.3499337469
0.9915605701
0.3664413466
0.6464824689
0.2866037607
0.2866311508
0.3730370999
0.4844382476
0.3380024335
0.5689769921
0.3759286401
0.6769750154
0.3965008736
0.9158643756
0.5469420145
0.2964899891
0.8957036784
0.3808321733
0.8259503952
0.6729644387
0.3173363563
0.2861959347
0.710868785
0.9587123197
0.4489266452
0.4897530554
0.3746387785
0.2860814189
0.8288828533
0.7596448596
0.6147786466
0.6904961298
0.3422993803
0.681420548
0.4709983427
0.2865770674
0.2861200001
0.4543671862
0.3349735354
0.5154861448
0.8805394216
0.3290459711
0.4419565229
0.2863682004
0.8545493307
0.3846614972
0.2864205532
0.975187231
0.3989653156
0.3047677984
0.2893411619
0.4539623384
0.5449295059
0.2863022308
