 1.4411e+01, 8.6902e+00
 4.6412e-01,-4.5074e+00
-6.3302e+00, 7.8653e+00
-3.2911e+00,-1.4137e+01
 1.0447e+00,-1.1582e+01
 5.6162e+00,-2.6989e+00
 4.2518e-01, 5.9891e+00
-1.6676e+00, 7.8766e+00
 1.1354e+01, 7.4987e-01
 3.1199e+00, 6.4062e+00
-1.3527e+01, 5.9175e+00
-9.3976e+00, 1.0365e+01
 4.5314e+00,-4.1354e-01
 1.4717e+01, 4.9402e+00
 9.1250e+00,-5.8014e+00
 6.0317e+00, 1.4366e+01
 3.1613e+00, 1.7302e+00
-5.6274e+00,-9.6527e+00
-7.1090e+00, 9.7836e+00
 2.7778e+00,-3.7255e+00
 2.5923e-01, 1.6940e+01
-1.2750e+01, 9.9792e+00
 4.3441e-01,-1.3790e+01
 8.3461e-01,-7.6540e+00
 5.5909e+00,-8.4296e+00
 3.9674e+00, 4.7238e+00
 1.3159e+01,-2.8901e+00
 6.1585e+00, 1.1408e+01
 7.8767e+00, 1.3593e+01
 1.6603e+01,-2.8611e+00
-1.1414e+01, 5.2271e+00
 1.7983e+00,-1.6068e+01
 7.6366e+00, 2.6301e+00
-3.2340e-01,-1.0354e+01
 2.8532e+00, 3.2548e+00
-3.9220e+00,-1.2412e+01
-1.1927e+01,-4.5803e+00
-1.6118e+01,-1.6558e-01
 1.7180e+01, 1.7486e+00
 4.4462e+00, 3.1022e+00
-1.0596e+01,-9.3073e+00
-1.3476e+01,-6.5179e+00
-6.6949e+00, 3.4501e+00
 8.7887e+00, 1.1584e+01
 5.4329e+00,-4.8511e+00
 1.2865e+01,-1.1288e+01
 1.1605e+01,-3.7653e+00
-6.4771e-01,-9.8394e-01
-6.2528e+00, 1.4405e+01
 7.8576e+00, 7.7744e+00
 9.9879e+00, 7.3253e+00
-1.2681e+00, 2.0471e+00
 5.7322e-01, 9.0943e+00
 1.4729e+01,-3.2175e+00
-1.4654e+00, 1.0480e+01
 9.7868e+00,-1.2766e+01
-1.6341e+01,-3.0448e+00
-3.3451e+00,-1.0976e+01
-4.4395e+00, 5.7850e+00
-7.1063e-01,-8.5015e+00
 8.2142e+00, 1.5291e+01
-1.0450e+01,-3.7694e+00
 1.3209e+01, 5.0816e+00
 6.3744e+00,-4.7444e-01
 6.1298e+00,-1.5785e+01
 8.0924e+00,-1.3721e+00
-1.2295e+01, 4.6779e-01
-1.2885e+01,-1.1754e+01
-3.1696e+00,-1.4566e+00
 4.4182e+00,-1.3784e+01
-6.5557e+00,-1.5141e+00
-2.8456e+00,-1.6141e+01
-1.0298e+01,-3.0956e-01
 1.2291e+01, 6.4757e+00
-8.8378e+00, 3.1185e+00
-1.9977e+00,-9.6387e+00
-6.5960e+00,-1.4174e+01
-7.4141e+00,-8.5168e+00
-1.3851e+00,-3.8413e+00
-1.5666e+01, 6.9480e+00
-9.4046e+00,-2.4575e+00
-1.4323e+01, 7.6715e+00
-1.5262e+01, 2.6752e+00
 1.0310e+01, 2.4097e+00
-2.9168e+00, 1.2834e+01
-4.5566e+00,-2.9300e+00
 1.1389e+00,-2.6921e+00
 9.5508e+00, 1.0008e+01
-6.2943e+00, 1.6244e+01
 7.6058e+00, 1.0626e+01
 1.0331e+00, 3.0019e+00
 9.5190e+00, 1.1866e-01
 5.4941e+00, 9.7498e+00
-4.4580e+00, 9.9190e+00
-1.0528e+01,-1.1637e+01
-1.1208e+01, 1.9045e+00
-1.6212e+01,-6.3665e+00
-4.2878e+00,-1.4903e-01
 1.7023e+00, 1.5443e+01
-6.1096e+00, 6.3631e+00
-4.3839e+00,-4.5308e+00
 1.1375e+01, 1.1451e+01
-1.2249e+01, 7.5512e+00
 1.5906e+01, 2.9766e+00
 1.3220e+01, 1.1397e+01
-1.1380e+01, 9.1459e+00
-7.5659e+00,-4.7428e+00
-9.1652e+00,-5.2226e+00
 4.0770e+00,-8.0952e+00
 2.6752e+00,-1.2426e+01
-5.1977e+00, 2.4523e+00
-3.8792e+00, 7.6487e+00
-3.1012e+00,-6.1606e+00
-1.1869e+01, 1.2695e+01
 1.4614e+01,-5.0393e+00
 4.8026e+00, 8.1258e+00
-4.2346e-01,-1.2143e+01
-1.3057e+01,-3.5937e+00
-4.3029e+00,-8.3683e+00
 6.5642e+00, 5.2759e+00
-9.8576e+00, 1.3712e+01
-1.0524e+01,-1.3529e+01
-8.2516e+00,-1.4113e+01
 3.9199e+00, 1.1045e+01
 8.2043e+00,-1.0667e+01
-1.3590e+01, 4.1515e+00
-2.0551e+00, 4.5797e+00
 1.7461e+01, 2.2451e-01
 1.2678e+01,-6.2254e+00
-1.7520e+00,-1.1326e+01
-2.7452e+00,-8.1451e+00
-1.0133e+01, 7.4163e+00
-1.2266e+01,-1.0212e+01
 2.0081e+00, 1.0610e+01
-8.2404e+00,-8.5486e-01
-8.7325e+00,-1.2627e+01
 4.3157e+00, 1.3152e+01
-3.0007e+00, 2.9799e+00
-1.1560e+01,-6.9091e+00
 5.5710e+00, 6.5766e+00
-1.2048e+01,-8.4980e+00
 9.0299e+00, 5.5858e+00
-1.5434e+00,-5.7613e+00
 1.5266e+01,-7.5155e+00
 2.0965e+00,-9.7367e+00
 1.1508e+01, 8.5045e+00
-4.9034e+00, 1.3671e+01
-7.9710e+00, 1.2110e+01
 2.5706e+00, 1.3945e+01
 1.2670e+01, 3.4706e+00
-2.9125e+00, 1.5142e+01
 2.6530e+00,-6.3563e-01
 1.4255e+01, 6.8474e+00
 1.4748e+01,-1.0128e+00
 1.0858e+00, 1.3337e+01
 1.3022e+01, 9.6819e+00
 1.4519e+00, 7.6882e+00
-1.9270e+00,-1.2852e+01
 7.5628e+00,-1.2608e+01
-7.3156e+00, 1.8143e+00
 5.1014e+00,-1.0460e+01
 7.3595e+00, 8.7715e-01
 8.9628e+00,-3.0495e+00
 1.8086e+00, 1.7220e+01
-1.5859e+00, 1.5919e+01
 2.3069e+00,-8.1833e+00
 9.3588e+00, 3.6098e+00
 3.7855e+00,-6.6189e+00
-1.3398e+01, 2.0898e+00
 5.0126e+00, 1.4809e+00
 2.1717e+00,-5.9771e+00
 1.0690e+01, 5.1649e+00
 1.2968e+01, 5.5162e-01
 4.5680e+00,-1.5410e+01
-2.6216e-01, 3.9414e+00
-5.8542e+00,-7.3020e+00
 8.4022e+00,-9.0023e+00
 1.1967e+01,-8.1216e+00
 1.3959e-01, 1.0295e+00
 1.0612e+01,-9.1968e+00
-9.6646e+00, 1.4925e+00
-1.0526e+01, 1.1672e+01
-8.2025e+00, 5.2780e+00
-5.0785e+00, 1.1487e+01
-1.3597e+01,-9.3796e+00
-1.0333e+01, 3.9488e+00
 3.5745e+00, 1.5935e+01
-3.0507e+00, 1.2786e+00
-7.6683e+00,-1.1074e+01
-4.3209e+00, 3.8425e+00
-2.5083e-01,-1.5637e+01
 1.5920e+01, 1.7353e-01
 9.9517e+00,-7.3154e+00
 5.7527e+00, 1.6171e+01
 7.0945e+00,-7.3634e+00
 1.6672e+01,-4.8277e+00
-1.6630e+01, 5.3642e+00
-1.5079e+01,-1.4758e+00
-9.1072e+00,-1.0463e+01
-9.3237e+00,-8.1429e+00
-5.9558e+00, 1.8739e-01
-2.8711e+00, 1.1086e+01
-7.6547e+00, 6.7048e+00
 7.3884e+00,-3.3740e+00
-5.1051e+00,-1.6069e+01
 1.6714e+01, 4.5513e+00
 8.1832e+00,-1.4350e+01
 1.1020e+01,-2.0187e+00
-1.4200e+01, 5.5692e-01
 3.3355e+00,-1.1045e+01
 1.1000e+01, 1.3528e+01
-4.0994e+00, 1.6877e+01
-1.2126e+01,-1.6213e+00
 4.3251e+00,-3.8020e+00
 1.2053e+01,-7.2758e-01
-6.0852e+00,-3.2072e+00
-5.7624e-02, 1.1511e+01
-5.0175e+00,-1.3909e+01
-1.4971e+01,-8.6944e+00
 1.4606e+01, 1.3080e+00
-9.2796e-01, 1.3804e+01
 1.3057e+01,-4.7157e+00
-1.4191e+01, 9.5411e+00
-7.7701e+00,-6.4265e+00
 1.6140e+00, 1.3712e+00
-1.4827e+01,-4.7997e+00
-1.4421e+00,-1.7141e+01
-1.5781e-01, 7.6067e+00
 2.4002e+00,-1.4664e+01
-1.6632e+01, 3.6895e+00
-1.1117e+00, 6.0081e+00
 3.1277e+00,-2.1993e+00
-5.0295e+00,-5.9419e+00
-2.9469e+00,-3.3990e+00
 1.1384e+01,-1.2278e+01
-9.8393e+00, 5.5844e+00
 7.7277e+00,-4.9434e+00
 3.8213e-01,-1.7477e+01
-1.7032e+01, 1.9313e+00
 6.0009e+00,-1.3591e+01
-5.9440e+00,-1.1401e+01
 1.1074e+01,-6.2955e+00
 3.2247e+00,-1.6995e+01
 6.7215e+00,-1.0971e+01
-8.8208e+00, 8.2742e+00
-1.4492e+01,-3.0757e+00
 1.4306e+01,-9.7573e+00
 2.0682e+00, 5.0426e+00
 9.3823e+00, 1.2976e+01
 3.1554e+00, 8.6357e+00
-1.8763e+00, 2.0203e-01
-7.0480e+00,-1.5796e+01
-1.7112e+01,-1.5416e+00
-8.1582e+00, 1.5018e+01
-9.8817e+00,-6.7420e+00
 2.5495e-01, 1.4988e+01
