0.8011777281
0.764708519
0.6603452371
0.2949995561
0.2868824931
0.337730009
0.2934354799
0.3240878367
0.9261939963
0.323648524
0.6422718379
0.3791840883
0.7593357999
0.7408802404
0.7881940615
0.4743078211
0.4273114585
0.4531137196
0.8984716304
0.3228855381
0.3935142431
0.9203940326
0.6896279207
0.4219851405
0.8377549355
0.2868543146
0.7996193634
0.7509973838
0.2931985396
0.5032955497
0.5510530247
0.3095615497
0.2896357642
0.9835698227
0.2924690401
0.5901966393
0.4846321921
0.2914570318
0.729147879
0.3137446048
0.2881119084
0.9753366329
0.2874755815
0.9762996273
0.3456000763
0.9478981606
0.3736841046
0.6700064611
0.2878506224
0.6175098532
0.3868387016
0.4340666176
0.3470969408
0.3388783793
0.2877221321
0.4252105738
0.5407487055
0.3584711274
0.6068102684
0.7875971383
0.3011499281
0.8620444725
0.5434311252
0.2898591437
0.2870102462
0.3353434913
0.3168511719
0.3577355807
0.5892870921
0.7877961767
0.2868273603
0.3708281336
0.288646268
0.2870622165
0.5210002617
0.6735899646
0.3054781636
0.6220606267
0.5078577117
0.2868210592
0.6560634341
0.3790203845
0.6616958231
0.6713510388
0.5831512182
0.4197242495
0.2897623712
0.6576417937
0.5163830892
0.7330033451
0.4655781453
0.835585733
0.379511845
0.3412093692
0.5781571635
0.4042822695
0.5416423776
0.2984887538
0.2875694897
0.5519516958
0.3019282986
0.9826665986
0.3167516743
0.8015666422
0.2873601481
0.9190493587
0.2976813626
0.8520999373
0.32116946
0.4525076386
0.430965392
0.3191823355
0.8810775131
0.2962084678
0.6350145065
0.296494627
0.3491646239
0.5196792581
0.3301344317
0.8191559438
0.3095615497
0.4001765208
0.3839817367
0.8494830961
0.9466668227
0.3119761466
0.7864015681
0.2916597125
0.6731423863
0.4352351908
0.2887746067
0.3843161566
0.7325757038
0.3559834928
0.3341081909
0.4545305018
0.9040572518
0.4109994195
0.2909501864
0.3708281336
0.7731021148
0.6973660188
1
0.4799788937
0.3861635484
0.6697822773
0.4579861725
0.3400381857
0.4078962244
0.4028480216
0.7858029243
0.5512776552
0.4539228664
0.5240880635
0.9003976779
0.8861205709
0.9843868747
0.4557477535
0.3819847833
0.3413402004
0.3069331319
0.5009142393
0.6900711874
0.3224528747
0.2868273603
0.5336170606
0.4508947115
0.5770229672
0.3790203845
0.3391351278
0.8033133871
0.6800677463
0.4884602108
0.3543939191
0.3727277767
0.5620872474
0.9059370191
0.9901160183
0.2902964756
0.3119761466
0.2868247348
0.3111583916
0.2871308051
0.5411954824
0.2893018838
0.4649590602
0.2944771603
0.8170845192
0.3290782962
0.2966102711
0.2937743612
0.4496881817
0.2945802812
0.6058995532
0.2879476317
0.88123649
0.9174228812
0.3677010048
0.3133675656
0.6975864969
0.2873330363
0.3638615603
0.2874755815
0.3212755743
0.3813227951
0.347508038
0.4104497296
0.2875534019
0.4641345644
0.7246311561
0.4436970976
0.2886211216
0.2868259601
0.5528507597
0.7317198599
0.9658703935
0.5654751794
0.2869134708
0.2872315773
0.5627644869
0.461257483
0.4202882273
0.4397425458
0.3043059364
0.4637227259
0.8843973421
0.510255535
0.3174514155
0.5528507597
0.2932928036
0.7181450624
0.3984084989
0.5394090933
0.2872936788
0.6029398326
0.2871003609
0.3101764024
0.6452161425
0.3256443764
0.3663098475
0.9036211981
0.5618615405
0.6008909712
0.3780406118
0.3578824315
0.7809933741
0.9996094129
0.3293119631
0.3099999314
0.4622834559
0.5530755863
0.3347240435
0.8611982007
0.2868653411
0.3319210415
0.8295633254
