0.6131866212
0.72198926
0.925519059
0.4599775497
0.3125868568
0.293638256
0.3224072088
0.8126341061
0.2889693518
0.9806478435
0.8235795655
0.8097155872
0.4295459585
0.645251858
0.5237901809
0.5291231291
0.5772304999
0.4053227127
0.3018958919
0.3057407896
0.4021013705
0.5077174756
0.4324429499
0.9303605828
0.7714680209
0.3856797827
0.3546027295
0.3067386499
0.3987381263
0.6804336689
0.3095631028
0.925519059
0.7250477884
0.5975925289
0.373286092
0.584084303
0.3333211275
0.9950716622
0.4820853907
0.4424387093
0.3326051122
0.313034952
0.5797421291
0.3717071191
0.3144957735
0.49254543
0.3041157657
0.427434301
0.4803912376
0.2911795195
0.6856064971
0.4155564172
0.7440725569
0.7110005155
0.3078443664
0.4026359056
0.6918830859
0.3154295357
0.3067386499
0.5273430043
0.6067640654
0.3003436271
0.466985806
0.4022794436
0.5329137997
0.3101519848
0.5649297588
0.4638838154
0.7872434006
0.7202378386
0.4189117304
0.2994829943
0.2942209113
0.4751228763
0.8022529082
0.4538636537
0.6981351893
0.7200187248
0.6370218311
0.970246827
0.8390915971
0.3014331405
0.3088998582
0.3739211178
0.7604088922
0.2933596554
0.8522967919
0.3635470161
0.9124266133
0.352901249
0.2982543107
0.2908319665
0.7250477884
0.5209110546
0.8546038968
0.4299310662
0.3825173398
0.3662785951
0.2900629711
0.8050137225
0.3771254416
0.3110070372
0.2991836634
0.6833592642
0.5801989746
0.9170257612
0.7250477884
0.4396727979
0.3569013593
0.4371191905
0.2997865588
0.709675292
0.470520187
0.390415758
0.3446885568
0.3513586393
0.6577901108
0.2922960682
0.2995433687
0.4856983999
0.2894181904
0.2889675884
0.2894833971
0.6770523138
1
0.5909489498
0.3192224423
0.850155072
0.2921274749
0.7337394989
0.9668972549
0.4320555318
0.401212588
0.3104067987
0.2916478404
0.8881516073
0.8079570073
0.2889915706
0.3579177036
0.4326367911
0.3900745286
0.6824595788
0.2904907722
0.4871911231
0.2940932022
0.8820095202
0.589117471
0.4818734062
0.9993627691
0.2893119096
0.4312817555
0.5930100515
0.2935178159
0.3297944312
0.3084092751
0.308328083
0.855311021
0.3938526195
0.7946936065
0.2997865588
0.8698556578
0.3933342591
0.490613773
0.6269452261
0.7213327884
0.3061212838
0.8873507742
0.9433753984
0.3564677699
0.3431059946
0.587744272
0.3348906722
0.2901226659
0.4538636537
0.8857424164
0.3919568364
0.2889686464
0.8279296334
0.4944816054
0.5286778706
0.5048808693
0.2978614071
0.6988035317
0.9145946654
0.5576678185
0.9655837617
0.4955591812
0.8696859845
0.2889861041
0.2890083224
0.7664796483
0.3339218603
0.9386493345
0.4157419994
0.7722962043
0.5827125875
0.3506628867
0.4253336382
0.2896118561
0.6216726231
0.7555615749
0.363848479
0.6675545559
0.3747176479
0.8307455571
0.2958745213
0.5355958089
0.9765712125
0.5669761387
0.3009786236
0.537610577
0.2890982471
0.7339558732
0.3186233377
0.490613773
0.2896893796
0.3374782714
0.2934383889
0.5118778357
0.3051405924
0.2895530037
0.51958458
0.3449542836
0.4528512605
0.3084906306
0.3128552322
0.4827217109
0.5209110546
0.3737621779
0.2898225612
0.2926463106
0.356612167
0.9561088924
0.3861829314
0.4349697139
0.974120146
0.5813413275
0.8087392863
0.3379784062
0.3465603828
0.2889686464
0.2892105505
0.2892105505
0.289627009
0.6333595036
0.2894833971
0.9003519806
0.3557477791
0.6970206169
0.5861426826
0.7650185642
0.3232532446
0.4017455406
0.6147922815
0.770431492
0.6198381147
