0.8132398059
0.346668117
0.287457458
0.3159643943
0.3855181598
0.7544525975
0.9459459114
0.3434276152
0.3816784364
0.6262889342
0.559815239
0.2890333325
0.3473531109
0.9090893154
0.3142134595
0.921120723
0.6993643869
0.4678964177
0.6850076984
0.2880935973
0.4505387542
0.2882148326
0.3810168071
0.3205611592
0.2958993388
0.3711584179
0.4388060733
0.2908596996
0.841019315
0.6581797285
0.3154729576
0.9006078275
0.4009243924
0.4910565813
0.5724611104
0.3998592763
0.3185823034
0.501591944
0.3323549005
0.2905154293
0.7692954496
0.3269402087
0.287457458
0.5501478936
0.8124810219
0.964491617
0.4310120439
0.3986213638
0.2866722604
0.479596532
0.3343105059
0.4066671801
0.5365151903
0.2872304518
0.6951824909
0.5104973374
0.3614488929
0.3073838776
1
0.4267835331
0.515087809
0.3216247922
0.3561249198
0.3965111599
0.8196430162
0.3076360036
0.7764023487
0.2940110316
0.4054020923
0.3224866266
0.5912846706
0.6439667585
0.9172387514
0.8239267769
0.6595294083
0.4635611456
0.6108358556
0.302206175
0.3022793192
0.5985571572
0.2894364268
0.8635025206
0.2935096511
0.6858951488
0.4358676274
0.4983538636
0.2955609231
0.2892157436
0.6203832367
0.4625333351
0.4889219831
0.95590704
0.687668558
0.2866808241
0.2887431639
0.4294695276
0.7523683729
0.2883918547
0.7153069487
0.7074705476
0.9083833303
0.3239077275
0.287652107
0.2866984755
0.412328012
0.2869010011
0.3332059329
0.3105045757
0.3047064283
0.6062879782
0.4360629448
0.8850258061
0.9371399684
0.3002250414
0.4584394256
0.2917171055
0.4374324896
0.8067540741
0.2874761395
0.6315086935
0.2866172059
0.8235558276
0.3450380105
0.3878845217
0.6069701741
0.331510967
0.5407500149
0.9856489719
0.2961859868
0.6725342728
0.3103257752
0.7269601739
0.4046813949
0.4598691095
0.3841758096
0.2866100398
0.3991512728
0.9316485203
0.3919915155
0.5974205171
0.403962313
0.5443244573
0.3005693182
0.4910565813
0.6931972396
0.3640203425
0.9649545211
0.2864667038
0.7245966907
0.8517410778
0.4951270713
0.7120480849
0.4156577324
0.6187925161
0.7699074653
0.3663193203
0.8780767138
0.3148883726
0.5050579248
0.6640227311
0.4271661932
0.4395927772
0.543653695
0.2935590241
0.7033142816
0.3454436949
0.8881272073
0.909933349
0.2872802242
0.2879086554
0.7905877413
0.7907852452
0.9717422652
0.3095290522
0.484881482
0.9181832944
0.4112250275
0.8188940471
0.36040068
0.3785521207
0.6419309091
0.2869647709
0.2868302367
0.9685607541
0.8134293235
0.7999935882
0.7291040513
0.587877816
0.2969509555
0.9858377563
0.3322339034
0.2868415944
0.4227871066
0.2926500571
0.7044093574
0.3359265251
0.5885590526
0.3509694177
0.2877987164
0.8740521461
0.6008306842
0.3040068904
0.2895992429
0.5999212382
0.2914228967
0.5028902546
0.3434276152
0.2898003219
0.3017707628
0.7224434033
0.2869259855
0.338203842
0.4467307645
0.7006823283
0.3882243527
0.5654538137
0.3574402828
0.4103085456
0.4250659494
0.5537400779
0.3068012201
0.6172015486
0.5423129314
0.7207176239
0.3068839733
0.3244610753
0.4417628938
0.2866397525
0.7122656264
0.3265979005
0.2865149515
0.79472159
0.2865831226
0.2868190536
0.5876507532
0.4256376772
0.4441413336
0.7621167015
0.3328403372
0.8001879066
0.287166529
0.8850258061
0.8213239127
0.3405268989
0.7382695237
0.5720085633
0.570877461
0.2881415703
0.4906292271
0.3259172968
0.4081189818
0.3470787064
0.5944657439
0.3732224335
0.4143591628
0.3242392859
