-3.1046e+00, 5.9343e+00
-1.2372e+01,-7.7274e+00
-9.7530e+00,-1.4111e+01
-1.1879e+01,-9.9368e+00
 1.1679e+01, 7.3070e+00
-7.0635e+00, 3.0413e+00
-3.4861e+00,-5.8593e-01
-1.2717e+01, 7.5447e+00
-1.9588e+00, 1.3791e+01
 8.7836e+00,-3.9215e+00
-4.4383e+00,-9.6511e+00
-1.6098e+01,-5.4314e+00
-5.2657e+00, 1.3747e+01
-3.5570e+00,-2.7683e+00
 1.2489e+01, 9.4458e+00
 1.5179e+00,-3.8504e+00
 1.3177e+00,-8.3169e+00
 7.3026e+00,-9.6476e+00
 7.1328e+00, 5.1737e+00
 1.5013e+01, 8.3240e+00
-1.2499e+01,-6.1543e-01
 1.7001e+01, 1.8742e+00
-1.0462e+00,-1.3680e+01
-8.1542e+00, 1.3169e+01
-1.6216e+01, 2.9829e+00
 1.3198e+01,-4.6359e+00
-4.9514e+00, 1.1825e+01
-1.4472e+01,-8.4921e+00
 2.6090e+00,-5.3461e+00
-8.9899e+00, 2.0955e+00
 8.9997e+00,-1.2568e+01
 2.5825e+00, 4.1081e+00
 2.2046e+00,-1.3123e+01
-1.1300e+01,-3.3996e+00
-8.4253e+00, 6.4353e+00
 8.6116e+00, 1.0416e+01
-1.5340e+01,-1.9173e+00
 1.0236e+01, 5.6187e+00
 4.2845e+00, 1.4501e+01
-4.8573e+00,-1.6030e+01
-3.3157e+00,-6.4876e+00
 7.6705e+00, 1.3201e+01
 1.0330e+01,-1.3671e+01
 9.1937e+00,-5.6460e+00
-6.6139e+00, 4.8277e-01
-2.3198e+00, 1.8784e+00
 6.0052e-01, 1.2947e+01
 1.3436e+01,-4.3833e-01
-1.7062e+01,-3.5955e+00
-7.4755e+00, 9.5208e+00
 1.3751e+01, 5.9648e+00
-3.3812e+00, 1.2987e+01
-6.6540e+00,-8.7634e+00
-7.2333e+00,-1.5590e+01
-4.9088e+00,-6.9658e+00
 7.7306e+00, 8.6034e+00
-1.3984e+01, 3.0267e+00
 8.8608e-02,-1.5763e+01
 6.2263e-01,-4.0265e-01
-1.2403e+01, 3.8241e+00
 8.7406e+00, 7.4442e+00
-1.8002e+00,-1.5135e+01
 1.7251e+00, 1.4399e+01
 8.9394e+00,-1.0000e+01
-1.2790e+00,-6.2342e+00
 6.3461e+00, 1.4642e+01
 4.6317e+00, 5.6779e+00
 3.7558e+00,-1.6026e+01
-4.1324e+00,-1.2572e+01
 1.3094e+01,-7.8091e+00
 1.0158e+01,-8.5782e-01
-8.9693e+00,-2.7939e+00
 4.1753e+00,-1.0507e+00
 5.1892e-01, 6.4770e+00
-4.5206e+00, 8.0952e+00
 1.0999e+01,-5.2965e+00
 1.0272e+00, 9.9769e+00
-3.1394e+00, 1.5914e+01
-1.1117e+01,-1.1559e+01
 1.2406e+00,-9.9215e+00
-1.0770e+01, 1.3228e+01
-5.0019e+00, 2.6734e+00
-1.3629e+01, 9.6327e+00
-2.1080e+00,-8.3844e+00
 2.2977e+00, 1.2659e+01
-1.0631e+01,-4.8016e+00
 1.1071e+01, 1.2288e+01
 1.5708e+01,-6.2987e+00
 5.9584e+00, 7.8454e+00
 1.1872e+01, 3.2311e+00
-7.9832e-02,-1.1739e+01
 2.3822e+00,-2.0146e+00
 8.3422e+00,-2.3709e+00
-1.5885e+01,-7.1174e+00
 9.8905e+00, 1.3976e+01
-1.1150e+01,-6.3665e+00
-7.3679e+00,-2.0740e+00
 2.1543e+00, 1.7059e+01
-7.3472e+00,-3.7402e+00
-1.4593e+00, 8.3913e+00
 7.1456e-01, 4.6306e+00
-1.4117e+01,-5.7772e+00
-1.7218e+01, 3.0971e-01
-1.7360e+01,-1.6457e+00
-9.2592e+00,-9.3135e+00
 1.7220e+01,-1.9352e+00
 1.4787e+01,-2.2461e+00
 8.6325e-02, 1.5859e+01
 6.4215e+00,-1.4525e+01
 4.2425e+00, 9.1481e+00
-2.1582e+00,-1.2466e+01
 4.1689e+00,-2.8522e+00
-1.0743e+00, 3.7680e+00
-3.2537e+00,-1.5770e+01
-1.1174e+01, 5.4417e+00
 1.3806e+01,-9.3376e+00
-1.0554e+01, 7.2663e+00
 6.3267e+00, 2.2908e+00
-1.5150e+00, 1.7277e+01
 5.3494e+00,-7.8473e+00
 1.6233e+01, 6.4997e+00
 5.3209e+00, 3.6318e+00
 6.8193e+00,-1.2869e+01
 5.8441e+00, 1.2475e+01
-8.8070e+00,-4.6263e+00
-8.6138e+00,-1.2238e+01
 2.7441e+00,-1.0552e+01
-1.6744e+00,-9.1075e-01
-1.1944e+01, 1.1417e+01
-6.5969e+00, 6.1970e+00
-7.4186e+00,-1.3798e+01
 3.0804e+00, 7.5813e+00
-6.7444e+00, 1.1641e+01
 6.6083e+00, 1.0520e+01
-8.4250e+00, 1.1006e+01
 1.6866e+01, 4.5728e+00
-1.3018e+01,-3.3610e+00
-1.3101e+00,-3.6340e+00
-1.2672e+01,-4.8716e+00
-6.1164e-01, 1.0225e+01
 1.3144e+01,-2.1762e+00
-2.0602e+00,-1.0653e+01
-1.5624e+01, 4.4188e+00
-3.2042e+00, 1.1488e+01
 3.0524e+00,-7.9572e+00
-1.3867e-01, 1.4317e+01
 1.0185e+00, 2.8003e+00
 8.4268e+00,-1.5337e+01
-8.1132e+00, 8.5626e-01
-4.3188e+00, 4.0698e+00
 3.8366e+00, 1.1209e+01
 5.7535e+00,-5.8931e+00
 4.6203e+00,-1.2177e+01
 2.7578e+00, 9.5082e+00
 7.3345e+00, 4.8764e-01
 1.3861e+01, 2.8793e+00
-8.3683e-01, 5.3353e+00
-1.4260e+01, 6.4408e+00
 1.1518e+01, 1.1475e+00
 7.2987e+00,-5.2872e+00
 9.7464e+00, 8.5699e+00
 9.2748e+00,-8.5352e+00
 5.1098e+00,-9.5836e+00
 1.7150e+00,-1.6403e+01
-2.1499e-01,-8.3563e+00
-1.1499e+01, 9.2280e+00
-4.7773e+00,-1.6154e+00
 4.5044e+00, 4.9567e-01
-5.7404e+00, 1.6407e+01
 1.1463e+01,-1.2634e+01
 6.8367e+00,-1.3051e+00
 5.4850e+00,-4.2129e+00
 2.4365e+00, 9.9327e-01
 1.0986e+01,-1.1205e+01
-6.7609e-01, 1.2011e+01
 3.5424e+00, 2.5695e+00
-7.1706e+00,-1.1006e+01
-3.9674e+00,-5.0342e+00
-1.4290e+01,-6.3896e-01
 1.0851e+01,-8.5192e+00
-9.3857e+00,-1.0757e+00
 1.7320e+01,-2.8157e-01
 1.6626e+01,-4.8993e+00
 2.5391e-01,-2.6165e+00
-5.1585e+00,-4.0076e+00
-1.5469e+00, 6.7722e+00
-4.8018e+00, 6.5916e+00
-3.8291e+00, 9.6563e+00
 1.5964e+01,-3.4934e+00
-4.9551e-01, 1.9864e+00
-5.7922e+00,-1.3759e+01
-1.0152e+00,-1.7240e+01
-1.2907e+01, 1.8255e+00
 5.0801e+00, 1.5983e+01
 7.7949e+00, 3.3391e+00
 1.7338e+00,-1.4701e+01
 8.4656e+00, 5.8909e+00
 1.4488e+01, 6.9647e-01
-7.8229e+00, 1.5411e+01
 8.1810e-01,-5.1971e+00
-9.0376e+00, 4.6109e+00
-1.6006e+01, 1.2057e+00
 8.0600e+00, 1.5004e+01
-6.4906e+00, 7.8535e+00
 1.4641e+01,-8.0289e+00
-9.5776e+00,-6.4981e+00
-1.4036e+01, 4.5797e+00
 5.5821e+00,-1.5854e+01
 1.5284e+01, 5.2054e+00
-5.8541e+00,-5.5949e+00
 3.1757e-01, 1.7463e+01
 1.0594e+01, 1.0502e+01
 1.1899e+01,-3.8746e+00
 8.4527e+00,-7.2628e-01
-1.0806e+01,-8.3004e+00
-1.0612e+01, 9.9116e-01
-1.4350e+01, 1.0391e+00
 3.9574e+00, 1.2735e+01
 1.0835e+01,-6.9682e+00
 1.0277e+01, 3.3974e+00
 1.2294e+01,-9.9447e+00
 9.6752e+00, 1.7026e+00
-5.4451e+00, 9.6680e+00
-2.9671e+00, 7.7534e+00
 1.5465e+01, 3.7005e+00
 1.3110e+01, 7.8841e+00
-9.1769e+00, 8.8477e+00
-1.4205e+01,-1.0055e+01
 8.1259e+00, 1.8356e+00
-1.4794e+01,-3.4193e+00
-1.1409e+01,-1.3212e+01
 4.2750e+00,-5.3239e+00
 1.3558e+01,-1.0899e+01
-1.5237e+01, 8.5207e+00
 6.9904e+00,-7.4096e+00
 6.3134e+00,-1.1182e+01
-5.3068e+00,-1.1342e+01
-5.9889e+00, 4.6503e+00
 3.6809e+00,-1.4429e+01
 3.7028e-01,-6.7077e+00
 1.3224e+01, 1.1231e+01
-2.7444e+00, 4.4608e+00
 2.7825e+00, 5.9088e+00
-1.0106e+01, 1.0928e+01
 1.3853e+00, 7.8852e+00
 1.0185e+01,-2.4677e+00
-7.4619e+00,-7.3562e+00
-1.5835e+01, 6.6702e+00
 1.1697e+01,-1.4450e+00
 9.2011e+00, 1.2212e+01
 4.1987e-01,-1.3162e+01
-3.4536e+00,-1.4098e+01
-3.9210e-01,-1.0056e+01
 7.9689e+00,-1.1381e+01
 1.2062e+01, 5.3259e+00
 1.3758e+01,-6.4597e+00
