0.2957926498
0.7088661705
0.3763246727
0.7473649695
0.2998999321
0.8864195116
0.3682401779
0.4029106168
0.9530488017
0.7044800346
0.4471501598
0.4180994682
0.5404190317
0.6315855619
0.3017453027
0.5118810099
0.3219305241
0.3589929637
0.4070512213
0.7773638467
0.3169828657
0.3083380645
0.7286191808
0.3967144197
0.5343966699
0.3805655867
0.6402194726
0.3546199794
0.357668764
0.8955063436
0.3201376974
0.3582560027
0.9712983393
0.2888479215
0.6859035354
0.5880815985
0.3249792374
0.4400044816
0.5352873988
0.6803311661
0.5051236235
0.677650037
0.28872728
0.3812250347
0.6549413619
0.3010477167
0.401305108
0.3061963339
0.7294792365
0.6284008572
0.6905696611
0.4947517112
0.4007718012
0.3175818724
0.6859035354
0.2892088608
0.3691748834
0.3860609264
0.9761925227
0.4513653724
0.8012345732
0.2872073556
0.5924063586
0.446151558
0.2997023771
0.9847339422
1
0.7925899083
0.9093192498
0.3088478174
0.3250903099
0.4919630372
0.2980532587
0.3167844405
0.6810008141
0.4141929061
0.2872861897
0.5343966699
0.3044698998
0.287702127
0.3077506869
0.3167844405
0.4262269203
0.4277575023
0.2890241296
0.3056384524
0.2871204538
0.9398774939
0.8823154119
0.6907915097
0.2883496744
0.5062105252
0.3378286452
0.8400708338
0.4260359989
0.8547255811
0.9445763414
0.4898241137
0.6910133261
0.4984118371
0.2973896877
0.859030062
0.8696453969
0.3228975144
0.3175818724
0.2880403185
0.6074436798
0.6334045573
0.6140530038
0.394619785
0.7099603152
0.5393020535
0.2872019245
0.8668140517
0.2890499981
0.4180994682
0.424892354
0.6958849702
0.2900328914
0.7322693558
0.622709957
0.3748752384
0.9483288863
0.3059562654
0.8304292549
0.7467321994
0.4923914748
0.287122206
0.8263642077
0.5978725827
0.4741749402
0.5482583164
0.5315054958
0.5346193027
0.424892354
0.9269010306
0.5422077644
0.2907400827
0.7826135358
0.4327707533
0.6336318858
0.2895745245
0.3319071867
0.3365676955
0.3818863314
0.2872073556
0.2978096062
0.8057015424
0.3319071867
0.3142617645
0.5749017412
0.7910044511
0.2877908902
0.3606256167
0.8775053062
0.8862627805
0.6774264292
0.2876601055
0.4356895057
0.5789877802
0.482170488
0.3340887801
0.2880765446
0.4343250433
0.9127122538
0.4800578683
0.2969198841
0.8084027569
0.5676495644
0.3852203243
0.3267743976
0.3048553332
0.4790038112
0.2922977271
0.8027923958
0.9993433729
0.6051645367
0.3247575435
0.3534737732
0.3553406423
0.5051236235
0.6693589624
0.2948877752
0.963272846
0.6311307145
0.2992472573
0.2892632058
0.5295073155
0.6120019508
0.6411272881
0.2922554296
0.438430761
0.306276682
0.8091720301
0.3088478174
0.6033413062
0.3175818724
0.3385920468
0.2873618629
0.3995310637
0.8084027569
0.9050009408
0.3452852012
0.4283329349
0.4847134308
0.31728167
0.8320816957
0.6994176798
0.2871688117
0.7935787024
0.4171655365
0.9503281323
0.3539026097
0.4984118371
0.7599208089
0.5079520012
0.2950438931
0.3772962984
0.7143270536
0.3276863239
0.3337219158
0.3321472585
0.2968041193
0.2923828376
0.288823445
0.4041651044
0.2875434839
0.3083380645
0.3107663571
0.8770199367
0.6081274324
0.5072985994
0.3937515837
0.3601788063
0.8936838785
0.2879023988
0.5762632653
0.9614119638
0.4212923392
0.3351971723
0.2884126504
0.8924615722
0.2877164839
0.7169393615
0.2873350628
0.3415655364
0.3911632483
0.2873438211
0.2894875354
0.289128647
0.357668764
0.3200336153
0.460508817
0.6347683688
0.4333529718
0.3979433754
