0.8581971178
0.9569487262
0.7181099497
0.4889139212
0.6004462139
0.9447239105
0.805464901
0.7786330934
0.2881161049
0.2883396869
0.4651711507
0.3039824631
0.3569369232
0.5635926854
0.3474788826
0.2907340662
0.5774315036
0.4899822263
0.376615664
0.2903181089
0.5505029589
0.6720256984
0.7743559861
0.8484085564
0.4814758784
0.997927571
0.6648214621
0.6373980021
0.6006744365
0.5035574817
0.6939178398
0.2890594516
0.8188943411
0.5879023275
0.4348392886
0.2892706816
0.6925858432
0.3286816399
0.9397261028
0.3562104844
0.3845080357
0.2941258446
0.9074954675
0.6335278512
0.4242537807
0.2897906324
0.3167091696
0.3945681922
0.3909432099
0.2882762136
0.3498215992
0.8126063803
0.6358047917
0.375326604
0.8566412475
0.3257325081
0.4200957151
0.415425594
0.7546878364
0.8670544267
0.2995429961
0.83800536
0.605239507
0.4273055805
0.5899535208
0.3631670755
0.5556843914
0.3326895745
0.4914801866
0.377425193
0.4280721219
0.2877061269
0.2992881961
0.3975376911
0.2880631373
0.4288400861
0.2927326118
0.4914801866
0.4659975815
0.5699371239
0.3317312306
0.3045850621
0.2941735307
0.3397859971
0.9893208003
0.3171035473
0.491051922
0.4614658989
0.4852922711
0.4908378723
0.9008780065
0.965426213
0.5257131639
0.3494053256
0.2876936681
0.9434324249
0.3463900761
0.2876655911
0.2898464585
0.9517694234
0.334144605
0.3103032181
0.810108087
0.7332502767
0.2906354733
0.6514809068
0.8027380786
0.2939368118
0.4039269693
0.2984786424
0.5951983025
0.7978357851
0.3237503223
0.9677098512
0.4583956332
0.5665365105
0.3737260534
0.7315310284
0.9806434736
0.5013890613
0.3381264936
0.3385073231
0.2884401466
0.5899535208
0.8222910504
0.9171308142
0.5368308749
0.3477524533
0.2955256282
0.6328445686
0.3640755496
0.6954703329
0.317799714
0.2878894768
0.2879429824
0.322777644
0.3143011334
0.7126521698
0.2935215098
0.6414921402
0.324845492
0.3027369531
0.3010600351
0.8269692513
0.5135932912
0.3793801148
0.5667630917
0.4084425824
0.3835068821
0.2973466209
0.4592127967
0.8872383323
0.5726603957
0.52792958
0.4367921241
0.4785209856
0.2910739766
0.920697188
0.8618013725
0.9810289844
0.4884869916
0.9248631381
0.2913947026
0.3098684759
0.3782376817
0.3018865421
0.6401278784
0.2876076793
0.4728566041
0.3122636498
0.7237585473
0.9130757737
0.3250663411
0.8058533529
0.2885469038
0.3462545928
0.2876998098
0.747317167
0.3143955667
0.540630032
0.288948209
0.9408122441
0.3255098497
0.8966651681
0.8851858321
0.586990918
0.6711265122
0.3441056179
0.5190870122
0.3937007382
0.3821784399
0.2881436396
0.2876225964
0.5377239705
0.7609535666
0.3057432437
0.6104900918
0.2988487547
0.2878894768
0.3361171323
0.7347521778
0.3070191718
0.3499606277
0.5072549209
0.3985931204
0.9998373521
0.3008571526
0.2961664287
0.3443723029
0.2878894768
0.5997615685
0.317202532
0.777820456
0.6762912788
0.2880892708
0.8922257793
0.330311327
0.8137554211
0.5514031263
0.8727219465
0.3529113222
0.3110071477
0.3836734547
0.4195321844
0.2891515871
0.6910303684
0.2934311067
0.2876508504
0.4280721219
0.413574269
0.3895750114
0.6771880919
0.6961351853
0.6212173157
0.4934100802
0.6260073062
0.7003387664
0.3162197151
0.4472798736
0.2889701084
1
0.7994090784
0.5261561483
0.3455792405
0.4616711521
0.2875941659
0.2875892519
0.3205561526
0.816045831
0.3860174644
0.759912693
0.6036416189
0.6996758761
0.8861350214
0.5502779817
0.3798714892
