0.73939883
0.3585174835
0.6671264386
0.7321552662
0.7362099758
0.289104114
0.370408727
0.7966571237
0.3039138095
0.3027147994
0.5468597714
0.8473134747
0.2914150138
0.4308438476
0.9815392865
0.3555929857
0.3965391135
0.3727816999
0.2867970349
0.3063558801
0.9138702018
0.4644156608
0.3745390818
0.2872126539
0.4842834452
0.3086954617
0.2957872028
0.5673498886
0.5662196045
0.4525819143
0.6574563202
0.5175544492
0.2883925366
0.4737558902
0.3694671806
0.896876004
0.990513787
0.8042479226
0.3500411865
0.3001035854
0.7665484945
0.520853325
0.7851820056
0.5336888704
0.310622015
0.7127278126
0.3082684179
0.3192988241
0.3545817223
0.5718752527
0.534355983
0.3939234921
0.7941041931
0.9201344556
0.9658756757
0.5684806082
0.3817114301
0.3660526279
0.7159897873
0.6050458351
0.4214885004
0.5777673059
0.2976584922
0.5495507366
0.2868269543
0.8077163075
0.9620937514
0.7168580873
0.3098245315
0.4756395991
0.3104436806
0.2995027196
0.3951411246
0.8803516964
0.2936425993
0.7159897873
0.9958305485
0.2885901747
0.3143218033
0.331707335
0.365591644
0.8252697021
0.7843826468
0.296877495
0.6411845231
0.4731291197
0.958140846
0.2867884613
0.6223400159
0.3746995603
0.2908681303
0.31152323
0.2951838417
0.4975362713
0.5066266909
0.6007215031
0.5900301873
0.6567801904
0.8362550098
0.981035976
0.8998485327
0.3696238002
0.8376988764
0.3480977135
0.6066391308
0.3570487464
0.693195982
0.3263415904
0.2867970349
0.6789840961
0.4971055686
0.8895915538
0.3362472037
0.2882978901
0.9239775057
0.825640261
0.2971147777
0.2870095949
0.5991285454
0.3482356563
0.8584046705
0.3046066695
0.2882060266
0.4546049465
0.6785380003
0.398472418
0.6542995328
0.4143841976
0.3860546394
0.5155795166
0.3875758208
0.3002389394
0.6934170122
0.2997015113
0.8964269275
0.5684806082
0.7293712414
0.3517279492
0.325889806
0.3139404707
0.4515731827
0.6095981184
0.287488387
0.7495277897
0.6423172079
0.5775405177
0.5417130479
0.3652849439
0.3594049168
0.372622657
0.8414652625
0.3663605719
0.3605953435
0.5414896192
0.31384553
0.4068741884
0.3583700285
0.5368045628
0.2962960699
0.8694856398
0.5734606257
1
0.6457130753
0.6887684736
0.52637091
0.7568378822
0.2963534543
0.4671002302
0.5918491164
0.4027344071
0.9417014884
0.9339004095
0.5327998505
0.336372633
0.336372633
0.9404115627
0.2913348235
0.2878271068
0.2867734136
0.439618526
0.2919529968
0.3110706362
0.2917426469
0.734931393
0.5243818572
0.4804762051
0.2918262721
0.288138956
0.4366748017
0.4129059694
0.286784437
0.807524209
0.379404812
0.3131853475
0.2867805876
0.3044515574
0.3675973027
0.3150919906
0.46071761
0.6829937967
0.2867560908
0.4479573687
0.7355708997
0.2867700891
0.4007735861
0.4398154306
0.9259327835
0.3522944686
0.7168580873
0.2876768158
0.3060319938
0.2995027196
0.8602769835
0.2873069071
0.2868063083
0.8755347499
0.7807731119
0.3232294379
0.8584046705
0.2870395061
0.2947054222
0.3125328841
0.6439023642
0.6239317114
0.3913320729
0.2890188008
0.3152861016
0.4364792146
0.4737558902
0.5895755267
0.4693805967
0.4629748737
0.6854394619
0.468343076
0.2872255947
0.2867700891
0.5562938756
0.3961889781
0.7939073514
0.8105893897
0.2872654651
0.3420316274
0.3988252956
0.3527207519
0.3366239195
0.9167554501
0.3436220219
0.2870928537
0.2867401676
0.8668332604
0.4167993582
0.4304578499
0.5437252105
0.5035870784
0.3682186305
0.7984179541
