0.6665609909
0.6763931109
0.7966195226
0.9675714033
0.8474287121
0.4095278752
0.3895384242
0.2904262347
0.5028220138
0.2937937267
0.8586308714
0.8831182487
0.8477785326
0.3811315227
0.3349879304
1
0.725046106
0.3647299921
0.6284300068
0.2866242102
0.5382149485
0.3284856822
0.4432945752
0.3113229993
0.6634225198
0.3394258349
0.5579226717
0.5368790268
0.6316046109
0.7891522792
0.7153356074
0.3364899345
0.6402104164
0.8794908426
0.6839544026
0.290540411
0.3922871197
0.3068761514
0.343099981
0.3513348092
0.7608608733
0.3291871838
0.4332849376
0.3044556092
0.5359890333
0.2915946641
0.5547744932
0.352754253
0.3502088089
0.5841419216
0.5231442701
0.28691337
0.3566523763
0.3971636214
0.3788284088
0.4839712543
0.2969633204
0.3029982377
0.3839583388
0.5968551468
0.4180319807
0.6683523088
0.2864549602
0.4163523057
0.4024798657
0.6866148715
0.2864774941
0.7761647079
0.5941292341
0.8521239484
0.5945835054
0.674386116
0.7664080373
0.3359869868
0.3328953741
0.5382149485
0.3151966125
0.8188049136
0.7600355583
0.3668840495
0.3138442762
0.5147962328
0.5766631008
0.2907341422
0.3138442762
0.3184019632
0.3291871838
0.5371016033
0.2993793529
0.4084337102
0.8837442867
0.3440354811
0.2937430226
0.2867763118
0.7336019229
0.3066275489
0.2975757436
0.6912597479
0.4156082249
0.2864622969
0.8555635158
0.6817339971
0.9426952475
0.9538215099
0.3015999391
0.9385114456
0.2865361838
0.8062973941
0.9014122588
0.4602222205
0.8906879177
0.2863283045
0.8959610064
0.6609534338
0.3341212625
0.3886851932
0.370790478
0.4810112915
0.7127317043
0.2977002361
0.4598131975
0.2903136061
0.4263508541
0.7811912329
0.9804037423
0.3201689185
0.9819356227
0.4594044547
0.2886648984
0.4488783699
0.2967230422
0.6413413803
0.3789921661
0.3834571032
0.9159065886
0.2872762399
0.9091374587
0.9953301488
0.2869428737
0.3934983936
0.4690823356
0.6118535695
0.620259151
0.8678348451
0.9593680302
0.3065450038
0.9205993033
0.5128276861
0.4736625316
0.9720260154
0.2896362743
0.6232108284
0.7483890847
0.323284648
0.5335441734
0.9366094808
0.5000121781
0.3019621663
0.4048122599
0.346745314
0.4391472498
0.6912597479
0.2944154043
0.7000662499
0.2995131741
0.4649458434
0.2864408108
0.4472768185
0.6786204785
0.9238777779
0.2864084931
0.5889068071
0.3146132934
0.4659774763
0.2959606907
0.3030734717
0.5137021728
0.453509716
0.3504895099
0.5543251107
0.2867763118
0.8460262107
0.2994461805
0.6972102377
0.5180846286
0.7831909892
0.3272133649
0.5556735304
0.3279051432
0.2867763118
0.7771730841
0.3197491879
0.2937937267
0.5527530001
0.3934983936
0.3001235782
0.290892219
0.9624471606
0.3303680801
0.3291871838
0.2877908458
0.7793861223
0.5982183314
0.7508989503
0.8219756404
0.2880271021
0.3164796786
0.2888399398
0.2864339979
0.3547636111
0.4236849369
0.4950614337
0.8722587107
0.2903509769
0.4553326319
0.5444633916
0.2926237476
0.3723742801
0.7044481321
0.6408890369
0.528666467
0.8110715567
0.7508989503
0.7649738852
0.699407706
0.5428991669
0.3014561999
0.4545217177
0.7680435943
0.2941534056
0.3531826619
0.5565729248
0.5384377095
0.92949767
0.3610942466
0.2882028094
0.3836240686
0.6232108284
0.3570913598
0.3048489032
0.8329941687
0.3656501859
0.3723742801
0.2882286044
0.2863045433
0.995411565
0.3645770617
0.2884685614
0.8045680114
0.5097724171
0.4259689409
0.2867385948
0.3161812585
0.3486745145
0.4425018912
0.2865452664
