0.7486640084
0.7018222327
0.2882895053
0.3032825563
0.9827200098
0.2916335672
0.6485649455
0.7049165521
0.6428760008
0.3972006551
0.3620151302
0.3984301035
1
0.2949451316
0.7822701177
0.5202432194
0.8888373445
0.7154700176
0.3154375696
0.2968645086
0.2936045531
0.5571378455
0.4367957677
0.2884619234
0.3184727196
0.7883240475
0.8483378799
0.2887650135
0.3240076152
0.8988885344
0.2949451316
0.7568877202
0.314209785
0.5761953074
0.6718854881
0.4086325
0.7501459075
0.5337787277
0.4189742978
0.3485164222
0.4923659496
0.2999548776
0.4356229713
0.288297591
0.4189742978
0.3299701364
0.8870984704
0.5127634482
0.5308825496
0.8215070826
0.8669283489
0.4442932659
0.8073056903
0.2886629423
0.4917224776
0.6960573809
0.5386930756
0.7033702737
0.3128264223
0.5005584078
0.8115680924
0.2921418653
0.3698183094
0.2944196405
0.9890721967
0.9251940029
0.722672341
0.3855362449
0.3732843749
0.66421164
0.5016419521
0.7163454102
0.2908723415
0.289239181
0.3963256934
0.4176649542
0.3677982358
0.340269634
0.3659522737
0.3345024125
0.292764322
0.8406060442
0.5173774817
0.5987850664
0.4802279494
0.632615813
0.6216511753
0.511448727
0.5526223961
0.2881086103
0.2940051357
0.3827013806
0.948055156
0.478118411
0.7549970591
0.2882663025
0.9935654934
0.3897649523
0.2892793843
0.3914760606
0.6319310416
0.3820392012
0.388404099
0.66421164
0.5463180919
0.4128429006
0.8180885625
0.519581272
0.4197245792
0.8562710021
0.3113903932
0.3174771854
0.6307895775
0.9377331657
0.6691801387
0.4821317727
0.288121269
0.9624051954
0.7027070418
0.2903129033
0.2940051357
0.4167325692
0.3609698899
0.28814096
0.4041163805
0.609989434
0.3007986452
0.2897199057
0.3037905502
0.4025062848
0.3792457636
0.5814341311
0.8938337801
0.4760151064
0.3136521466
0.3817088085
0.9274592575
0.8939884202
0.8073056903
0.9585677513
0.5650619104
0.8169438674
0.488512641
0.5304375148
0.9674554987
0.8984331493
0.3584578307
0.6118190376
0.3493427135
0.3078985748
0.5517205034
0.3192803693
0.344592403
0.4900089931
0.3398842736
0.9161313244
0.2956950963
0.8913471601
0.3156288298
0.2900698653
0.6621760014
0.7055786967
0.3106877645
0.3451267341
0.3482420848
0.3004056934
0.3670268909
0.2960582349
0.3168873712
0.3102538485
0.5094797117
0.7685520633
0.3493427135
0.288194756
0.6730116825
0.3335306419
0.2882517124
0.5277703617
0.4180385769
0.401259817
0.4342585912
0.2883881099
0.3979025557
0.289341002
0.4233088908
0.7053580185
0.339117393
0.2988943261
0.2883591098
0.4633263897
0.2895130143
0.2972538655
0.2882517124
0.8284596445
0.431542518
0.3769708517
0.8258408304
0.3522732272
0.7838899842
0.2886490624
0.3168873712
0.4317359576
0.5140797774
0.3056708586
0.6435591428
0.2905995074
0.8117610369
0.7044749397
0.288297591
0.5562339799
0.7769784984
0.4774867601
0.8424171408
0.2909664183
0.9580380583
0.4046549408
0.964219423
0.2905995074
0.3196879235
0.6218797536
0.2922552033
0.2884399558
0.9930273362
0.3274438881
0.3396280773
0.2883591098
0.6360383708
0.4327044651
0.6898238852
0.4294204866
0.5055530124
0.289940951
0.5578159909
0.5062063934
0.4821317727
0.3387358771
0.340269634
0.331378421
0.2881075554
0.289199678
0.6214225922
0.6264501708
0.6614970765
0.3087251623
0.427692261
0.511448727
0.3212383101
0.2915290672
0.7695849321
0.5771058816
0.3130088017
0.7925279632
0.288164694
0.5564599108
0.6421927386
0.9790576858
