0.4283306605
0.2888989743
0.426606601
0.7680838092
0.5516686449
0.8356238125
0.7394183519
0.8140639301
0.475191086
0.5402645206
0.2881723517
0.2962058215
0.3669204247
0.3553678983
0.359184623
0.7513827624
0.878836184
0.3689439281
0.515069488
0.316543694
0.2862076957
0.5225346173
0.8170721338
0.7158855403
0.7968064367
0.3001064735
0.2906756901
0.3572653737
0.4887074148
0.7641995121
0.5251800168
0.3608254621
0.6480878636
0.7111152944
0.634531035
0.5751026741
0.3443165885
0.3972192295
0.3245923936
0.3157478815
0.3180624743
0.3464872103
0.9368658344
0.3858546419
0.9310474878
0.290362518
0.4961957258
0.5620085909
0.3300035078
0.3088612058
0.7574041635
0.3117334227
0.2869551577
0.5848404143
0.9540403289
0.4070398849
0.4341280177
0.6691962702
0.4810750835
0.347447787
0.6852181137
0.7292177366
0.3357368912
0.9844835645
0.2869725969
0.3344904277
0.3412577945
0.2865251578
0.6315874861
0.2861780198
0.6651692592
0.3578536021
0.8349038221
0.362935951
0.3972192295
0.646960213
0.3139936356
0.730712141
0.5581820357
0.5174796383
0.2918136092
0.4656306208
0.4028955759
0.3254903418
0.8981072012
0.5335909231
0.3559494059
0.9374584855
0.4831877733
0.4741453917
0.2900233376
0.6611345985
0.302998722
0.5080871737
0.5669687771
0.9964160533
0.9355530563
0.3084271305
0.329059493
0.8095172196
0.4331564734
0.3098302002
0.3409952677
0.3652244485
0.2962058215
0.7322042572
0.8006897234
0.3043856975
0.2863139961
0.2965619466
0.472058684
0.37162105
0.5465170624
0.5599820435
0.3835054681
0.2889617714
0.8827738548
0.6487642497
0.4674903719
0.3001064735
0.4485442424
0.6577668935
0.6392817226
0.2875766255
0.6575422102
0.286091604
0.3066477248
0.7122011746
0.4009324297
0.2877883172
0.2974786397
0.5187963282
0.2861481681
0.7569903678
0.9756130061
0.3291769829
0.707197888
0.2948967259
0.3342428492
0.8349038221
0.4650119008
0.5714851958
1
0.871446833
0.2864003873
0.9785270336
0.8767667044
0.3749759451
0.5859739453
0.5764601305
0.4366638077
0.4451493549
0.5460697396
0.4081296881
0.3357368912
0.2861836059
0.2863412235
0.3459412888
0.4110531111
0.3313167672
0.4912675255
0.3053396086
0.3571186385
0.9620135984
0.2920834059
0.6077647335
0.6343046761
0.3144758655
0.2873369875
0.2890894375
0.6489896772
0.3314370263
0.5091752197
0.8462729753
0.7788059777
0.8312853494
0.568097277
0.3046219856
0.7021740926
0.2881455363
0.2886249387
0.6570927815
0.323483405
0.3023992614
0.2886546958
0.8418704255
0.7804095744
0.6714300129
0.7699163924
0.2861280918
0.4588583779
0.2880400074
0.6741070713
0.449747703
0.8785187736
0.6703134608
0.4055923714
0.2875091858
0.2990898947
0.6102627384
0.2869551577
0.3048597344
0.2862565713
0.3452619444
0.8819907728
0.535590064
0.8767667044
0.3004536042
0.5407103962
0.4173471767
0.903201174
0.2930760119
0.3008756071
0.8039691224
0.878677523
0.3455332739
0.2880661297
0.4323807559
0.3792016599
0.3843419314
0.2866429298
0.3237040044
0.2891217855
0.3615763716
0.4758192436
0.9517548752
0.2863412235
0.409405607
0.3026228322
0.869488855
0.2899865103
0.9373401588
0.7674718927
0.6559688515
0.2860914294
0.2902859418
0.6390556291
0.6865464289
0.2862014115
0.4064963207
0.2861151729
0.93495228
0.7897493082
0.3208831942
0.5821208852
0.2865757583
0.9617307525
0.3369975815
0.6322669323
0.4762383223
0.53203785
0.4149276651
0.4739364391
0.4964106154
0.5896026188
0.2861246002
