0.8330755279
0.9574736392
0.9298202678
0.5792245601
0.3092167029
0.3197938542
0.736357397
0.9949504997
0.3171628055
0.4039295147
0.2890959422
0.3225291129
0.2965892486
0.9594378191
0.7707421303
0.9363794812
0.2930357132
0.9905654962
0.3507840198
0.8350891988
0.8710159642
0.2957669545
0.4161726487
0.2905409531
0.5867340211
0.3703990568
0.2909118324
0.5633460288
0.4464847141
0.3085375109
0.3729259224
0.4438954919
0.5764971101
0.4161726487
0.4486859749
0.4931941391
0.4409247403
0.6099947222
0.3502251807
0.688726621
0.2915262003
0.3034783117
0.9710421643
0.2900690204
0.5087768483
0.3691473576
0.7833469037
0.3560545887
0.2923953371
0.5305840797
0.309819451
0.7062009429
0.5985866773
0.887791811
0.8812921449
0.8390886029
0.5083405883
0.4296139286
0.3189731473
0.619805104
0.6947227512
0.2875296959
0.4695243386
0.5055094415
0.4093564677
0.7957123535
0.3025327129
0.2877950456
0.3637645491
0.6715069251
0.9363794812
0.5601809171
0.5613108478
0.2962007622
0.6545923426
0.7984699897
0.4774698773
0.3103423578
0.4736946752
0.9588216812
0.4273099878
0.5712752835
0.6147864241
0.2900090471
0.778495243
0.3278485616
0.4284603641
0.3907721135
0.2926044973
0.4504939757
0.3211485308
0.4490872141
0.7201879068
0.457787046
0.4713977678
0.7935365717
0.4299991546
0.2945308397
0.6480221769
0.9269638572
0.702679468
0.3039241415
0.7725861532
0.3142579714
0.2932577619
0.901228048
0.2874933853
0.8663386502
0.3531830315
0.3150187814
0.596990139
0.3569263266
0.7164886922
0.364524126
0.3170637082
0.3938749394
0.4664139051
0.3740411855
0.609081965
0.8109075713
0.8968787488
0.3160813214
0.973760926
0.5495874733
0.2970433927
0.362706458
0.529917646
0.2883139106
0.6172959786
0.5658356574
0.5241556233
0.3693033897
0.3067231033
0.2959283592
0.4778905955
0.572636716
0.3907721135
0.9185200471
0.5899231802
0.8130167177
0.793932758
0.7871624046
0.4726496582
0.4579909949
0.3466455742
0.2894213108
0.3089607966
0.6820376216
0.2960368113
0.6829310338
0.564024785
0.3732439657
0.5787698525
0.626189176
0.8705180314
0.8372753319
0.3161788566
0.5259258759
0.2875296959
0.6699336062
0.3662062716
0.2874633883
0.3348564185
0.3909435608
0.4616743353
0.5744528363
0.364524126
0.3014072859
0.3841726839
0.4747412912
0.323391513
0.6777877103
0.6820376216
0.3060828083
1
0.382674189
0.3520492691
0.9265706259
0.5705947865
0.287976512
0.7774800425
0.8916809109
0.3621046302
0.3821767588
0.3214648328
0.3293486525
0.2940926219
0.5083405883
0.3398946131
0.4927650818
0.2874683002
0.3275059566
0.3186679328
0.2880175334
0.365745999
0.4364053838
0.5810438941
0.3404109556
0.6450724546
0.2892926847
0.2879370664
0.2875118039
0.6652066166
0.2893693379
0.2886325972
0.6822610181
0.365439777
0.2917549591
0.4734855435
0.3756446337
0.2933026864
0.4108188858
0.7459324371
0.8332589711
0.2876870224
0.3227437999
0.7081775814
0.2876002073
0.8494505827
0.2921097431
0.2874770713
0.3273920533
0.530806295
0.3141635793
0.3073738087
0.2929480955
0.3152105576
0.7597883108
0.7046614583
0.4037501905
0.9988587688
0.2877950456
0.8891983997
0.6204893199
0.365439777
0.2874872457
0.3566352235
0.6864999701
0.2899497687
0.3989475892
0.5671946041
0.6947227512
0.5087768483
0.2901602829
0.2904434437
0.44329989
0.8603986123
0.4573793656
0.9481084225
0.8767677225
0.3516263126
0.452510118
0.7217075853
0.3734031685
0.2877050858
0.4787327721
