-5.9789e+00,-1.9832e+00
 2.2679e+00, 2.2056e+00
 3.7962e+00,-1.5198e+00
 7.4786e+00, 7.0893e+00
-2.5769e+00,-1.5653e+01
 1.0619e+01, 1.0988e+01
 7.6448e+00, 1.9199e+00
-1.5389e+00, 3.6766e-01
-1.5288e+01,-2.6181e+00
-7.3484e+00, 1.1038e+01
 3.9599e+00,-1.6665e+01
-1.4789e+01, 3.8694e+00
 3.0726e+00, 1.5998e+01
 6.4954e-01,-3.2071e+00
-2.2299e+00, 6.9303e+00
-2.7654e+00, 2.6852e+00
 1.4365e+01, 8.2455e+00
 1.1286e+00,-1.5372e+00
-6.4528e+00, 1.2887e+01
-6.2307e+00,-9.1663e-02
-5.8759e-01,-5.5469e+00
 1.2981e+01,-1.0146e+01
-5.6150e+00,-1.1932e+01
 9.4261e+00, 1.3869e+01
-9.4463e+00,-4.2176e+00
-1.0512e+01, 9.2148e+00
 1.6096e+01, 4.7039e+00
-6.7102e+00,-8.3773e+00
 7.1122e+00, 1.0205e+01
 1.1415e+01,-1.0977e+01
-1.1019e+01,-8.7153e+00
-3.4458e+00, 1.2013e+01
-3.6532e+00,-9.8800e+00
-1.3120e+01,-8.8051e-02
-9.8663e+00, 7.6170e+00
-1.1568e+01, 2.1283e+00
 9.9408e-01, 1.2496e+01
 9.8292e+00,-1.1642e+00
 5.5052e+00,-1.3495e+01
 2.3256e+00,-8.4705e+00
 1.6078e+01,-4.7428e+00
 1.5785e+01, 2.4249e+00
-1.8035e+00,-2.2126e+00
-1.6787e+01,-2.4358e+00
 1.1460e+01, 1.7584e-01
 1.0652e+01, 9.0259e+00
-4.9628e+00,-5.2644e+00
 1.3170e+01, 5.5364e+00
-1.5332e+01,-6.7676e+00
 6.8456e+00, 8.6811e+00
-1.1326e+01, 1.0868e+01
 7.2946e+00,-4.2528e+00
-7.0779e+00, 7.1297e+00
 2.5138e+00, 4.3375e+00
-4.2439e+00, 3.0513e+00
 5.2997e+00,-3.1068e+00
 3.7145e+00,-1.0974e+01
-1.2607e+01,-2.6880e+00
 7.9063e+00,-1.3293e+01
 4.5653e+00, 8.5233e+00
-7.8386e+00,-3.7118e+00
-1.3479e+01, 1.0988e+01
 5.1572e-01,-1.2224e+01
-8.9270e-01, 1.1422e+01
 6.3467e+00,-1.1672e+01
 2.3577e+00, 6.4053e+00
-6.5735e+00, 1.4575e+01
-4.4879e-01, 1.7205e+01
 9.0789e+00,-1.0950e+01
-8.7423e+00,-2.2372e+00
 2.4884e+00,-3.0729e+00
 8.1129e+00,-7.0127e+00
-5.2359e+00,-9.4093e+00
-1.2639e+01,-1.0605e+01
 2.5975e-01,-9.3242e+00
-6.1681e+00, 3.0089e+00
-1.1285e+01,-4.2899e+00
-9.3597e-01,-1.5789e+01
 1.1485e+01, 3.5243e+00
 1.8927e-02, 3.1093e+00
 2.9043e+00,-1.2638e+01
 8.9383e+00, 5.3933e+00
-9.1126e+00, 3.7051e+00
 5.8568e+00, 1.5771e+01
-4.6665e+00, 5.4477e+00
 8.9010e-01, 1.4989e+01
-1.1368e+01, 5.9720e+00
-3.2614e-01, 1.3487e+01
 9.4161e+00,-1.3835e+01
-7.4183e+00,-1.0140e+01
-1.0105e+01,-1.1646e+01
-9.4278e+00,-8.3247e+00
-6.4033e+00, 5.0614e+00
 1.2082e+01,-2.4597e+00
 4.4280e+00, 1.1164e+01
-2.7097e+00,-6.5237e+00
 1.0498e+01, 7.2370e+00
-4.0161e+00, 1.5944e+01
-9.2231e+00, 1.5331e+00
 4.1087e+00, 2.9983e-01
 1.6206e+00, 8.2202e+00
 1.2129e+01, 1.0295e+01
 5.0607e+00, 5.1754e+00
 3.0457e+00,-1.5357e+01
 1.4608e+01,-7.9677e+00
 1.5595e+00,-4.6304e+00
-1.7491e+01,-8.7726e-02
-4.4171e+00,-3.5403e+00
 1.1620e+01,-8.5943e+00
-1.3296e+01, 8.0013e+00
-2.9066e+00, 9.6043e+00
-1.4229e+01, 1.8527e+00
-4.7276e+00,-6.8863e+00
 6.6480e+00, 1.2381e+01
-1.2217e+01, 9.4308e+00
-1.2326e+01,-5.7268e+00
 2.4434e+00, 1.1843e+01
-2.8913e+00,-1.3737e+01
-5.1640e+00, 8.4078e+00
 5.6895e+00, 3.3023e+00
 4.2005e+00, 2.3908e+00
-1.4464e+01, 5.5635e+00
 2.5469e+00, 5.3665e-01
-1.0504e+01,-2.9445e+00
-9.8904e+00,-1.3154e+01
 1.4111e+01,-1.3277e+00
 5.7012e+00,-9.6693e+00
-1.4213e+00,-1.7219e+01
-7.6160e+00,-6.3151e+00
 1.0194e+01, 2.6909e+00
 1.0756e+01,-3.2896e+00
 1.2519e+01,-6.3955e+00
-9.1850e+00, 1.2869e+01
-4.5303e+00,-1.5898e+01
-4.2177e+00,-1.1342e+01
 3.0452e+00, 9.9379e+00
-8.9457e+00, 1.0154e+01
-4.3274e+00,-9.6171e-01
 6.6239e+00,-7.8597e+00
 4.7165e+00,-4.6985e+00
 6.7513e+00,-1.6440e+00
 3.1608e+00,-6.4113e+00
-1.0729e+01,-5.7269e+00
-2.8350e+00,-1.2111e+01
 4.9696e+00, 1.3608e+01
 6.7879e+00,-1.5669e+01
 1.2485e+00,-1.5820e+01
-1.6675e+00, 8.5559e+00
-1.6320e+01, 2.0243e+00
-8.8005e+00,-7.3121e-01
 1.7924e+00,-1.0567e+01
 1.3142e+01,-4.7034e+00
 8.8358e-01, 1.0263e+01
 8.9981e+00,-3.5612e+00
-2.4680e+00,-5.0146e+00
-8.0855e-02, 6.0622e+00
 1.2781e+01, 8.6266e+00
-4.3517e+00, 1.0263e+01
-1.5401e+01, 8.1209e+00
 6.9058e+00, 5.6288e+00
-2.8272e+00, 1.3740e+01
-9.2515e+00, 1.4802e+01
-5.9775e+00,-1.3767e+01
 1.2258e+00,-1.3621e+01
 1.1168e+01,-5.1173e+00
-8.5023e+00, 6.0497e+00
 2.5498e+00, 1.3820e+01
-1.3470e+01,-8.9959e+00
-1.3305e+01, 3.3774e+00
 8.6209e+00,-8.4867e+00
-1.4244e+01,-5.6314e+00
 6.7219e+00,-5.8486e+00
 5.3961e+00, 6.8377e+00
 1.5860e+01,-5.8061e-01
 1.4375e-01, 1.0776e+00
 9.8516e+00,-9.6598e+00
-1.3978e+01,-3.8793e+00
-4.1295e+00, 6.8593e-01
 8.9314e+00,-5.6155e+00
 1.5613e+01, 7.1868e+00
-1.0292e+00,-7.2708e+00
-1.8344e+00, 4.5956e+00
-1.4173e+01,-1.4663e+00
 9.3654e+00, 9.9592e+00
-1.5346e+01,-4.4048e-01
-4.3223e+00, 1.4348e+01
 1.0770e+01,-1.2644e+01
-6.9653e+00, 9.0819e+00
 1.4400e+01, 3.0281e+00
-1.0924e+01, 4.3252e+00
 1.7337e+01, 2.0168e+00
 8.5326e+00, 1.2369e+01
-8.1037e+00,-1.3224e+01
-1.1192e+01, 1.3051e+01
 1.4088e+01, 2.4926e-01
 1.1529e+01, 5.1975e+00
-1.0362e+01,-9.2308e-01
-4.5073e+00,-1.4154e+01
 9.2795e+00, 1.0296e+00
-1.4907e+01,-8.3622e+00
-1.6689e+01, 4.4463e+00
 1.4107e+01, 1.0115e+01
 4.1915e+00,-8.1208e+00
-2.6687e+00, 1.6704e+01
-6.4149e+00,-1.5979e+01
-2.0413e+00,-8.6648e+00
-1.4357e+00,-1.4158e+01
-7.7164e+00,-1.4977e+01
 9.8038e+00,-7.1003e+00
-9.6362e+00,-1.0150e+01
 7.6081e+00, 1.4662e+01
 1.2968e+01, 2.1311e+00
-2.3486e-01, 7.6774e+00
 1.3199e+00,-6.1842e+00
-1.1788e+01,-1.2850e+01
 1.4000e+01,-6.1320e+00
-7.9444e+00, 2.7007e+00
 1.7064e+01,-3.2441e+00
 5.8518e+00, 5.5725e-01
 1.0586e+01, 1.2816e+01
-5.8008e+00, 1.6405e+01
-1.3436e+01,-7.1071e+00
-9.3215e+00,-6.2562e+00
-9.2994e-01, 1.5452e+01
 4.8783e+00,-1.5159e+01
 1.3712e+00, 1.6489e+01
 1.5298e+01,-2.6184e+00
-7.5135e+00, 8.8403e-01
-3.8979e+00, 7.4157e+00
 3.7721e+00, 1.2674e+01
-4.6030e-01,-1.3078e+00
 3.9047e-01,-1.7397e+01
 9.1241e-01, 4.8976e+00
 8.9590e+00, 3.6957e+00
 1.2299e+01, 6.8103e+00
 1.7428e+01,-5.6967e-01
 1.3938e+01,-3.3273e+00
-3.4470e+00,-8.1331e+00
-1.6421e+01,-4.3532e+00
-1.2484e+01, 4.9084e+00
-1.0960e+00,-1.0622e+01
 8.5714e+00,-3.3173e-01
-1.1526e+01, 1.1627e-01
-1.3935e+01, 9.5272e+00
 2.4251e+00,-1.6793e+01
 1.2530e+01,-1.0148e+00
-5.4622e+00, 1.6318e+00
 9.1279e+00, 8.1834e+00
-8.1029e-01,-3.5642e+00
 5.2478e+00,-9.9070e-01
-1.2873e+01, 6.5568e+00
 7.5129e+00,-9.9755e+00
 3.7676e+00, 7.1404e+00
-7.7350e+00,-1.1729e+01
-3.3080e+00,-1.7123e+01
-6.0198e+00, 1.0288e+01
