0.2990922335
0.6037619878
0.943860925
0.2864284246
0.5327354182
0.5465578842
0.3367924011
0.8751419853
0.2974962097
0.3710035492
0.5640896774
0.7778931858
0.5514885016
0.4294827594
0.422800024
0.9596087682
0.3719532509
0.2863608031
0.5496941306
0.4853155196
0.357291138
0.3183467978
0.3988080569
0.3110962691
0.4266054543
0.624892748
0.2863476975
0.2899570537
0.8014054788
0.35568557
0.8147916411
0.422043253
0.8699382804
0.2868717508
0.3213835891
0.6298845587
0.6590294141
0.6825020406
0.4014689482
0.5458864999
0.288912731
0.2937867601
0.2868583045
0.5778814779
0.5085413648
0.3666294244
0.2863739085
0.2869131361
0.4789753879
0.3079308888
0.9772489693
0.2863508429
0.2911370199
0.8963923702
0.7697900179
0.6791667244
0.4378379083
0.6825020406
0.4283294758
0.550366834
0.3695871547
0.8243236842
0.2869855987
0.3328231269
0.3940777908
0.3168266599
0.3209570969
0.3227864329
0.5935362292
0.3543836294
0.4335436822
0.3226776149
0.5998981789
0.2868853716
0.3455705822
0.2863739085
0.5052811033
0.7839063962
0.2978070691
0.2878110233
0.9439743334
0.2894784054
0.4485443012
0.5607079186
0.3405151474
0.5203594062
0.2975580471
0.8129004751
0.7888740966
0.9037203203
0.4439560121
0.3287678737
0.3123828381
0.3263478667
0.5889944937
0.4689446992
0.3071719341
0.3780676492
0.6033073959
0.2867936892
0.6845000267
0.2978070691
0.718472912
0.4471435377
0.6176256032
0.7574598938
0.3640207811
0.7582882249
0.4523650849
0.5688310641
0.5223406262
0.6727004392
0.383013908
0.7227881367
0.3036498933
0.2887366249
0.7936051477
0.575616772
0.8653125854
0.6495698244
0.4994392798
0.2937362182
0.4584520815
0.4625456786
0.7100099315
0.7691784338
0.2995577708
0.2866359703
0.2926206906
0.3164271584
0.6515996897
0.4681154268
0.286470008
0.3335561772
0.3163276702
0.9452150116
0.9582286189
0.3234425062
0.289511473
0.2896117117
0.3349135514
0.2863476975
0.3925182718
0.7028017826
0.3092246761
0.7851022751
0.2868717508
0.2872825378
0.2912188161
0.7628281057
0.9683323137
0.8119522129
0.287657173
0.4214766288
0.8692815839
0.6787215232
0.2870467065
0.9931078452
0.5600320974
0.4127085316
0.8224697138
0.4656339433
0.5434268512
0.6798343113
0.9054441374
0.4598816624
0.4409859956
0.2863471733
0.8653125854
0.5212395619
0.2863476975
0.3189645483
0.8767498346
0.6981935945
0.4949204757
1
0.4285214719
0.4887179765
0.714140711
0.3930371438
0.3543836294
0.2894784054
0.3625031319
0.8832497426
0.8841884021
0.6500210299
0.37434639
0.6747096716
0.2866775427
0.6518251403
0.3635641695
0.3523794916
0.730510912
0.2890950661
0.347208175
0.2989607186
0.9128939311
0.3276073618
0.3221357897
0.9128939311
0.439016003
0.3861995665
0.5031133934
0.2867812894
0.856033102
0.4897841502
0.9968743106
0.5414169309
0.6169440164
0.3005827145
0.4140012162
0.8799391363
0.3593571709
0.8209812088
0.3247708825
0.2888829473
0.8083326624
0.3991614949
0.7392327823
0.4425677786
0.5074534695
0.286699376
0.3615985814
0.3159312682
0.975003546
0.6809463781
0.4872276443
0.2939394042
0.3101962893
0.9706617952
0.6796118111
0.8174271859
0.2863875379
0.4411834384
0.5476773887
0.5844557437
0.7182567003
0.3029682718
0.3820163949
0.3899385369
0.3806927734
0.7369007068
0.582414491
0.3675586618
0.5300740309
0.2905454353
0.6497954359
0.3150484523
0.5418633794
0.3523794916
0.2885946312
0.4483439627
0.3041891881
0.3009326341
0.8369104563
0.3209570969
