0.8027939335
0.3076156694
0.7560663385
0.5368528785
0.7290837997
0.3573672555
0.3516005133
0.8459850055
0.344556293
0.3111256573
0.3405783208
0.3303519898
0.823790694
0.4208276653
0.9313240401
0.9446912029
0.4098734182
0.4142895472
0.9271767338
0.4303611704
0.5444368739
0.3589895427
0.7680061872
0.6718974456
0.4597908026
0.5491372713
0.9019499992
0.3739518568
0.5913752668
0.5961445713
0.7657564492
0.9181561084
0.3690442817
0.9283186072
0.4867061563
0.4591778236
0.8648087201
0.6532736825
0.2886508392
0.4514692454
0.2862984609
0.5687186789
0.4024602632
0.5986435969
0.4690594892
0.3041290888
0.4803551084
0.2865313104
0.336978742
0.6290797975
0.2944539702
0.3796298629
0.7380276395
0.6534989396
0.7916789661
0.505832371
0.2981903643
0.2892264713
0.857739751
0.7039763234
0.5847939
0.5870625811
0.5086585624
0.7456252565
0.4163320275
0.3578081543
0.3674860424
0.2862932197
0.7483526349
0.2883999773
0.2865222283
0.6991540659
0.3112166678
0.4922512159
0.773092831
0.286828691
0.722214677
0.4012115488
0.3044407809
0.6478620352
0.4606090881
0.6152319215
0.4106055683
0.3472768973
0.5056152923
0.2863945437
0.505832371
0.418573165
0.5240007587
0.6286262081
0.5850207281
0.3282370373
0.2989016522
0.4769894826
0.3381237164
0.3055521784
0.9072587495
0.8851045186
0.2870538776
0.3619787576
0.2887375768
0.4879825
0.4826777953
0.9019499992
0.3022401849
0.2877768291
1
0.2901883916
0.4367721075
0.3021667572
0.3528797366
0.5255456339
0.2878692433
0.536630344
0.336978742
0.2878458793
0.8687810383
0.4875568299
0.2989016522
0.3126007814
0.7883223718
0.2866209032
0.9532550066
0.4249950107
0.3816093923
0.4172641991
0.5088762785
0.3396681057
0.6313471671
0.7595855681
0.9745734027
0.9276852294
0.8681224078
0.297069996
0.4280529789
0.3717212099
0.3507536601
0.2911203036
0.7857429879
0.7344176273
0.5646549582
0.6206830925
0.6863599059
0.3576610592
0.3486575325
0.2960039071
0.3793015538
0.832045849
0.5791264582
0.2872807442
0.501499723
0.2866209032
0.7556512662
0.3994364158
0.3285862274
0.6903424852
0.2965301521
0.286290599
0.2996330649
0.2872439265
0.8125503961
0.3174690045
0.4452601135
0.9672583473
0.3530225327
0.3455023071
0.3745934771
0.8311361856
0.6868029235
0.293728716
0.2865894683
0.9784765489
0.7663707098
0.8811886413
0.2884271579
0.3070277377
0.6293065782
0.3734718899
0.4896873825
0.5104015371
0.4084138177
0.3414953696
0.305956806
0.3068612052
0.400677925
0.2867246294
0.9585345043
0.6982754051
0.5275345276
0.2908382764
0.4024602632
0.3215342071
0.2940354708
0.2869439108
0.2867623446
0.3551802278
0.2994985865
0.2921509861
0.6215913217
0.3801231925
0.649215903
0.3214270741
0.2939325406
0.8417469981
0.8396108658
0.8646421408
0.2865133207
0.3436169905
0.6453783846
0.2865313104
0.8331349179
0.4212047016
0.3130700299
0.4047925437
0.3289367409
0.9736940972
0.9181561084
0.9543956384
0.2896562641
0.3591377933
0.4986938289
0.6322538318
0.5929647672
0.9694446666
0.5859281312
0.9933296363
0.4091428324
0.2868993961
0.2971918052
0.5178398946
0.8886575211
0.2866652591
0.3208936847
0.2889764909
0.3046762582
0.6131871104
0.3181815007
0.3138289906
0.6663045139
0.4042528063
0.9942692254
0.3048340557
0.4496590708
0.6821450923
0.2955475731
0.6002340992
0.5222374262
0.7361181975
0.7612361166
0.4440668943
0.6413101442
0.2992981135
0.6763601676
0.2873372761
0.5217969723
0.4332638347
