0.8355924499
0.5566433688
0.4495676855
0.9285352309
0.3157040063
0.9946806471
0.398486767
0.3562479954
0.7301524338
0.3329361171
0.8935915847
0.2887001715
0.3644252589
0.2907297311
0.3932486588
0.9536049931
0.7754385007
0.4973614819
0.3596202202
0.2874064668
0.5397997464
0.31323618
0.2873933138
0.3588812862
0.5445004061
0.529107988
0.3187847694
0.777472279
0.2877967478
0.5418127083
0.2881680885
0.6742426245
0.2918711536
0.2877615148
0.2905945557
0.8820133821
0.5754322872
0.6271585082
0.9167572644
0.691873014
0.3769956634
0.4937041888
0.2901743849
0.7114909212
0.3030291077
0.5077667581
0.3097354211
0.5564178408
0.2891144838
0.3075370681
0.861361161
0.7453068165
0.4388353652
0.4744031372
0.4114408423
0.3034698749
0.3915242319
0.5315512994
0.3257247461
0.4214923945
0.5650031535
0.5854366453
0.8114553758
0.2893690538
0.2992667877
0.5308845188
0.5715739645
0.8068321565
0.4813459981
0.2874424172
0.5427081389
0.3171760102
0.3251681187
0.7064488033
0.9525204269
0.6550934405
0.6061792531
0.4063405377
0.8066386534
0.380422966
0.8635712529
0.4045380867
0.3729836947
0.6805120209
0.815847921
0.3055265469
0.3536571628
0.6412646501
0.8286105891
0.7790949436
0.3918682426
0.8652616504
0.9240748195
0.4125438539
0.8963327585
1
0.2874517115
0.6212330014
0.3469597753
0.29802389
0.3018125569
0.3029562237
0.352661195
0.2905611949
0.8492201929
0.2979635095
0.7711481241
0.6020733128
0.9542507013
0.3107867202
0.5738430335
0.5220254065
0.3265103329
0.6593874675
0.7258409772
0.2917534413
0.3385218227
0.3721903142
0.9907182904
0.6034418874
0.3267361351
0.2934502695
0.2875832219
0.5447245692
0.2902687465
0.3265103329
0.3104337237
0.6011609841
0.9117218135
0.3835680938
0.3960303147
0.4511771198
0.3594721751
0.2915989061
0.3348887223
0.3192956418
0.9483038591
0.6971908339
0.4798676883
0.7849441215
0.8650929905
0.756245472
0.2874566216
0.2903005472
0.6869819133
0.3323335597
0.546518891
0.3228715023
0.6726720209
0.7861477511
0.6314855032
0.9938374715
0.3195010719
0.7556182795
0.5555159598
0.4700207089
0.4556279487
0.3753819109
0.3306658515
0.3563931803
0.3160931019
0.3704555684
0.8474532037
0.2915226738
0.4894213283
0.5929530586
0.8699496332
0.6925387853
0.7068880508
0.5064600045
0.4192348394
0.5733890955
0.2978432535
0.9705998543
0.3042176576
0.3872613984
0.7018277474
0.4203619421
0.7843414582
0.2888095908
0.3849047595
0.9425277805
0.4771301677
0.2902687465
0.4431796573
0.4063405377
0.3000447019
0.4870751953
0.6620957308
0.7273520275
0.2966777962
0.4168043843
0.5654558257
0.9877177439
0.4273855469
0.4519836625
0.4811346305
0.8934384267
0.2873854219
0.3555240384
0.4945633571
0.9503199309
0.2915989061
0.3477799052
0.344662882
0.288900266
0.2963413415
0.3552353754
0.7143316713
0.2895301513
0.2930889138
0.4388353652
0.8470988436
0.3215892205
0.5697598659
0.3074546973
0.406159836
0.3872613984
0.2873871757
0.8810531189
0.3285640463
0.5060247952
0.3671849968
0.406159836
0.2907639579
0.3942885404
0.3241756836
0.9353827638
0.3316153107
0.6118823863
0.819825435
0.6869819133
0.2885341751
0.8488674377
0.3577057265
0.6330788359
0.3003759327
0.5088569966
0.288678811
0.6057230106
0.287385948
0.422247879
0.4716868385
0.3135154878
0.7075466389
0.8116471351
0.4353106602
0.2875222038
0.745095087
0.2925251364
0.2876089953
0.4767099357
0.7136767121
0.2994590083
0.287821112
0.8011927323
