-1.7871e+00,-5.8898e+00
-1.0112e+01, 3.8790e+00
-1.0740e+01,-6.4329e+00
-2.6054e+00,-3.1746e+00
-1.5575e+01,-7.1645e-01
-1.2952e+00, 1.0380e+00
 4.8972e+00,-1.2446e+01
 1.3992e+01, 3.1114e+00
 3.6293e+00,-7.0964e+00
 1.0552e+01, 1.0651e+01
 3.6316e+00,-3.2974e+00
-1.4809e+01,-8.6328e+00
-2.7709e+00, 1.3976e+01
 1.1659e+01,-1.2080e+01
 9.7808e+00,-9.2709e+00
 3.3111e+00,-2.4949e-01
 6.8598e+00, 2.3721e+00
 2.5982e+00,-1.1334e+01
-4.7530e+00,-1.3434e+01
-2.2834e+00,-1.7296e+01
 3.8540e+00,-1.0247e+01
 1.4184e+01, 6.5189e+00
 1.0257e+01,-1.4104e+01
 5.5131e+00, 1.3240e+01
-1.0987e+01,-5.0819e-01
-1.1585e+00,-1.1074e+01
 8.1292e+00,-1.3024e+01
-4.5359e+00,-5.6417e+00
-5.2655e+00,-1.6452e+01
 9.9149e+00, 4.6890e+00
 1.3797e+00,-1.7101e+01
-2.9701e+00,-8.3900e+00
 5.0803e+00,-1.5894e+01
-1.7366e+01,-5.5370e-01
-1.5849e+01, 6.0213e+00
 5.1520e+00,-6.0070e-01
-8.8772e+00, 5.6896e+00
-1.5395e+00,-9.4963e+00
-4.4085e+00, 8.5292e-01
 2.4411e+00, 8.3557e+00
 1.3796e+01,-1.0895e+00
 5.1131e+00, 1.0626e+01
-9.6389e+00, 1.4015e+01
 8.2466e+00, 9.7333e-01
 1.3729e+01,-8.1950e+00
-7.5495e+00,-8.7039e+00
 1.4364e+01,-6.3267e+00
-8.3115e+00,-6.8396e+00
-1.3131e+01,-1.0895e+01
 1.0255e+00, 1.5885e+01
 2.4868e+00, 5.1462e+00
-2.6006e+00, 7.4330e+00
 1.1866e+01,-4.3036e+00
 9.7622e+00,-6.9786e+00
-7.2838e+00, 1.1103e+01
 1.5985e+01, 4.4629e-01
 1.0814e+01,-8.1012e+00
 6.6998e+00, 8.9331e+00
-1.1676e+01, 9.8650e+00
-8.6345e-01, 1.3044e+01
 1.0327e+01,-2.2230e+00
-4.0239e+00,-9.4592e+00
 1.9842e+00,-6.2691e+00
-1.4504e+01, 9.0627e+00
 3.4747e+00,-1.5808e+01
-6.7841e+00, 8.9647e+00
 4.9995e+00,-9.1730e+00
 3.8335e+00,-5.4410e+00
 8.5865e+00, 8.3360e+00
 8.9513e+00, 1.5024e+01
 1.0619e+01, 2.6193e+00
-7.7939e+00, 1.3477e+01
 1.1024e+01,-1.0381e+01
-6.0950e+00, 5.9404e+00
 2.2929e+00, 2.5400e+00
 8.4175e+00, 3.7510e+00
 7.2424e+00,-6.7693e+00
-1.2761e+01, 3.9750e+00
-6.4724e+00,-1.9890e+00
-1.3875e+01,-1.8605e-01
 3.7404e+00, 4.2333e+00
 7.6121e+00, 1.0969e+01
 2.4227e+00, 1.3825e+01
-8.8942e+00,-1.2824e-02
-5.5271e+00,-3.5730e+00
-9.1824e+00,-1.3017e+01
-1.4327e+01,-2.0976e+00
-9.1130e+00,-2.6382e+00
 5.1372e+00,-3.5642e+00
 5.3939e+00, 4.8108e+00
-9.4966e+00,-9.7046e+00
-3.9757e+00,-3.9429e+00
-1.2534e+00, 4.1248e+00
 3.8616e+00, 1.2643e+01
 3.4332e-01,-4.8450e+00
 1.0787e+00, 3.3284e-01
 1.4388e+01, 9.8721e+00
 7.9262e+00, 5.6859e+00
-1.4502e+01, 2.1885e+00
-1.5870e+01, 4.1095e+00
-7.8018e+00,-1.4080e+01
 1.2757e+01,-9.6391e+00
-1.3504e+01, 5.3636e+00
-1.3119e+01, 1.0755e+01
-4.3292e+00, 4.1697e+00
-1.6039e+01,-3.2761e+00
-6.1222e+00, 4.2282e+00
-7.5860e+00, 6.7235e+00
 5.3123e-01, 3.3677e+00
 1.5368e+01,-3.0314e+00
 1.0437e+01, 3.0043e-01
 6.9591e+00,-8.8062e+00
-1.2747e+01,-8.2642e+00
 4.1704e-01, 9.2213e+00
 1.9425e+00,-7.8082e+00
-1.6657e+01, 2.4205e+00
-1.0708e-01,-1.4766e+01
-1.3542e+01,-3.7005e+00
 1.0911e+00,-1.3652e+00
 9.3167e+00,-3.5370e+00
 5.0700e+00,-1.4220e+01
-4.6554e+00, 1.6040e+01
-1.1006e+00, 1.7417e+01
 2.7641e+00, 1.0638e+01
-1.5885e+01,-5.9004e+00
 4.1387e+00, 1.4649e+01
 9.9861e+00, 1.2185e+01
 8.6607e+00,-4.9890e+00
-2.7632e+00, 3.7225e+00
-1.0104e+01, 9.4570e+00
 1.0153e+01, 8.8978e+00
-1.0851e+01, 6.3111e+00
-1.5627e+00,-1.4154e+01
 1.5738e+01, 5.7508e+00
-1.2788e+01, 7.8508e+00
-1.2090e+00, 1.5433e+01
-3.1611e+00, 1.7662e+00
-6.3644e+00,-5.7512e+00
-1.0964e+01,-4.9043e+00
 3.7696e+00, 6.0707e+00
 5.2937e+00, 1.7497e+00
 7.2156e+00,-2.2147e+00
 1.7259e+01,-2.1692e+00
 1.6214e+01,-4.5686e+00
-7.4680e+00,-4.5639e+00
 8.3264e+00, 1.2507e+01
-2.6024e+00, 1.0676e+01
-1.0142e+01,-1.1436e+01
-4.2228e+00, 7.9946e+00
-6.9762e+00, 1.6558e+00
 4.0780e+00, 8.7289e+00
-7.2062e-01,-1.4321e+00
 1.4700e+01, 4.4998e+00
-2.3070e-01, 7.6866e+00
-9.4734e+00,-5.1736e+00
-1.2124e+01, 1.4693e+00
 1.2345e+01,-1.0787e-01
 2.9584e+00,-1.3543e+01
-9.2704e+00, 1.1963e+01
 1.1602e+01, 8.4654e+00
-1.0662e+01, 1.1400e+01
-1.2993e+01,-5.3918e+00
-5.4080e+00, 2.6896e+00
 1.6381e+01, 3.4945e+00
-8.2669e+00, 8.5747e+00
-5.4982e+00,-8.5609e+00
-1.4246e-02, 5.5658e+00
-8.1693e+00, 3.0601e+00
 7.1155e+00,-4.3653e+00
-1.1112e+01,-3.2857e+00
 5.4275e-01,-1.2978e+01
 1.0365e+00,-1.0382e+01
 1.2670e+01, 1.0311e+01
-2.2950e+00,-1.5755e+00
 1.5887e+01,-1.4131e+00
-6.2342e+00, 1.2263e+01
-4.3924e+00,-7.2531e+00
 7.0381e+00,-1.0871e+01
-3.6898e+00, 6.1993e+00
 7.0920e+00,-1.5484e+01
-4.7243e+00, 1.2971e+01
-3.7256e+00,-5.3980e-01
 3.9431e-01, 1.2085e+01
-2.8707e+00, 1.6742e+01
-1.2532e+01,-1.7874e+00
-1.0309e+01,-8.4043e+00
 1.4049e+01, 8.0605e+00
-6.4417e+00,-9.9430e+00
-1.8050e+00, 9.0186e+00
 5.2974e+00,-6.0131e+00
-3.8577e+00,-1.5901e+01
-2.4497e+00,-1.2814e+01
-1.0427e+01, 2.3424e+00
 8.6433e-01, 1.8335e+00
 1.2118e+01, 4.3407e+00
 1.2135e+01, 2.6552e+00
-3.8178e+00,-1.1298e+01
 4.5043e+00,-1.9666e+00
 2.8957e+00,-1.7242e+01
 6.4861e+00,-1.2757e+01
-5.5929e+00, 1.0416e+01
-6.6451e-01,-3.3672e+00
-1.1448e+01,-1.2261e+01
 9.1934e+00,-1.1216e+01
-7.6621e+00,-1.2473e+01
 1.1677e+01, 1.2494e+01
 7.1479e+00, 1.4828e+01
 2.1535e-01, 1.4454e+01
 6.1984e-02,-8.2419e+00
 8.6913e+00,-1.4523e+01
-9.5059e-01,-1.6572e+01
-2.8668e+00, 1.2439e+01
-1.8156e+00, 5.7673e+00
-6.1737e+00, 1.4123e+01
-1.0635e+00, 1.0566e+01
-5.4465e+00,-1.4858e+01
 1.1705e+01,-6.1542e+00
 1.2147e+01, 6.2524e+00
 1.5883e+01,-7.2665e+00
-4.9647e+00,-1.8474e+00
-1.1771e+01,-9.4878e+00
 1.0422e+01,-4.8279e+00
 1.2990e+01,-5.3347e+00
 1.2872e+01,-3.0823e+00
-7.8000e+00, 1.5041e+01
-1.1082e+01, 7.9113e+00
 1.9899e+00,-1.5055e+01
 1.4284e+00,-3.5789e+00
 1.4883e+01, 1.6870e+00
-6.6393e+00,-7.3399e+00
 1.5768e+00, 6.3495e+00
 8.6568e+00,-6.5877e-01
 5.0322e+00, 1.6443e+01
-5.9829e+00,-2.6042e-01
-6.2190e+00,-1.2883e+01
 5.5451e+00,-7.7125e+00
 2.5686e+00, 1.6043e+01
 9.5756e+00, 6.3738e+00
-6.9626e+00,-1.5611e+01
 6.9684e+00, 7.1803e+00
 1.4735e+01,-9.3814e+00
 1.2878e+01, 1.3472e+00
 2.0998e+00, 1.1994e+01
-1.4104e+01, 6.8865e+00
 5.2357e+00, 6.6016e+00
 3.0781e-01,-6.5781e+00
-5.5005e+00,-1.1476e+01
-1.0380e+01,-1.3966e+01
 6.7224e+00, 3.9302e+00
 1.6549e+01, 1.8817e+00
 1.3271e+01,-1.1095e+01
 8.5439e+00,-8.3686e+00
-8.2362e+00,-1.4102e+00
-1.6285e+01, 8.0288e-01
-1.2436e+01, 1.2150e+01
 6.7743e+00, 4.3406e-01
