 1.0966e+01,-8.7767e-01
 8.9603e+00,-8.7180e+00
-1.3950e+01, 5.4015e+00
-7.7565e+00, 1.2195e+01
 2.4282e+00,-4.4718e-02
 1.1196e+01, 3.4671e+00
-2.7695e+00, 3.2783e+00
 8.1949e+00, 7.1205e+00
 9.1177e+00, 1.0908e+01
-2.2871e+00,-8.9538e+00
 3.2645e+00,-1.4105e+01
 2.3546e+00,-1.1236e+01
 1.4217e+01, 7.2810e+00
 1.1986e+01,-7.8295e+00
 1.0030e+01,-1.2411e+01
 3.9440e+00,-3.3074e+00
-6.9778e+00, 9.3314e+00
 1.1532e+01,-1.2461e+01
 3.0053e+00, 4.6216e+00
 1.0738e+01, 5.5531e+00
-1.1621e+01,-5.9049e+00
 3.8887e+00, 1.1759e+01
-5.3646e+00,-2.9665e+00
-2.8463e+00, 6.7769e+00
 9.3609e+00, 3.3597e+00
 9.4687e+00,-3.8184e+00
-1.1736e+01, 8.6301e+00
 5.7979e+00, 5.6353e+00
 3.1991e+00, 7.5453e+00
 8.7505e+00,-1.6094e-01
-9.9400e+00,-6.2447e+00
 1.1161e+01, 1.1071e+01
-2.1032e+00, 1.4578e+00
 1.2059e+00, 2.7882e+00
-3.6107e+00, 4.9805e+00
-1.2866e+01,-7.5148e+00
-1.6678e+01, 1.9029e+00
-7.5558e+00,-1.0588e+01
 4.1826e+00, 1.6514e+01
 3.7444e+00, 1.4833e+00
 1.2399e+00, 1.3984e+01
 2.3833e+00, 1.6468e+01
 3.5398e+00,-6.6898e+00
-1.6197e+01, 3.6243e+00
 1.2963e+01,-4.1891e+00
 1.4194e+01, 8.9391e-01
 8.9926e+00, 9.4021e+00
-1.4648e+00,-1.3390e+01
 6.5137e+00,-3.4323e+00
-7.3530e+00, 2.6670e+00
-1.0719e+01,-9.8914e-01
 6.0007e-01, 5.3691e+00
 9.0804e+00, 1.4372e+01
-1.0235e+01, 1.6271e+00
 1.1031e+01,-4.9819e+00
-1.1156e+01,-4.3106e+00
 1.6511e+00,-4.1234e+00
-2.6118e+00,-7.2214e+00
 9.8809e+00,-7.3499e+00
-1.1366e+01, 2.6462e+00
-9.8703e+00, 1.0610e+01
 9.5511e-01,-1.2513e+01
-7.5747e+00,-1.2933e+01
-9.3341e+00,-8.1526e+00
 5.0616e+00,-1.5041e+01
 5.8560e+00, 1.9158e+00
-8.4032e-01, 1.6669e+01
-1.3246e+01, 9.0789e+00
-3.1856e+00, 1.0432e+01
 1.0861e+01, 1.3275e+01
 6.5189e+00, 1.2785e+01
-4.9364e+00,-1.6084e+01
-1.5277e+00, 1.4167e+01
 2.3339e+00,-9.6217e+00
-1.2291e+01,-1.2381e+01
-1.1341e+01, 5.5512e+00
-4.9964e+00,-8.7016e+00
 7.1951e+00, 3.6740e+00
 8.7981e+00,-5.5405e+00
 6.2091e+00,-1.3104e+01
 1.4203e+01, 9.9315e+00
 1.2139e-01, 1.0179e+01
 1.3304e+00,-5.6024e+00
-1.7322e+01, 4.6432e-01
-1.1856e+00,-1.0937e+01
-3.6720e+00,-1.0538e+01
 1.6679e+01, 4.8016e+00
 4.3940e+00,-2.7325e-01
-7.4960e+00, 1.4576e+01
 8.8248e+00,-1.0976e+01
 6.9894e+00, 1.0789e+01
-3.2676e+00,-2.7928e+00
-4.4157e+00,-1.4636e+01
-1.0403e+01,-1.2532e+01
-2.4686e+00,-1.4775e+01
-2.3553e-01,-3.4825e+00
 1.5862e+01,-2.9068e+00
 5.2172e+00, 9.6809e+00
 1.3444e+01,-6.9069e+00
 1.4702e+01,-9.7648e-01
-2.4449e+00,-7.8846e-01
 1.3356e+01,-1.0133e+01
 6.3464e+00,-1.5945e+01
 1.2105e+01, 1.3823e-01
 1.3176e+01, 5.1423e+00
 1.0303e+00,-8.5538e+00
 1.1311e+01,-9.5580e+00
 1.1668e+01,-2.2100e+00
-1.4372e+01,-9.2794e+00
 8.8756e+00, 1.5023e+00
 9.5731e-01,-1.0493e+01
 1.0417e+01, 7.7423e-01
-1.0038e+01,-1.0923e+01
-7.7714e+00, 5.3057e+00
 1.5832e+00, 8.8489e+00
 4.4122e+00,-8.7173e+00
-2.3188e+00,-1.7084e+01
-1.3865e+01, 1.0083e+00
-1.1037e+01, 7.1540e+00
-3.4398e-01,-6.2758e+00
-1.0205e+01, 1.2651e+01
-5.2141e+00, 6.3805e+00
-1.2920e+01,-2.1710e+00
-1.5303e+00, 5.0395e+00
-9.8721e+00, 1.4249e+01
-1.6485e+01,-3.4870e+00
-4.5638e+00, 1.6806e+01
 3.8488e+00, 6.0396e+00
 8.1646e+00,-1.2745e+01
-1.4964e+01, 8.5439e+00
-6.8935e+00,-9.0488e+00
 1.4486e+01, 2.4241e+00
-7.1824e+00, 8.0793e-01
 4.6531e+00, 1.4462e+01
-4.5086e+00,-1.1292e+00
-1.2268e+01,-6.9154e-02
-1.7495e+00,-3.6308e+00
 4.3812e+00,-4.8842e+00
-4.4419e+00, 8.1531e-01
-1.4488e+01,-4.3868e+00
-1.6516e+01,-5.5752e+00
-9.4894e+00, 6.0100e+00
 7.5067e+00,-9.8513e+00
 1.6004e+01, 1.9823e+00
-9.1121e-02, 8.5236e+00
 1.7999e+00, 1.1029e+01
-4.7309e+00, 8.0741e+00
 6.7013e+00,-7.1206e-01
-8.6610e+00,-2.4453e-01
-9.6926e+00,-1.3873e+01
 3.9373e+00,-1.1309e+01
-8.7604e+00, 9.2549e+00
 1.5109e+01, 5.2260e+00
 6.1658e+00,-6.1707e+00
 4.5867e+00,-1.6716e+01
-1.4637e+01, 3.8899e+00
 1.6187e+01,-5.6138e+00
-4.7963e+00,-5.5812e+00
 1.1331e+01, 7.4007e+00
-6.7301e+00, 7.7660e+00
 7.3533e+00, 1.2632e+00
-1.6355e+01, 5.1426e+00
-3.0501e+00, 1.2737e+01
-5.8676e+00, 1.3731e+01
-1.2866e+01,-1.0461e+01
 6.9985e+00,-1.1358e+01
-1.1551e+00, 1.1273e+01
-6.4934e+00,-4.7225e+00
-1.1636e+01, 1.0423e+01
-4.1849e-01, 1.4119e+00
 1.9474e-02, 1.2308e+01
-8.6929e+00,-1.1725e+01
 1.9537e+00, 6.2828e+00
 8.0620e+00, 1.2444e+01
-5.5054e+00, 1.1493e+01
-9.1131e+00,-3.9960e+00
 1.6838e+00,-1.5984e+01
-1.2823e+01, 6.8217e+00
-2.4381e+00, 8.3171e+00
-3.7038e+00, 1.4669e+01
-1.2781e+01, 1.1889e+01
 4.7807e-01,-1.4998e+01
-5.1830e+00, 4.1257e+00
 1.1692e+00, 1.5538e+01
 1.3963e+01,-2.7408e+00
 1.5183e+01,-8.6800e+00
-7.5700e+00,-3.2874e+00
 1.7054e+00,-1.7851e+00
 6.7186e+00, 8.8190e+00
 2.9775e-01,-7.9126e-01
 4.6901e+00, 7.3103e+00
 1.6279e+01,-1.6176e-01
-9.3670e+00,-2.0025e+00
-4.9445e+00,-1.2747e+01
-5.2594e+00, 1.5210e+01
 9.7110e+00, 7.8908e+00
-4.7308e+00, 9.8223e+00
 6.0303e+00,-9.0231e+00
-1.5015e+01,-5.9630e+00
-1.5173e+01,-7.6627e+00
-1.4073e+01,-7.8018e-01
-8.8399e+00, 3.3344e+00
 9.8950e+00,-1.4212e+01
-7.0751e+00,-1.5727e+01
 5.3560e+00,-2.3482e+00
 3.3693e+00,-1.4232e+00
 1.2425e+01, 1.0166e+01
 3.2034e+00, 1.0332e+01
 1.1884e+01,-1.0990e+01
-8.0358e+00, 6.9699e+00
 1.5735e+00,-1.3885e+01
-1.1344e+01,-8.3750e+00
-3.3827e+00,-1.2306e+01
 9.3190e-01, 1.7385e+01
 5.3755e+00, 1.1491e+01
-1.5702e+01, 7.3543e-01
 7.7026e+00,-6.9932e+00
 7.5513e+00, 5.4354e+00
-7.1284e+00,-1.4789e+00
-1.6566e+01,-1.0867e+00
 1.7355e+01, 1.2459e+00
 9.2319e+00, 5.7632e+00
-1.3182e+01, 3.0887e+00
 1.5391e+01,-6.9217e+00
 3.9590e+00, 3.4146e+00
-3.0678e+00,-5.4417e+00
-9.5633e-01,-8.0884e+00
 1.4398e+01,-5.6779e+00
 6.4190e+00, 1.4885e+01
-1.5658e+01, 7.0955e+00
-7.2328e+00,-7.0753e+00
 7.4008e+00,-4.9526e+00
 2.9412e+00, 1.3324e+01
 9.6459e+00,-1.7022e+00
-5.7766e+00, 2.1318e+00
-5.0170e-01, 2.9820e+00
-1.0412e+01, 4.2086e+00
 1.2289e+01, 1.7202e+00
 8.3664e+00,-1.5240e+01
 5.6748e-01,-1.7302e+01
-2.6792e+00, 1.6508e+01
 1.2666e+01, 8.2525e+00
 1.5631e+01, 6.7618e+00
-1.2862e+01,-4.9340e+00
-5.9213e+00,-1.4676e+01
-1.1163e+00,-2.2549e+00
 1.1271e+01, 8.9037e+00
-1.5481e+01,-2.2426e+00
 4.2683e+00,-1.2974e+01
 3.2112e-01, 7.0717e+00
-5.9863e-01,-1.6166e+01
 5.6729e+00, 4.0978e+00
 2.9623e+00,-1.7014e+01
-5.9440e+00,-1.0717e+01
 5.2055e+00,-1.0420e+01
 1.8472e+00, 1.3424e+00
