0.4031734044
0.8889133783
0.5067210769
0.884560769
0.8439292955
0.5892050929
0.2866705368
0.6221888894
0.7795775317
0.3203677628
0.9588121989
0.3321079224
0.2881587392
0.2878365208
0.3786579749
0.4924760757
0.2868596245
0.7349660902
0.2867319384
0.3271728402
0.6117255765
0.358873453
0.4420772265
0.5038983475
0.6575219479
0.6074020586
0.9883729372
0.6846065374
0.2979561454
0.3058771316
0.315306805
0.4657466564
0.5060689764
0.3839472903
0.3980232821
0.3218536416
0.5903414864
0.3176878674
0.4350067813
0.9200448735
0.9703855041
0.3376797333
0.3376797333
0.2977704237
0.3062002909
0.8400096074
0.2981433739
0.7991997267
0.6128632553
0.2869024734
0.2869115676
0.3132031117
0.3768671725
0.3428736501
0.3072684423
0.2868848095
0.7999790406
0.8276562977
0.5853428631
0.7482964324
0.4228984853
0.4579496409
0.7304797177
0.3658099889
0.2966877989
0.5480716583
0.5694734284
0.5233716813
0.3723732868
0.4512620517
0.686827047
0.2869208365
0.3879906476
0.3460966961
0.29114511
0.6069469377
0.4139135268
0.2969830691
0.3080239078
0.4109670581
0.2919674201
0.2968054025
0.3621575367
0.392615766
0.3482891366
0.8520001062
0.6548172563
0.4436627114
0.5987555584
0.5548087804
0.286893554
0.8886048246
0.2906847244
0.3291391416
0.6321850312
0.3003702569
0.9924632319
0.3216395467
0.544935569
0.8775793512
0.2866889053
0.3762194934
0.6137733558
0.8931949323
0.3032354025
0.9656411264
0.7304797177
0.2981433739
0.5451593989
0.392615766
0.9461700161
0.437743741
0.6012582002
0.3626101334
0.7402795277
0.3236979145
0.6725654134
0.3345483818
0.5584105852
0.2870456941
0.4454524396
0.3070195219
0.3765430973
0.2879395753
0.607629619
0.9221733075
0.7684117309
0.7453513766
0.569925891
0.288346595
0.3260362073
0.3115385538
0.5012998846
0.3083638536
0.2933774065
0.5415815006
0.2879186162
0.288227881
0.9576049249
0.2910666583
0.347600267
0.6464610368
0.7341131452
0.3356653834
0.4324800546
0.4510606539
0.2870343283
0.9586120476
0.7647186906
0.5946613127
0.3022753081
0.3321079224
0.830960763
0.6756949677
0.6752482082
0.3856241647
0.4528759275
0.4948349451
0.4563211113
0.2869596599
0.479095017
0.9868518463
0.5539092359
0.3864668227
0.3707910799
0.9305601366
0.2958834374
0.7457727159
0.797246736
0.6803792768
0.2868762397
0.2868360129
0.8057891964
0.2933774065
0.7105936695
0.4122530898
0.7149471692
0.291713518
0.3117209748
0.508244256
0.825069297
0.4725967986
0.583753291
0.2885200946
0.9143389434
0.2874024952
0.3487040803
0.2869698026
0.4909783302
0.4987084631
0.4528759275
0.3092249515
0.5213875298
0.4012096668
0.7966595341
0.2871051431
1
0.5391260138
0.2947917662
0.5191866201
0.3771917182
0.8050180754
0.4047892923
0.3582830034
0.5288991108
0.9349014032
0.3396011509
0.2866864562
0.3964428196
0.5635976808
0.286684182
0.2894525621
0.7911502774
0.4397086276
0.660673726
0.6620232148
0.3574011982
0.8500856688
0.2869024734
0.7311218915
0.8256248884
0.9461700161
0.2881135144
0.8245130351
0.4563211113
0.3701615877
0.2939672381
0.8417960223
0.2867935102
0.3094864039
0.3582830034
0.4003211794
0.7964636668
0.4901236642
0.4056905528
0.9247984599
0.2935225653
0.2879607085
0.6108153981
0.5260219883
0.5189667474
0.2893599931
0.3744481303
0.2884696545
0.4305462281
0.3971441918
0.6994221002
0.2869596599
0.3236979145
0.3334430228
0.4180049157
0.513264458
0.4569312704
0.589659628
0.8791811015
0.3412919687
