0.4221854387
0.6003276254
0.2875490088
0.3630793881
0.3393323638
0.8677608264
0.5586440419
0.7345973287
0.3248802973
0.6926999342
0.2935353926
0.2909541273
0.5937361905
0.392305019
0.8637679561
0.8293883536
0.8819751962
0.4470943101
0.3281803238
0.7649350695
0.373192389
0.5222962381
0.613742241
0.8880557128
0.2970472484
0.292040111
0.2889506509
0.7458135776
0.7849682673
0.2975964356
0.2946113783
0.7769455336
0.2876907347
0.5132955052
0.9890969305
0.3329352545
0.5844257245
0.4246510567
0.4165545887
0.2867959646
0.4449008581
0.3846473794
0.4691026858
0.6793955345
0.7696415575
0.6791728732
0.3118407063
0.8969920511
0.4393606076
0.8084137171
0.7847689186
0.3286452756
0.5602207713
0.7751268374
0.9134774333
0.3890445433
0.5333590788
0.5456228022
0.4184222682
0.2873793228
0.364143419
0.4095441474
0.7468644244
0.2892546444
0.3555150688
0.6942446052
0.5871493825
0.832308764
0.2875687333
0.3369058658
0.485691326
0.60464752
0.5071894427
0.3226776207
0.9312001974
0.2879997548
0.2876087044
0.6606003771
0.2867426722
0.9181093804
0.3831429448
0.9708189134
0.3188654066
0.3238816529
0.6253303379
0.4833591145
0.3272575053
0.3728735533
0.9441789101
0.2873974802
0.4837826369
0.3788487402
0.3185566574
0.4787158235
0.2903435194
0.2923975478
0.3420732419
0.3749545134
0.9750149548
0.4370055955
0.5289233173
0.5231779217
0.3066939374
0.4672376736
0.5225166018
0.6003276254
0.8670987577
0.5364720007
0.2883171976
0.5211949953
0.2953149124
0.6094224681
0.3647541899
0.7462340709
0.7871569094
0.3495396516
0.2870527656
0.9769678059
0.3130491181
0.3301726105
0.5588692265
0.6010096668
0.6266925596
0.4122948195
0.6321382659
0.6907115258
0.7095953656
0.2908362853
0.3477377379
0.8866646581
0.7443402369
0.2939364651
0.3344070335
0.2994581111
0.3826435077
0.8221889786
0.2864674159
0.3848151036
0.8581982781
0.9201171467
0.5262685376
0.500471061
0.5362494413
0.2864674159
0.6648667928
0.3027715521
0.3182492914
0.468687779
0.7135125855
0.28715913
0.9851890697
0.5548192161
0.3966544979
0.2865146095
0.2941926551
0.2868779055
0.2892234666
0.4823013221
0.318351593
0.4529213791
0.9170296005
0.4498994478
0.3811513571
0.4492970899
0.6576767216
0.6405214598
0.8476653155
0.9464282077
0.3139012864
0.3430004995
0.2977825123
0.3665984478
0.2938351775
0.7634966043
0.4206757582
0.4557568619
0.3149600572
0.7564705135
0.4478942493
0.3188654066
0.2913994371
0.4176740737
0.2865303401
0.4057303808
0.2864436431
0.780768731
0.6504656733
0.653622907
0.2911539662
0.2864803507
0.3982365528
0.9420038529
0.2979073998
0.7426533671
0.3375394716
0.9559322562
0.6504656733
0.2991929972
0.3264578127
0.8169507556
0.3462308766
0.2883946201
0.4460961214
0.6684530868
0.3388172905
0.2913580964
0.3182492914
0.2957055658
0.3384324632
0.3125811921
1
0.3545030206
0.29235227
0.6993080879
0.2871750222
0.5467420186
0.3826435077
0.5663114804
0.3026972646
0.6621731528
0.2864441676
0.8303030753
0.3200092912
0.2930493602
0.5117657599
0.6155608098
0.5608968202
0.2919962008
0.9256213971
0.7845695066
0.9033022741
0.671362336
0.3545030206
0.516361233
0.2867634654
0.5236189911
0.4893090738
0.4998233463
0.3230041847
0.8391658256
0.3977082552
0.7008454361
0.2865249218
0.9926762299
0.5575184375
0.4466948026
0.3179433103
0.8348480517
0.2885813441
0.453325568
0.493156865
0.2900902341
0.4344677664
0.3916153347
0.8210713384
0.2866753962
