0.2888392305
0.4355366815
0.4702431181
0.7409125385
0.6668053758
0.6113740536
0.4365134012
0.8672869259
0.5477567137
0.367451872
0.705818534
0.6300065703
0.3286001104
0.3564649627
0.3165029096
0.6848792263
0.3923901527
0.6864323677
0.6926294068
0.286505804
0.4326191045
0.3084431532
0.3354724962
0.2969316267
0.5072995073
0.5031754777
0.3493367475
0.2934514634
0.4638302129
0.57616219
0.9219075246
0.4530196671
0.4658918954
0.5766153049
0.3507358901
0.3364745383
0.895993476
0.8733598661
0.5623714702
0.960433568
0.4034791296
0.6286447799
0.8144869944
0.5497743418
0.7763062602
0.313305365
0.4721167261
0.9501469187
0.3284837735
0.3106366079
0.3286001104
0.3032112334
0.4508014558
0.373433007
0.4708670755
0.3995595956
0.3710511289
0.5204276119
0.8480244207
0.8199419754
0.3418837341
0.3511582378
0.6102369804
0.5766153049
0.7036293975
0.4202023073
0.3032865202
0.2899082937
0.7108390046
0.6352234025
0.3464423499
0.6488007306
0.3172029658
0.8244099384
0.2909385167
0.535475698
0.5079521978
0.2871297337
0.2912171492
0.9669111818
0.7214635767
0.8595738466
0.3018119519
0.2874416867
0.9917905593
0.8528958372
0.5499986503
0.3038947045
0.2983508038
0.3085289734
0.9170931645
0.2944122813
0.9554221601
0.2892552191
0.4144157192
0.6361300788
0.2871297337
0.8714032114
0.2919288346
0.800685612
0.3331293863
0.8926816655
0.306678051
0.3958651579
0.3512992867
0.3154181831
0.745344164
0.4052770761
0.2881091904
0.9655465071
0.2931129545
0.3171024934
0.5979567668
0.748495832
0.5131881836
0.6277367379
0.7903003931
0.5321423831
0.5895479333
0.3815649303
0.4382767152
0.9023371435
0.3042801288
0.8244099384
0.5412702854
0.2871297337
0.8055186532
0.3273285231
0.3471260796
1
0.3896412682
0.286546191
0.2932570078
0.3422795534
0.6721789294
0.286603883
0.4438047018
0.3436079515
0.3937750072
0.9288898541
0.6356767643
0.51691201
0.5585400603
0.8804266053
0.5158155143
0.2930177711
0.5904565988
0.948732482
0.8186308455
0.3001976517
0.3937750072
0.6535393037
0.3737526292
0.6465415801
0.3025410263
0.3204993725
0.3245053614
0.8466209334
0.5403774775
0.3261880853
0.2874966935
0.5468606666
0.2936983623
0.2866711851
0.2868922796
0.7362463651
0.5954560846
0.9310279669
0.4236030904
0.3594077576
0.4177647128
0.3120925929
0.306268266
0.3180123069
0.9928916496
0.2873363771
0.2926900013
0.3430749337
0.3496155048
0.678874755
0.6302335024
0.3690088317
0.3774623869
0.527046098
0.8043626367
0.2902247076
0.5414935608
0.735182589
0.452212002
0.3211349009
0.2961687393
0.4333952669
0.3884474467
0.4357318588
0.3295361026
0.2878596414
0.7474465692
0.4683747536
0.5301459977
0.7294177332
0.4777682108
0.4359271196
0.7657168272
0.4318443043
0.9029184729
0.7969840931
0.6506068302
0.3503147429
0.4430111437
0.8110707297
0.4072664407
0.6607437333
0.2879479525
0.9940763233
0.7240499806
0.2868152094
0.2867029985
0.2871005581
0.8743335014
0.3085289734
0.5033921083
0.2945169849
0.4166449848
0.2882051495
0.5850065008
0.4000911383
0.972792152
0.2868693865
0.803010817
0.3107264177
0.3013113951
0.2866421672
0.4735775506
0.586368574
0.3087873952
0.2993239682
0.286598114
0.4410328213
0.3685404567
0.286535701
0.286506853
0.2879256139
0.3310770997
0.8549639933
0.2866353496
0.5466367211
0.6959386036
0.2870306722
0.3939485983
0.7634565221
0.765306378
0.5350308324
0.2871005581
0.6476713626
0.4560588903
0.3311966602
