0.7372054711
0.3325428804
0.7860885835
0.402364044
0.9998262064
0.304362587
0.3165373051
0.3257255551
0.3375815907
0.8635205001
0.3986408528
0.288447076
0.9040119387
0.298839741
0.761092832
0.5289039699
0.7419068799
0.3479647215
0.295459585
0.2955109091
0.7594237773
0.4097643925
0.3367041186
0.7902998518
0.4471288197
0.3733048414
0.3165373051
0.5709636991
0.3194333027
0.5463322048
0.5396059722
0.3269572006
0.2878791414
0.3004275201
0.4376227814
0.9456727281
0.9311616404
0.3982886894
0.288266414
0.7712373969
0.2879265728
0.2948079112
0.7329114418
0.6528158209
0.4154714099
0.3202551936
0.2978787495
0.6695486072
0.2991488985
0.5008091871
0.6541765677
0.3005590691
0.5862122518
0.9094201564
0.6282336474
0.3196378473
0.9603079949
0.8588863161
0.439390799
0.6917243932
0.4356662931
0.995808274
0.2926119986
0.3047391785
0.3002314515
0.6168157216
0.2900264934
0.5434142187
0.4075807697
0.8419267189
0.9082617647
0.3880947481
0.4562055934
0.6507735287
0.8206636285
0.7301103751
0.5506054672
0.2920224317
0.5280157714
0.31712571
0.9823209913
0.8590590336
0.9314192978
0.8798208062
0.9016334316
0.7023682961
0.2943262909
0.3915075418
0.4364478744
0.6749490958
0.5008091871
0.4046919151
0.7790084951
0.5014590982
0.5964811255
0.2962473415
0.6074469414
0.7816470656
0.3937495757
0.6236681261
0.5816543288
0.402364044
0.5585015112
0.3205659519
0.8692690141
0.4064943979
0.3313510836
0.4263953908
0.5985365554
0.360088419
0.5716450781
0.4429469093
0.3297073262
0.7279504927
0.3297073262
0.666391905
0.3655079131
0.2948079112
0.380581504
0.4427486535
0.7627583501
0.6270925259
0.2883524487
0.2937258093
0.3956610803
0.6807827792
0.4487311103
0.2888737229
0.6001354923
0.9371105493
0.9719039553
0.452556404
0.3205659519
0.3614277522
0.4531629158
0.3096627836
0.5517316122
0.297471912
0.8983240891
0.4177056231
0.5755089614
0.5494799775
0.4720778133
0.4756359762
0.5309045426
0.4699935522
0.846949713
0.3427296027
0.8080214757
0.666391905
0.5240262944
0.4020074639
0.4855669317
0.5027602699
0.3088983173
0.919982376
0.8370249078
0.291723898
0.5337993232
0.457427331
0.2898127232
0.5418450519
0.9680214304
0.2889305683
0.4720778133
0.2881201334
0.2881889747
0.3357099271
0.915261204
0.5476805899
0.296033526
0.8372074644
0.536030019
0.3551237714
0.5941978519
0.2883919513
0.3435212623
0.4847165767
0.2920987947
0.3664271498
0.6430465693
0.292817151
0.4104954655
0.3193312628
0.3231018203
0.3360816673
0.7625503549
0.50384594
0.2949062889
0.3664271498
0.2927345727
0.4580391879
0.5846164785
0.3292430117
0.368589556
0.2894419916
0.4919737965
0.5042805511
0.3129423717
0.4423523851
0.2890693309
0.2881389249
0.6690979304
0.4743780342
0.9774515566
0.3344801975
0.7982426936
0.304362587
0.8264932594
0.6573490941
0.2879545032
0.6950589458
0.8442665283
0.9667811144
0.2922927268
0.2878830063
0.8849622846
0.7421200206
0.8236812889
0.8527893842
0.4427486535
0.3325428804
0.6952809867
1
0.2938163032
0.6935037344
0.3515706974
0.3284361858
0.5443115387
0.645548361
0.3689004625
0.6834689478
0.6970561095
0.9852906786
0.2881485839
0.5053679284
0.3869108468
0.3314696018
0.3662736297
0.9551315899
0.298839741
0.4256320317
0.288419163
0.292411159
0.8153380799
0.2880367079
0.2921372355
0.5222572009
0.288836701
0.7751336975
0.4654316937
0.5967094854
0.2878780873
0.3712480048
0.3076533438
0.5145480649
