0.6312546946
0.4118844517
0.3250756415
1
0.2889688514
0.3492571997
0.3777266584
0.3154648287
0.4643107698
0.6328500129
0.824659061
0.5628950049
0.2880272013
0.3559073591
0.9119948486
0.9772451272
0.3326918768
0.783575535
0.3492571997
0.2877321445
0.3120164458
0.9538742416
0.3157539044
0.7732093756
0.3173194741
0.2993352296
0.8598913869
0.9107108841
0.3181172563
0.8295039846
0.9275805278
0.6781103241
0.3476069866
0.4933772555
0.3233275808
0.3969824995
0.7017014755
0.2895770176
0.3772400502
0.3024202158
0.6157390311
0.562668691
0.5415009649
0.4522690178
0.2883517938
0.8142467552
0.7921902554
0.5172968715
0.4361707176
0.290742621
0.3775643372
0.8708875999
0.3131110622
0.3372415129
0.294768429
0.777089679
0.6897275133
0.2905817099
0.3233275808
0.6339892368
0.3544677678
0.3947136564
0.7643495322
0.444054795
0.453886861
0.3335373879
0.2881954798
0.5225882465
0.2888452683
0.2903943467
0.9512333119
0.29187506
0.7899976981
0.9010608688
0.3738638338
0.2882498687
0.428229938
0.3533256323
0.3396543003
0.2909078704
0.3719584007
0.4115171696
0.6132271949
0.8430123271
0.289760899
0.6225874672
0.5065703836
0.3027051175
0.5343516534
0.4071407446
0.3499505668
0.2882498687
0.2888054722
0.2994620057
0.5002747602
0.5294563193
0.5111542827
0.7058904223
0.4022868642
0.9919060002
0.5549868712
0.4010407204
0.4682409764
0.4047943748
0.4137267402
0.7305088755
0.5109355434
0.2890330018
0.3234356962
0.4526730268
0.2897074902
0.7395164977
0.4078661486
0.6006675786
0.3026336436
0.6603244554
0.3144170058
0.66957372
0.2889062735
0.354181437
0.3123787711
0.6688982414
0.722506867
0.4661693794
0.7666261284
0.4053343179
0.6342170515
0.3706978468
0.3138535155
0.2923856943
0.3107684287
0.3919463674
0.4573406015
0.409869286
0.9599039292
0.6591940211
0.5214839554
0.9963670935
0.782768246
0.7819599655
0.9705624192
0.3249652518
0.2895260485
0.3795199798
0.475124251
0.3703839322
0.4056947904
0.444054795
0.5801469291
0.3757866421
0.446445346
0.7883982353
0.2882360086
0.7102853393
0.4831358061
0.9189863563
0.5576951446
0.6819168986
0.6303428828
0.4221357776
0.3873405571
0.3273150618
0.2905500485
0.2876954521
0.2881954798
0.9752316058
0.6478638949
0.508532415
0.9404356468
0.3189249928
0.3270884171
0.5383691165
0.3945398848
0.3191284784
0.6657432191
0.2887470891
0.7251087206
0.4299604855
0.7328759931
0.7444133208
0.4717780305
0.6487718929
0.8885079665
0.3015814378
0.3751437857
0.2889900602
0.2877068638
0.6038641616
0.2946206998
0.2968847194
0.2935392851
0.2882781143
0.8510172367
0.6006675786
0.3580913994
0.3371159523
0.4797517384
0.715101853
0.8769857528
0.8237215926
0.5633476939
0.3853197581
0.3035757077
0.3132033137
0.8504886224
0.3109447969
0.3536103685
0.9262642453
0.7494947873
0.5601806107
0.3291497153
0.51663712
0.7785138026
0.4680335129
0.8634829639
0.8858290419
0.2876952766
0.2880833566
0.562668691
0.2918369892
0.3818228913
0.8497826739
0.5421728581
0.3121067881
0.530789727
0.9629392689
0.6910627074
0.4686561044
0.2890114437
0.6957267298
0.3101561931
0.6066044587
0.956028916
0.6501334074
0.3087021581
0.3369905352
0.3249652518
0.6056909999
0.6086597981
0.3092100262
0.28782536
0.969922926
0.5561149088
0.28769791
0.3092952358
0.2882088142
0.9204920255
0.322361398
0.4661693794
0.3700705087
0.8248463332
0.4398992198
0.6212180967
0.8897596374
0.8604067221
0.8763322207
