0.7797028227
0.4801519717
0.7351774648
0.3847845258
0.2963125917
0.4653410484
0.8631968117
0.9580770209
0.3957478211
0.3178163686
0.3612409758
0.5945978815
0.3452530963
0.4391290102
0.9427345953
0.6232369626
0.3249661826
0.2872856049
0.2869455946
0.3031213598
0.6211927181
0.6422806705
0.689550909
0.9805889874
0.294747772
0.9154619991
0.7023251933
0.4418899657
0.3066695671
0.4379506124
0.363353895
0.2884773544
0.5775770708
0.2941692782
0.2870154598
0.5841523915
0.844785397
0.8150013769
0.8285893658
0.4350175975
0.3299098061
0.6567242417
0.2961386104
0.5119434826
0.3710990493
0.3957478211
0.753082229
0.4202658563
0.586194771
0.6576244619
0.3947011344
0.811020664
0.5366519452
0.3985576024
0.2977588502
0.6751065205
0.2941177049
0.8820627135
0.5644605406
0.2881687312
0.2868928422
0.2942210212
0.8500420389
0.3020848674
0.3538994633
0.6307272337
0.4604092299
0.3180198778
0.9542090914
0.2963125917
0.5952795879
0.3786550448
0.6234640676
0.3463396624
0.3307403535
0.4019289211
0.8477730613
0.466993669
0.3229785184
0.4238570996
0.3327870977
0.4047966585
0.4049767537
0.5202733541
0.2891694821
0.9242531919
0.7857025904
0.7851051624
0.7782948137
0.286420882
0.3565051735
0.466993669
0.7934165139
0.5330946072
0.3129303504
0.6382066909
0.5375425502
0.2864476241
0.2866017667
0.3220029835
0.8676918731
0.4167078201
0.5185147912
0.4732283624
0.3106343166
0.2892316599
0.3676532752
0.7321940995
0.3866367545
0.2865131647
0.5579242783
0.9522180268
0.3044230808
0.8918103283
0.6981534272
0.3244091761
0.4715601051
0.3229785184
0.7482739735
0.9438767001
0.5251221831
0.2926032463
0.7455440075
0.7067021494
0.447258637
0.9068191479
0.881589646
0.3982049084
0.2875858507
0.3059336282
0.6569493272
0.3049727773
0.8945291118
0.2881687312
0.2961964359
0.5293242124
0.3676532752
0.3717318649
0.3488161969
0.3273463267
0.9918527695
0.3557771272
0.5154435134
0.6717561498
0.6198296115
0.4375584686
0.9665343871
0.7379393231
0.8383826897
0.842130054
0.5478183665
0.2894223425
0.2940150673
0.3375126503
0.2895529201
0.3682753852
0.2903943599
0.295017496
0.333642038
0.4332668061
0.3832791929
0.6105108021
0.286524874
0.3375126503
0.3019394241
0.8058567963
0.8392780625
0.4240470184
0.9861165777
0.3791461681
0.3878224777
0.3428403744
0.6542469911
0.447658575
0.5104156808
0.2891386526
0.7351774648
0.2873030642
0.4038976972
0.3258651647
0.2868928422
0.6077825332
0.2918856985
0.4042569783
0.2876678745
0.536429372
0.4742730764
0.2985181384
0.2866617029
0.2888689733
0.7864982706
0.3329087991
0.963215595
0.4875658548
0.4288239107
0.3078403284
0.7541237722
0.2865372822
0.8734257942
0.7162765944
0.5185147912
0.3462033647
0.3083517289
0.7601378431
0.9986365441
0.5060625614
0.2891386526
0.5496113854
0.7478545488
0.5295457266
0.5388793833
0.2931700848
0.6447680398
0.466786858
1
0.6946304346
0.6531201935
0.521593927
0.9059632616
0.3092168793
0.2955136467
0.4528853895
0.3775131637
0.333152635
0.3657987664
0.8474227762
0.6630187069
0.4551118872
0.6388859924
0.5968704002
0.2864507702
0.4373625201
0.4330726957
0.5310972933
0.6454460924
0.9267045619
0.3297917413
0.3644195952
0.2880002447
0.3085234785
0.2868928422
0.5279958621
0.4350175975
0.2865939031
0.5739536667
0.3699962764
0.6225556065
0.653796329
0.6501883521
0.7599312346
0.2868428814
0.8414189484
0.8711449224
0.2875458827
0.2993677933
0.2865372822
