 6.6016e+00, 2.6454e+00
 1.1862e+01, 2.5567e-01
-7.9696e+00, 2.1209e-01
-5.4214e+00,-1.2528e+01
 2.9227e+00, 1.6107e+01
-1.2134e+01, 1.6544e+00
-1.2956e+00,-5.3830e+00
-2.7238e+00, 1.6655e+00
-7.7878e+00, 1.1062e+01
-5.7447e+00, 1.4357e+01
 5.7864e+00,-1.2876e+01
-8.8508e+00,-4.9652e+00
-1.0538e+01,-1.0094e+01
-4.3870e+00, 1.1922e+01
 1.9285e+00, 3.0655e+00
-2.8848e+00,-9.2038e+00
 1.2499e+01, 8.5354e+00
-1.1144e+01,-1.3060e+01
 1.6293e+01,-5.4044e+00
-7.1104e+00,-1.4285e+01
 8.6987e+00, 4.2249e+00
-7.1307e+00,-6.1196e+00
 7.2217e+00,-4.5952e+00
-3.1041e-01,-2.1230e+00
-1.6273e+01,-2.6346e+00
-4.4356e+00, 9.4206e-02
 8.3215e+00,-9.0306e-01
 1.2201e+01,-2.7645e+00
 1.5745e+01,-3.9208e-01
-9.6226e+00, 8.3429e+00
 9.7474e+00,-1.0134e+01
-1.6027e+01,-5.7211e+00
-9.8998e+00, 3.3705e+00
-1.6408e+01, 2.0637e+00
 1.8224e-01,-1.7172e+01
-5.5805e+00, 8.7216e+00
 4.4271e+00,-3.8473e+00
-6.5076e+00, 1.0288e+00
 1.7954e+00, 6.0332e+00
 4.4079e+00,-1.1841e+01
 1.8460e+00, 1.4936e+01
-4.2820e+00,-8.0773e+00
 1.4404e+01,-7.5484e+00
 8.9842e+00, 7.0003e+00
 3.2874e+00,-1.3508e+01
-1.3419e+01,-1.5329e+00
-3.6564e+00, 6.7584e+00
 1.2294e+00, 1.2961e+01
 1.2135e+00,-1.0116e+01
-1.5676e+00, 9.0711e+00
 1.3405e+01, 1.1459e-01
 8.9716e-01,-6.4712e+00
-8.2545e+00, 7.4174e+00
-5.9322e+00, 1.2090e+01
-9.9867e+00, 1.2916e+01
 8.3987e+00, 2.7094e+00
-8.6102e+00, 1.4132e+01
 2.2967e+00,-4.5456e+00
 6.3166e+00, 8.4937e+00
 8.7746e+00,-1.4490e+01
-4.3180e+00, 1.6774e+01
-2.5625e+00, 1.6325e+01
 5.4143e+00,-1.9786e+00
-4.4324e+00,-1.5364e+01
-1.4071e+01, 3.2426e+00
 3.5366e+00, 8.9085e+00
-1.1437e+01,-4.5265e+00
-1.1609e+01, 1.0218e+01
-2.9843e+00,-1.3605e+00
-1.4598e+01, 7.4963e+00
-1.0125e+01,-9.1548e-01
 1.3611e+01,-1.8324e+00
 3.2835e+00,-9.0224e+00
-1.3084e+01, 6.5587e+00
-1.5440e+00,-1.4859e+01
-2.2858e+00, 1.3192e+01
-5.9371e+00,-3.8196e-01
 8.5064e+00,-8.5578e+00
-1.4074e+01,-5.8927e+00
 1.1830e+01,-4.9630e+00
-5.7387e-01, 1.4965e+01
 1.0971e+01, 7.4221e+00
 3.2515e+00, 1.2896e+01
-6.5811e+00,-9.1486e+00
 1.2785e+01, 1.1016e+01
 1.3720e-01,-4.0855e+00
 5.6583e+00, 4.1667e+00
-6.0910e+00, 3.7235e+00
-6.2872e+00,-3.5246e+00
 1.7263e+01,-2.4813e+00
 7.4539e+00, 1.2220e+01
 6.9424e+00,-9.8736e+00
-4.5588e+00,-5.1964e+00
 1.0443e+01,-3.4442e+00
-8.3494e+00,-1.3127e+01
 6.3657e+00,-6.8665e+00
-1.0567e+01,-3.2242e+00
 6.2360e+00,-1.6225e+01
-1.4891e+01, 9.0707e+00
 1.0336e+01, 1.1208e+01
-2.9443e+00, 4.7104e+00
-5.4013e-01,-1.2983e+01
 5.3234e+00, 9.9881e+00
 7.6328e+00, 9.3153e+00
 4.3535e+00,-1.4968e+01
-1.3054e+01,-1.0733e+01
-1.1228e+01, 8.5692e+00
-7.8760e+00,-1.4475e+00
-3.1099e+00,-1.3239e+01
-6.6442e+00, 1.6160e+01
-2.4088e+00, 1.0475e+01
 3.1362e+00, 9.0432e-01
 9.6571e+00, 1.2653e+01
 4.6357e+00, 1.5969e+00
-7.7507e+00, 3.6913e+00
 6.0920e+00, 1.3923e+01
-9.8637e-01, 1.2088e+01
 1.5100e+01, 1.3534e+00
-4.5443e-01,-7.6270e+00
 3.0590e+00,-1.6938e+00
 7.7534e-01, 1.1219e+01
-1.6203e+01, 3.8501e+00
 8.1679e-01, 7.7373e+00
 4.0062e+00,-7.2612e+00
 2.3608e+00,-1.2199e+01
-5.4950e-01, 4.6137e+00
-3.4550e+00,-3.8622e+00
 1.3120e+01, 2.4364e+00
 1.1833e+01, 1.2345e+01
-1.5875e+01,-1.0284e+00
 6.3248e+00, 6.6059e+00
 1.0289e+01,-1.2004e+01
-4.4524e+00,-2.0919e+00
 1.6824e+01, 2.1649e+00
 8.6993e+00, 1.3842e+01
-1.6750e+00,-1.0963e+01
-1.3422e+01,-4.2811e+00
-1.1681e+01,-7.6729e+00
 1.3632e+01,-4.6833e+00
 8.6748e+00,-1.2242e+01
 1.4140e+00, 4.8674e-01
 1.3638e+01, 4.2106e+00
-7.8201e+00,-8.2385e+00
-8.8691e+00, 1.4998e+00
-6.7280e+00, 7.1359e+00
-1.2216e+01, 3.5940e+00
 2.0009e-01, 2.8393e+00
 7.3947e+00,-2.4351e+00
 3.1240e+00, 5.2227e+00
-1.7177e+00, 5.8191e+00
 8.5835e+00,-6.4917e+00
-1.3540e+01, 1.0188e+01
-1.1342e+01, 1.2067e+01
 1.3088e+01,-6.7174e+00
 1.4384e+01, 8.7217e+00
-1.3323e+01, 4.6403e+00
-3.0685e+00,-1.6444e+01
 4.7578e-01, 1.6456e+01
 1.2082e+01,-8.5756e+00
-9.9088e+00,-8.0313e+00
 1.2585e+01, 5.3234e+00
 9.8084e+00, 7.8721e-03
-1.7447e+01,-5.2643e-01
 2.0150e+00,-1.4593e+01
-1.3249e+01,-9.0668e+00
 3.6586e+00,-5.5039e+00
 5.9892e+00, 2.9836e-01
-1.1352e+01,-6.1996e+00
-1.9471e+00, 2.7701e-01
 8.4721e+00, 1.0886e+01
-7.4372e+00,-1.1388e+01
-1.4681e+01, 9.8095e-01
 1.8019e+00, 9.0547e+00
-1.2158e+01,-3.0283e+00
-1.1497e+01, 6.0562e-03
 7.3978e+00, 1.5210e+01
 3.5531e+00, 7.0819e+00
 4.2077e+00,-1.6570e+01
 1.1434e+01,-6.6079e+00
 1.4681e+01,-3.3372e+00
-1.6793e+01,-4.1740e+00
-8.1921e+00, 5.7264e+00
 1.3254e+01,-9.9200e+00
 5.5796e+00, 1.2073e+01
 1.5937e+01, 6.0732e+00
-4.7537e+00, 1.0026e+01
-8.0482e+00, 9.0418e+00
 1.1846e+01,-1.0936e+01
 1.8732e+00, 1.7271e+01
-1.4909e+01,-8.0811e+00
 6.0056e+00,-3.5041e+00
 1.1129e+01, 9.9157e+00
 1.3472e+00,-2.5118e+00
 8.7186e-01,-1.1716e+01
 9.9037e+00,-8.0065e+00
-1.4973e+01, 5.1795e+00
-1.5364e+00, 7.4967e+00
 1.7320e+01,-2.2596e-01
-4.2918e+00, 3.3395e+00
-5.4557e+00, 6.2497e+00
 1.1152e+01,-1.3694e+00
-9.2447e+00,-1.1248e+01
 1.5154e+01, 4.0967e+00
 5.0066e+00, 5.5644e+00
-1.0823e-01, 1.0155e+00
 1.1304e+01, 1.8097e+00
 1.8128e+00,-1.6739e+01
 1.0275e+01, 3.2268e+00
-3.2157e+00,-6.9686e+00
-9.0445e+00,-6.5215e+00
 2.3788e+00, 1.0760e+01
-1.1359e+00,-1.6453e+01
-5.9334e+00,-7.2167e+00
 4.0844e+00, 1.1475e+01
 3.2274e-01,-6.4746e-01
 1.4447e+00,-8.3756e+00
 4.8693e+00, 7.8325e+00
 9.7109e+00, 5.6326e+00
 9.7070e-01, 4.5449e+00
 1.4011e+01, 7.0355e+00
 5.4070e+00, 1.5492e+01
-1.1318e+01, 5.2299e+00
-9.7183e+00, 9.9478e+00
-8.1750e+00, 1.2564e+01
 7.1213e+00,-1.2066e+01
-5.5038e+00, 2.3222e+00
-8.4050e+00,-3.4844e+00
-3.7700e+00,-1.1732e+01
 9.2671e+00, 1.4478e+00
 5.5139e+00,-8.3465e+00
 1.0467e+01, 1.3963e+01
 6.6645e+00, 1.0779e+01
-7.9431e+00,-9.9590e+00
 4.2914e+00,-1.0164e+01
-8.0646e-01,-9.2504e+00
 3.9900e+00,-3.5166e-01
 3.6660e+00, 1.4590e+01
 5.4477e-01,-1.4051e+01
-8.5765e+00,-1.4712e+01
 6.6214e+00,-1.4199e+01
 1.5753e+01,-6.8508e+00
-4.3821e+00,-1.0233e+01
-1.0806e+01, 6.8339e+00
-6.3920e+00,-1.6110e+01
-8.5735e-01, 1.0458e+01
-3.8892e+00, 1.3509e+01
 9.3460e+00,-2.2436e+00
 2.1713e-01, 9.2487e+00
-4.0103e+00, 8.4249e+00
 5.2288e+00,-5.2544e+00
-1.3276e+00, 1.7275e+01
-1.6415e-01, 6.0654e+00
 3.8195e+00, 3.8122e+00
-9.9134e+00,-1.3946e+01
-1.6218e+01, 4.9844e-01
 1.0505e+01,-1.3753e+01
