0.5491632409
0.9264676583
0.2983544567
0.9816790031
0.4101227899
0.4882597449
0.6267542878
0.3233279986
0.2862423872
0.2877237104
0.4143576869
0.2936897522
0.492741713
0.6434913218
0.3511871115
0.8411117953
0.5770879822
0.9721456676
0.903628554
0.5324473368
0.5115451566
0.3222345425
0.8536601908
0.3751178894
0.320729037
0.2990127873
0.3037715025
0.536666301
0.4114062855
0.9653183891
0.4101227899
0.3814918438
0.693498116
0.3114914949
0.3739926465
0.3557784023
0.9279829875
0.6884268706
0.8189224825
0.8741012757
0.3157941203
0.6926174282
0.6822302411
0.4662324216
0.2865191724
0.645296325
0.400384382
0.7873954849
0.397731801
0.2865332968
0.3460476517
0.2904963171
0.2992807649
0.4942408947
0.6904133566
0.7913378247
0.9201319078
0.3233279986
0.3216934614
0.3410938491
0.9866058773
0.5655688631
0.2878243384
0.5284613598
0.4787381518
0.5167926682
0.6015710689
0.4180810186
0.3061696644
0.7705620617
0.9752977441
0.2942139529
0.6806773368
0.4751720207
0.3436142376
0.3062521084
0.3576816838
0.3401778785
0.2862525045
0.2947001835
0.9349837075
0.8308859872
0.2986815465
0.3605023857
0.4578225757
0.2861345766
0.3483862319
0.8296128877
0.33582648
0.4578225757
0.3047928109
0.7361008195
0.5890926252
0.2859539867
0.5402277854
0.7981736186
0.3888908095
0.8114057016
0.3572405315
0.2903781619
0.4483287549
1
0.2977761728
0.2982895374
0.8096986175
0.6784564049
0.4138024373
0.4239251438
0.5167926682
0.856731245
0.4453335496
0.3453672745
0.3429461541
0.832517324
0.7485181602
0.2862324441
0.2976494971
0.6364880385
0.3483862319
0.344825421
0.4629368644
0.494884179
0.9636868406
0.3033093958
0.3210491493
0.2918074833
0.36352094
0.2865915355
0.3052734259
0.5990744518
0.349640028
0.2884273117
0.3629132106
0.5482677854
0.6621620394
0.4778974905
0.3818234367
0.7800346537
0.9429043476
0.5320039131
0.9056250129
0.2879277384
0.5838797638
0.6471002975
0.3444204627
0.5408964084
0.4231661692
0.4833786709
0.3387522976
0.6915158095
0.4088440588
0.6461984429
0.6733375234
0.2868173
0.29128044
0.8865376404
0.2863752982
0.6840031857
0.3888908095
0.4043166002
0.4718318998
0.2994157478
0.3777114967
0.3293720194
0.9019025812
0.2882263724
0.4092089223
0.3716010046
0.2916290702
0.6844461167
0.6063378039
0.5098014215
0.2869061933
0.2894188968
0.758692469
0.4656131992
0.316092175
0.8332403662
0.3188370931
0.3730327723
0.5911335232
0.4190176778
0.9077434528
0.5009100739
0.7576602761
0.7709678662
0.7079470631
0.5890926252
0.9739010021
0.4981074789
0.2860298919
0.3738323707
0.7808345764
0.5725661223
0.2860298919
0.3440167342
0.4666455679
0.3054349251
0.7405406487
0.9282341462
0.2955409158
0.4749627969
0.7501880921
0.289594344
0.7842230602
0.3998520031
0.7075116105
0.3474185672
0.715325325
0.5970320084
0.3909458942
0.6919565576
0.289015392
0.5718883181
0.31998742
0.9268478355
0.4254473766
0.8829743129
0.3021058269
0.4348926284
0.6432656262
0.5822941649
0.8606161536
0.2865915355
0.4081155083
0.7966183495
0.4348926284
0.2885760256
0.3209422936
0.2892140426
0.332853577
0.3052734259
0.2863998895
0.4816879407
0.5431270122
0.9689893226
0.8140496955
0.6342261966
0.5572395408
0.5331127186
0.2863632639
0.8760259427
0.2859576513
0.3023283084
0.3299635713
0.4961721321
0.3846602742
0.2863397179
0.524707165
0.2867001547
0.2863397179
0.3052734259
0.2948652978
0.4214637406
0.8837529934
0.4439417324
