0.5747906234
0.5498163459
0.2872868777
0.3134807219
0.6609285032
0.3039813957
0.2970213115
0.709953744
0.806347225
0.5379893471
0.3415943755
0.6510527024
0.5944851614
0.3998673451
0.3861853113
0.5500402059
0.880975851
0.5030772452
0.3028234549
0.7559848917
0.2986262693
0.4237553568
0.463160261
0.3129089
0.7771699559
0.616707714
0.8517355787
0.3100444826
0.7799725181
0.5028609786
0.3621512734
0.7420171952
0.3727163484
0.8760803936
0.4914689487
0.8756021348
0.4914689487
0.9714019153
0.7218277567
0.6433964442
0.9355027602
0.4568239697
0.3129089
0.3968671655
0.2952330456
0.758255007
0.3005467842
0.775764146
0.3518812337
0.813923443
0.8691502033
0.9696808061
0.7910590423
0.4643942465
0.3900994713
0.6582390814
0.6178410259
0.2967741773
0.3562054459
0.3120617294
0.7869251433
0.4908284053
0.2880668924
0.3173338862
0.338079424
0.6189742053
0.285792498
0.321961208
0.4162338205
0.720968536
0.4052339918
0.3572312269
0.6377551734
0.7635937715
0.3609458712
0.9883135104
0.4718479546
0.3104055751
0.4050536414
0.2922527136
0.6241847942
0.3850056348
0.3831629203
0.3096859226
0.5104575684
0.2858763496
0.3054190949
0.6559955481
0.2996390166
0.662943469
0.4901883405
0.2892081138
0.8948474573
0.5599126858
0.3965161814
0.5732094452
0.3598977638
0.5065438301
0.4392197058
0.2892081138
0.9105915008
0.3937234729
0.2859896482
0.5707261178
0.6108128071
0.2863045321
0.9547033148
0.4795937728
0.3624538796
0.296651612
0.8903576636
0.7505928484
0.5714032154
0.3165243271
0.6293912073
0.5738870121
0.2937528562
0.3848375552
0.4050536414
0.2874304173
0.3630605936
0.398275279
0.6092253714
0.3904425657
0.7012414264
0.2897869431
0.2868534889
0.3222873888
0.9615774341
0.7320821733
0.2861822182
0.5337691856
0.78751745
0.2911194216
0.7635937715
0.669200023
0.313961532
0.9456644529
0.662943469
0.984588634
0.3104962435
0.5756944445
0.4795937728
0.7173090991
0.8929120374
0.3092412895
0.431033112
0.3417265024
0.4923237462
0.9002702178
0.3081038415
0.2876835045
0.2866995692
0.4804360932
0.7339929509
0.286609014
0.350044078
0.2859516514
0.5244824439
0.3926832116
0.2948935042
0.6021947273
0.2945600193
0.3362970268
0.4020030494
0.8854779354
0.2898245798
0.3145436426
0.7114719565
0.3014823522
0.5146039532
0.6153475811
0.8915630218
0.5444512818
0.5997001182
0.4020030494
0.3747996967
0.3396290911
0.3711274426
0.2877097652
0.4475484459
0.6151208767
0.8067287196
0.5126379734
0.9441200122
0.2859164418
0.9927290128
0.4693540579
0.3803419603
0.4535801182
0.4125287019
0.3648926951
0.905140272
0.28949203
0.2857250266
0.32024451
0.2859249829
0.9523619171
0.8221241479
0.3188782705
0.3607957625
0.2860199746
0.288301179
0.4302611419
0.2933891852
0.401289513
0.2887702355
0.6678609482
0.5143853445
0.2873818778
0.5756944445
0.2857119501
0.4461507924
0.3283881896
0.3104962435
0.2862484304
0.7692997996
1
0.3968671655
0.2883614773
0.3121552324
0.2941248078
0.3541728821
0.2861951126
0.2865396973
0.8472415488
0.9830502834
0.9152247476
0.2859336982
0.3339224429
0.3090645475
0.3045342713
0.7160145828
0.431033112
0.3293286131
0.8328943252
0.2857114271
0.3157246288
0.9366849624
0.3673631794
0.8122287166
0.3716028595
0.2861445793
0.2915599585
0.5148226033
0.3196107437
0.6555465934
0.6377551734
0.2860968311
0.442574192
0.6763258646
0.5529525642
0.47059986
0.4463502277
0.288705453
0.6725436674
