-1.2793e+01,-6.2925e+00
 1.1287e+01,-2.1150e+00
 1.3579e+01,-5.3798e+00
-1.3378e+01, 1.3956e-01
 5.5886e-01, 1.2693e+01
 4.8691e+00, 5.2273e+00
 4.6898e+00, 1.8834e+00
-4.1399e+00, 1.3069e+00
 1.1531e+01, 1.8277e+00
 8.0137e+00, 5.6212e+00
 1.0925e+01, 4.5916e+00
-4.3720e+00,-1.4633e+01
-3.6417e+00, 9.3672e+00
-8.9317e+00,-6.4886e-01
 1.5379e+00, 1.7380e+01
 2.4070e+00,-5.2786e+00
 6.7490e+00,-4.8502e+00
-2.0496e+00,-8.1318e+00
 3.8022e+00,-6.9784e+00
-2.2463e-01, 4.6128e+00
-2.3252e+00, 1.5130e+01
 7.8486e+00,-3.4688e+00
 9.5935e+00,-7.0732e+00
-8.0959e+00, 1.1462e+01
 3.1768e-01,-1.5674e+01
 1.7416e+01,-4.0504e-01
-6.4581e+00,-5.9694e+00
 4.9100e+00,-8.2493e+00
-1.0899e+01, 7.9324e+00
 5.6299e+00, 1.6317e+01
-1.3061e+01, 1.0934e+01
 1.5411e+01, 4.7013e+00
-1.5377e+01, 6.6606e+00
 9.9404e+00, 1.3009e+01
 8.2425e+00, 2.3696e+00
-4.0334e+00, 5.8982e+00
 1.1109e+01,-9.4683e+00
-1.6501e+00,-1.3665e+01
-4.8499e+00, 3.2472e+00
 1.0986e+01, 8.7062e+00
-9.8623e+00, 3.9778e+00
 2.3804e+00, 2.8251e+00
-1.2872e+01,-1.0037e+01
 1.4763e+01, 2.1608e+00
 1.5581e+01,-4.3006e+00
-5.0459e+00,-2.2622e+00
-2.1932e+00,-6.4254e+00
-1.6027e+01,-1.7336e-01
-8.6810e+00, 1.2981e+01
 6.1523e+00, 1.1087e+01
-4.6805e+00, 1.5093e+01
-1.0178e+01,-1.2431e+01
 6.1509e+00,-1.1318e+01
 9.0665e+00,-9.9287e+00
-2.0554e+00,-2.9172e-01
-2.8611e+00, 3.6416e+00
 8.1466e+00, 4.3373e-01
 9.6567e+00, 5.4094e+00
-1.3453e+01, 2.2008e+00
-5.3327e+00, 8.4386e+00
 8.3102e+00,-1.5295e+01
 7.0390e+00, 3.9204e+00
-1.4348e+01, 5.2906e+00
-3.2279e+00,-1.8095e+00
 2.3588e+00,-1.0865e+01
 7.0015e-01, 7.4326e+00
 1.1910e+01, 1.1684e+01
-1.5943e+01,-2.2513e+00
-7.5172e-01, 7.9641e-01
-8.6085e+00, 6.7341e+00
 1.4407e+01, 8.6420e+00
-1.1302e+00, 9.2715e+00
 6.1603e+00, 6.6230e+00
 1.2923e+01,-1.1276e+01
 5.8668e+00, 9.1033e+00
-2.7408e+00,-4.3160e+00
 2.7425e-01,-1.0729e+01
-8.5730e+00, 8.3320e+00
 3.8935e-01,-1.2444e+00
-5.5391e+00, 5.1318e+00
 1.3350e+01,-3.2228e+00
-6.7300e+00, 9.7034e+00
 1.3765e+01,-9.1879e+00
-2.2455e+00,-1.0635e+01
-7.0180e+00,-1.1455e+00
-2.4901e+00, 8.0603e+00
-4.6610e+00,-7.6435e+00
-4.5865e-01,-8.6139e+00
-1.3542e+01,-1.5184e+00
-1.5021e+01, 2.2885e+00
-1.8303e+00, 2.5135e+00
 8.6510e+00, 7.7705e+00
-4.2151e+00,-3.6454e+00
 2.2108e+00,-1.3845e+01
-8.6174e+00,-2.3996e+00
 2.2369e+00, 5.4963e+00
-1.2895e+01,-7.9555e+00
-7.2852e+00,-1.2880e+01
 3.9810e+00,-1.0615e+01
 8.5265e+00, 1.5219e+01
 6.7796e+00,-1.4947e+01
 6.6610e+00,-1.3232e+01
 9.8332e+00,-3.3660e+00
-9.3049e+00,-8.1261e+00
-3.3766e-01,-5.1145e+00
 5.2924e+00, 1.4454e+01
-6.3199e+00, 6.8995e+00
 4.3500e+00,-4.1475e+00
-7.1171e+00, 1.3336e+01
 7.1465e+00,-8.2902e+00
 2.9653e+00,-2.9849e+00
-1.1863e+01, 9.4440e+00
-5.1533e+00, 1.3216e+01
 6.6209e+00, 1.2527e+01
 1.2770e+01, 3.4579e+00
 1.1832e+01,-7.5866e+00
-5.7933e+00, 1.2000e+00
 3.9196e+00, 7.5142e+00
 1.1752e+01, 6.7643e+00
 8.1973e+00, 1.1394e+01
-6.9933e-01, 6.3458e+00
-1.2487e+00, 1.2620e+01
 1.0737e+01, 3.6308e-01
 1.6968e+01, 4.2742e+00
-1.0881e+01,-2.5814e+00
 3.7059e+00,-1.4452e+01
 1.0119e+00,-3.3291e+00
 1.3367e+01, 1.0583e+00
-8.1767e+00,-1.5311e+01
 1.1487e+01,-4.5313e+00
 2.3444e+00,-7.3717e+00
-7.5861e+00, 5.0769e+00
-1.2163e+01, 6.4802e+00
 8.5443e-01, 1.0399e+01
 1.6772e+01,-2.6156e+00
 2.8199e-01, 1.4343e+01
 5.0936e+00,-2.6925e+00
 8.4748e+00,-1.3265e+01
-2.8728e+00, 1.7187e+01
-8.8462e+00, 2.3312e+00
 5.4019e+00, 2.8975e-01
-5.8511e+00, 1.1085e+01
 7.3056e-01,-6.4672e+00
 7.4880e+00,-9.8293e+00
 1.5595e+01,-6.3690e+00
-1.4344e+01,-6.0546e+00
-8.1368e+00,-9.8460e+00
 2.6353e+00, 1.6262e+01
-1.6853e+01, 3.9596e+00
-6.0602e+00,-4.4119e+00
 7.1021e-01, 1.4690e+00
-5.5526e+00,-1.2592e+01
 1.0153e+01,-1.2607e+01
 5.8206e-01,-1.7393e+01
-9.5505e+00,-5.2003e+00
 9.7333e+00,-1.6693e+00
-5.3540e+00,-2.5219e-01
-3.6081e+00, 1.3069e+01
-4.0968e+00,-1.0451e+01
 7.3486e+00,-6.8010e+00
 2.2502e+00,-1.6502e+01
 7.5968e+00,-1.3579e+00
 6.4620e+00, 2.1278e+00
 1.2761e+01,-1.0249e+00
-1.1194e+01,-6.7288e+00
-9.7284e+00, 1.4185e+01
-9.3705e+00, 1.0014e+01
-6.3024e+00,-1.4372e+01
-7.3430e+00,-3.4214e+00
 1.1030e+01,-6.0584e+00
-1.0933e+01, 6.1561e-01
-1.3457e+01,-4.0492e+00
-1.3400e+01, 7.8063e+00
 2.4205e+00, 1.0948e+01
 1.0490e+01, 1.0897e+01
-7.4302e+00, 1.1167e+00
 1.5196e+01,-1.2430e-01
-1.2053e+01, 3.2321e+00
-9.0272e-01,-1.6935e+01
 1.0199e+00,-8.3257e+00
-1.5188e+01,-4.2428e+00
-1.0969e+01,-9.5571e+00
 1.3112e+00,-1.2327e+01
-7.0948e+00, 3.4307e+00
-3.6266e+00,-1.6714e+01
-1.7270e+01, 1.8533e+00
 3.8984e+00, 5.2692e-01
 2.1184e+00, 8.6064e+00
 2.0583e+00, 1.4249e+01
-3.2557e+00,-1.3038e+01
-2.9684e+00,-1.5181e+01
-1.0226e+00,-2.1773e+00
 1.3466e+01, 5.3728e+00
 1.3661e+00,-3.3198e-02
-1.1885e+01,-1.1428e+01
 1.5125e+01, 6.6552e+00
 4.0277e+00, 3.9615e+00
-9.5571e+00,-1.1015e+01
-5.6420e+00,-1.0472e+01
-1.7466e+01,-9.6237e-01
 8.7794e+00,-4.7706e+00
-1.1426e+01, 1.0889e+01
-1.1339e+01,-4.0910e+00
-7.4349e+00,-7.5332e+00
 1.6248e+01, 2.5987e+00
-3.5506e+00,-1.4677e-01
 8.5803e+00, 9.3151e+00
-1.5140e+01,-8.1932e+00
 4.4037e+00,-1.2626e+01
-7.8062e+00, 1.5380e+01
 2.5650e+00,-9.2258e+00
-4.3027e+00,-5.2889e+00
-1.7026e+01,-3.6234e+00
-2.8065e+00, 1.1143e+01
 1.2631e+01, 1.0069e+01
-7.8054e-04,-1.3119e+01
-1.2587e+00,-1.5194e+01
 4.9976e+00,-5.7298e+00
 3.9657e+00, 1.0973e+01
 9.4171e+00, 3.5406e+00
-1.2856e+00,-1.1845e+01
-2.4590e+00, 5.8159e+00
 3.8495e-02, 1.6979e+01
-1.5950e+01,-5.8392e+00
-1.0750e+01,-9.6708e-01
 3.5970e+00, 9.4090e+00
 7.1042e+00, 1.5766e+01
-1.0632e+01, 1.2496e+01
 1.1715e+01,-1.2585e+01
 3.6473e+00, 1.4758e+01
 1.0966e+01,-1.1259e+01
 8.7498e+00,-1.1463e+01
-1.1426e+00, 1.0889e+01
-1.0828e+01, 5.7280e+00
 5.2864e+00,-1.5923e+01
 3.7370e+00,-1.6971e+01
 1.5366e+01,-1.9067e+00
 4.3760e+00, 1.2694e+01
-1.5872e+01, 5.0982e+00
 1.0942e+00, 1.5645e+01
 2.3352e+00, 1.2679e+01
 7.1579e+00, 8.3118e+00
 5.4763e+00,-9.7915e+00
-1.4912e+01, 8.7710e+00
 1.3617e+01,-7.4205e+00
-1.3886e+01, 3.8039e+00
-5.4218e+00, 1.6438e+01
 2.4718e+00,-1.3772e+00
 8.3286e+00, 1.3376e+01
-9.7239e+00,-1.4414e+01
-3.4054e+00,-9.1059e+00
 4.3252e+00,-1.0666e+00
-5.5878e+00,-8.9454e+00
 1.6539e+01, 1.0955e+00
 1.3122e+00, 4.2275e+00
-7.3835e-01, 1.5482e+01
