0.6742314531
0.6833621837
0.2890851364
0.3020928343
0.3295647427
0.2906278892
0.3087040101
0.3846269584
0.3248630493
0.3332835589
0.5194074534
0.3278157538
0.3881724913
0.4157880709
0.5449226655
0.3146527201
0.5809922582
0.3367616905
0.8706769173
0.5297812472
0.5244737344
0.5402315537
0.6840283688
0.8714947847
0.3903918441
0.3941896262
0.4563420929
0.6818067029
0.2900040206
0.8643909422
0.3603525355
0.324195972
0.780526625
0.3127512853
0.7082491681
0.333528267
0.914117087
0.4822757166
0.4273005664
0.9336223676
0.8752290295
0.3734918732
0.2910180966
0.3755789069
0.6544895538
0.3050600009
0.3404814092
0.2908599515
0.3362579562
0.28643333
0.5728371836
0.2904766204
0.7904821297
0.3338964095
0.2896268833
0.3444529944
0.8295274075
0.468870306
0.9943957203
0.9559835614
0.2928441685
0.4559357358
0.5814457806
0.4309544666
0.2871597761
0.3962830493
0.6413926453
0.3651941882
0.9464893339
0.7734650423
0.4967802282
0.6359582978
0.3015866489
0.309312431
0.2981433512
0.3959330826
0.5308895389
0.3881724913
0.3448569817
0.4744947208
0.2877388073
0.3464852337
0.7373221432
0.8861522998
0.6046154191
0.4100707548
0.2893657215
0.4236784441
0.2865207209
0.7845278536
0.708030944
0.8537007975
0.2930816366
0.9370147795
0.8458648204
0.2972130226
0.5473848063
0.7704160208
0.7113001869
0.856617997
0.3028299254
0.2886486444
0.3627572493
0.8948529608
0.3003909774
0.4193373405
0.6341452483
0.4078826643
0.7193253717
0.2866173639
0.3373945537
0.4751225038
0.8787576314
0.2865717526
0.294970992
0.3706354802
0.4344447004
0.3127512853
0.3072591064
0.7835298992
0.6118909951
0.6851380699
0.5043397456
0.9344779081
0.9919293598
0.6300633137
0.3016584673
0.5812190139
0.3871544648
0.6068890912
0.469492927
0.9326385547
0.4965651364
0.6744547114
0.4037288559
0.4659725686
0.2978915838
0.2870972562
0.8037596397
0.8714947847
0.3578332578
0.6395820424
0.5355535186
0.4240582018
0.4803754772
0.287275896
0.2921573561
0.2902548803
0.9740822569
0.8873912556
0.4021179951
0.2870972562
0.3455330318
0.9290183277
0.8014391606
0.6116636514
0.2902185263
0.3340194115
0.8348037294
0.2872418476
0.7296488383
0.6490770348
0.3493816864
0.3237542536
0.6522356181
0.2881030786
0.4163462316
0.4637049599
0.3281629007
0.6778003225
0.5583892318
0.4332782326
0.2868750784
0.2865097102
0.7696006971
0.2875733637
0.5687664771
0.2887612322
0.8208412264
0.2868504463
0.2865207209
0.2866425275
0.7593310998
0.4734496654
0.2877602705
0.5262405978
0.3111845552
0.9466006025
0.344050242
0.4141187056
0.7708233288
0.2874005529
0.3659622802
0.4888566699
0.8596806928
0.5545649836
1
0.6218905915
0.5238117714
0.6223448871
0.6737848564
0.7466147181
0.9866957674
0.4524934616
0.2902185263
0.3400911288
0.8027939714
0.3126578625
0.9732699133
0.2866601765
0.7758945592
0.3549171278
0.7514327891
0.3209419081
0.5357759712
0.2865044669
0.7983299487
0.7756924317
0.4365910653
0.9597831772
0.6708794177
0.4197129034
0.520947204
0.5559139868
0.3423193055
0.6465929157
0.3157251709
0.3495210944
0.6107542564
0.457155671
0.3736517008
0.3883425501
0.3189516959
0.3488253963
0.2882511461
0.3301550815
0.2874756168
0.7863201832
0.3278157538
0.5843946972
0.2864284358
0.4008708344
0.3347604398
0.3162188733
0.6782459333
0.5339972485
0.3129386033
0.5653782768
0.32909511
0.9742434126
0.4328900864
0.4692853214
0.2873822222
0.4022965713
0.7366850638
0.5458176126
