0.2962864933
0.7254140807
1
0.808719179
0.2951679771
0.6431792406
0.3508753395
0.3015022355
0.2876675965
0.7369644323
0.8342741333
0.9952809168
0.3055023989
0.3528573154
0.4930313498
0.4762782686
0.7812486588
0.3787543192
0.869944413
0.4934600017
0.2890403878
0.3359807218
0.9996106785
0.8317268333
0.2893086956
0.4889698611
0.5005626068
0.4061605009
0.5950106529
0.2895589634
0.2871584266
0.4416033531
0.5891006392
0.2977176353
0.5716350241
0.2963441905
0.6025165801
0.2913329345
0.3858924687
0.3306128811
0.6771377051
0.2878675743
0.5705035498
0.4977579955
0.2874850393
0.3727842011
0.2926227572
0.4258650258
0.3675979675
0.5457342892
0.4320160017
0.4509806904
0.5632720623
0.7058803301
0.3551541457
0.5691463061
0.712863691
0.3683752233
0.8210158819
0.3202059965
0.7758057414
0.5838768159
0.7896249403
0.6968764808
0.5325760363
0.2917036841
0.9585422169
0.8183930952
0.3199965115
0.3276886248
0.9242433241
0.3228759661
0.2869189289
0.6366097277
0.3275735713
0.2977793641
0.3441459373
0.5959202355
0.7608722287
0.3764763442
0.9186737296
0.5332424713
0.6957743441
0.3977767236
0.3145734456
0.3534283642
0.4851404749
0.5310221982
0.2983424548
0.3258655838
0.3117571451
0.5374700397
0.4485702399
0.4467696192
0.2868794135
0.421311445
0.3015734422
0.3063900355
0.8157560546
0.2911726215
0.3832117623
0.5664336223
0.3338736532
0.669536129
0.5977396212
0.6454418295
0.677806945
0.3777752343
0.5945558918
0.2914959957
0.5446152008
0.8829901952
0.9366787311
0.8951500962
0.5580863528
0.3227673467
0.3177326788
0.5383615114
0.7095952345
0.7957345738
0.3464436999
0.2867851629
0.3047907632
0.2877061988
0.9204161345
0.767866168
0.5714086981
0.2977176353
0.9397807593
0.3029576616
0.9811269696
0.4932456493
0.2945816248
0.4491718274
0.5417088537
0.4817520825
0.3106704276
0.8570190033
0.364214779
0.601606591
0.3012896056
0.6601066801
0.287144793
0.4308559097
0.4671109026
0.2868988218
0.3293148836
0.4966815642
0.3007992522
0.6675190077
0.3891130697
0.361641956
0.5952380411
0.837166847
0.2867120628
0.4531997836
0.4441798207
0.2993110037
0.4497741002
0.4127325192
0.9535123535
0.6458941628
0.8717496734
0.2899551148
0.9859855507
0.2871722348
0.4090656419
0.2895270744
0.3160345114
0.6313920693
0.858044079
0.7204543588
0.8864332349
0.4642205729
0.6402356875
0.4855650606
0.7126460735
0.2866260128
0.5702773022
0.2919156604
0.2869397349
0.4735568787
0.4079732325
0.7832531191
0.7113395255
0.4445773895
0.2867776434
0.9338774319
0.4437825674
0.3416249379
0.4435840593
0.318240648
0.7322751432
0.9354673522
0.3993644741
0.3894544078
0.3903096771
0.3327749818
0.3235308538
0.3434776759
0.3142854506
0.9630322276
0.3442800028
0.754230542
0.2869292446
0.575031703
0.2869504
0.3510160447
0.3858924687
0.3794093723
0.4806962777
0.8444881101
0.9488904336
0.2899211519
0.7098134089
0.2866197161
0.2909760974
0.9247647112
0.3842136362
0.3373661297
0.6749051203
0.3072972514
0.4529976759
0.8157560546
0.5484228561
0.4908912901
0.3425479105
0.9740016556
0.2872737789
0.4171836545
0.3731027535
0.4656640893
0.3099586643
0.5272556468
0.2866380814
0.312309059
0.7245531899
0.4473691328
0.3500339134
0.3236405296
0.2920016507
0.7301361065
0.3463074438
0.3108499597
0.7996425284
0.5854661737
0.7745901701
0.2868169891
0.2873515448
0.2876675965
0.2868794135
0.8646337171
0.3761527976
0.3954983643
0.5673375754
0.4475691251
