0.2856845086
0.2893570075
0.8487234255
0.5361605559
0.5609842908
0.3653190881
0.2974955536
0.9080080292
0.7286071343
0.2905859375
0.4269553935
0.3475046824
0.39894424
0.2863214565
0.3954284892
0.632950367
0.5767701603
0.4895026344
0.6802576015
0.3125013676
0.7033589682
0.2971178839
0.7637263792
0.5892170727
0.3096567453
0.3356355385
0.4197487716
0.96458765
0.2874774382
0.5303956276
0.3653190881
1
0.3517059821
0.7048852544
0.2938835597
0.6709208124
0.4691024479
0.2857111819
0.4115695826
0.5457397264
0.2859067588
0.2876044028
0.29543493
0.8813620303
0.4946321375
0.3475046824
0.9616726734
0.90191651
0.826459105
0.5268591465
0.9863627516
0.7137864426
0.8070338918
0.380966863
0.6089412101
0.7854668346
0.9396224456
0.5672892464
0.397181144
0.3192658301
0.8144103207
0.3656268865
0.292512969
0.8609775769
0.7898064356
0.3419589494
0.4594297146
0.3089473045
0.2923683095
0.7692273195
0.7120549199
0.9070283468
0.754672726
0.2946982364
0.4008955824
0.9221360389
0.2857709758
0.377192725
0.923682074
0.2971804123
0.447306405
0.3975329312
0.3366449226
0.311382267
0.4273382356
0.7061920083
0.3051470885
0.3781714027
0.2856940972
0.7003008751
0.4010735928
0.9258478832
0.3082480371
0.6232201507
0.5555920006
0.298598134
0.4584095465
0.6446882088
0.5117170821
0.3394671978
0.4223887929
0.3693586985
0.2877090897
0.4256182039
0.2881555028
0.6313676304
0.3183296563
0.3273105785
0.3090354288
0.2914430255
0.8516553319
0.3551525234
0.7976153563
0.4344827931
0.8279202934
0.2860034832
0.5887640003
0.6702520663
0.8003231695
0.2866541009
0.2857176322
0.763521829
0.361664227
0.4385888142
0.3100152716
0.8145980305
0.4141523017
0.4905687734
0.6053128466
0.974531494
0.9816116975
0.3251401353
0.6787049228
0.2859156475
0.2924645793
0.42390531
0.6539130037
0.2974955536
0.6318198963
0.6954808611
0.5290684162
0.5858197424
0.2858345998
0.78288794
0.3443654682
0.7927471993
0.7561202972
0.5211318254
0.2883647143
0.285889504
0.3329066569
0.5524521958
0.3695157118
0.350433032
0.3037962656
0.5417234386
0.2872364962
0.4161946047
0.3752479447
0.6961391508
0.5819716923
0.3681069549
0.3067960058
0.3197912593
0.2939899905
0.4288730817
0.7268996406
0.5526763201
0.5860461772
0.901340975
0.436042721
0.3671732569
0.3024171214
0.5769961883
0.3858113519
0.6349844854
0.442928609
0.2956089675
0.5867255298
0.2863669205
0.4816559441
0.9034914646
0.9386988064
0.4141523017
0.6897627229
0.3134511871
0.9200525753
0.8514835203
0.2895374462
0.2955507872
0.3487524793
0.2977506635
0.4005398686
0.8896689618
0.8847780814
0.4969931121
0.6978930354
0.4914226446
0.4841924023
0.2864625429
0.4655867729
0.3372803789
0.3647049732
0.6651174548
0.9836430744
0.4633221005
0.3246900142
0.4668254392
0.28611762
0.5421692526
0.5317240482
0.3539953181
0.6613141197
0.3345108332
0.3018211276
0.3091237121
0.7315880993
0.3292975852
0.3473667091
0.3228036137
0.4890765549
0.6972355953
0.2978148569
0.3031001006
0.3431566563
0.5290684162
0.291532489
0.4688951227
0.7978092116
0.4167535649
0.2857211188
0.3186403407
0.6195956634
0.7555002388
0.694383013
0.2879829131
0.9902391868
0.4877996173
0.5917094334
0.285872946
0.3837952644
0.4806015355
0.796839261
0.2894286675
0.2857603422
0.8737594323
0.5281842917
0.4455109695
0.8761570819
0.5034624809
0.5023812501
0.3314474079
0.5537972859
0.7103207904
0.8702073347
0.3134511871
