0.8754598157
0.4967281694
0.6602713496
0.3765094386
0.4888054414
0.6781748583
0.6801784911
0.3110612174
0.2910676948
0.8130459583
0.2895965326
0.535942287
0.8065617725
0.2865279173
0.3917257389
0.96435449
0.2968801729
0.380101732
0.3414925079
0.2923968264
0.5997782382
0.8941583666
0.3014833988
0.3360971543
0.8725447173
0.4011846064
0.5938696448
0.3569155662
0.470274712
0.496298082
0.5811581066
0.7433798258
0.2888463196
0.946501406
0.4355685445
0.4801143171
0.7192499919
0.356331358
0.5635138141
0.2870519781
0.3736125449
0.3078161869
0.2870519781
0.2884280607
0.2866773104
0.3728146851
0.6444914447
0.5328307608
0.5691588751
0.406208377
0.2964648357
0.41816905
0.3472703142
0.3643910167
0.6539703798
0.3416239817
0.2903715865
0.3662320027
0.3448208434
0.7611103534
0.2948859715
0.4807469561
0.4763298222
0.9656420306
0.5346079991
0.4085676323
1
0.6804009734
0.7559358555
0.4312957049
0.7798425583
0.9214300199
0.9420857978
0.2900089467
0.4103938002
0.9317988107
0.4761201501
0.4122297276
0.6304509529
0.3385071471
0.3731334705
0.9425458963
0.3178931143
0.9924706666
0.3251645302
0.2871783989
0.3078161869
0.6462992532
0.3927614005
0.340837226
0.3830824553
0.2878852101
0.3059907541
0.3337385744
0.3261791611
0.3076470177
0.7792397281
0.9061778662
0.2863984203
0.6093262542
0.3413611732
0.3789526236
0.4564975371
0.4129668077
0.6828463452
0.2900800966
0.3202738993
0.4398817398
0.8743295235
0.2885631479
0.2899384864
0.6143272257
0.286845016
0.7892131902
0.799802898
0.5029868851
0.2891159778
0.5086323774
0.7931577511
0.3348493532
0.5657705155
0.8580627883
0.8637989074
0.2874646908
0.5779849002
0.962383707
0.3941483182
0.5071093691
0.3107899846
0.2974877709
0.6313581642
0.2986236022
0.9566959368
0.8714034587
0.7778309681
0.6333987835
0.3214411065
0.4502303055
0.2890853236
0.7927644711
0.3636292358
0.29399201
0.5655447635
0.6059161163
0.4967281694
0.4526479215
0.3107899846
0.6703617841
0.5143082528
0.4522442402
0.7048978904
0.303857533
0.3109706479
0.7534399167
0.287583541
0.3864375029
0.3395371299
0.3123458041
0.5506896565
0.6537450569
0.6383830704
0.3096311635
0.2963476799
0.7194660721
0.7713530067
0.8707494061
0.7721661149
0.286832614
0.7276447852
0.8563573087
0.2964648357
0.3682465042
0.9320465498
0.3915535076
0.4894450961
0.3917257389
0.8443661636
0.3938009445
0.9874940715
0.6535197149
0.3297658784
0.4945797866
0.288024926
0.360613556
0.4114941923
0.4595550897
0.5317210605
0.5395058975
0.3297658784
0.7596649911
0.2913949374
0.6250045838
0.8793024614
0.2866974021
0.2871619863
0.3812564927
0.6503629797
0.3048698509
0.9015621246
0.5397288823
0.6047794012
0.9102770971
0.5943240443
0.3379955347
0.4524460438
0.4092969216
0.8823084485
0.8316313577
0.292082324
0.71773624
0.548447542
0.2910676948
0.287645315
0.7731811595
0.492222577
0.6181905878
0.7727753209
0.4696513765
0.6958980197
0.6965585835
0.8718930895
0.4324569568
0.9772719511
0.2887882996
0.3752171963
0.2913534318
0.8413529625
0.3382510588
0.4468239633
0.4845538599
0.3125318427
0.4595550897
0.5090679288
0.3261791611
0.298494728
0.2866212258
0.3894952288
0.7796416767
0.9941127049
0.2868703435
0.2872805333
0.6894968329
0.287817698
0.7051166281
0.442646984
0.4665435233
0.66184403
0.3274356201
0.2896299515
0.8815205098
0.6912654737
0.3297658784
0.5332748737
0.2904087975
0.2889644372
0.3690268363
