-2.8843e-02, 5.2360e+00
 1.1435e+01, 2.9071e+00
 1.5256e-01, 9.0532e+00
 1.2175e+01, 6.8516e+00
 5.6470e+00,-1.0595e+01
 3.5865e+00, 8.0569e+00
-3.0836e+00, 8.1485e+00
-3.2352e+00, 1.5280e+01
 1.5636e+01, 6.3144e+00
 5.5042e+00, 3.6710e+00
-6.7692e+00, 1.5395e+01
-1.0635e+01,-2.9651e+00
 4.7769e+00,-4.9294e+00
-3.4934e+00, 1.7017e+01
 1.3590e+01,-1.9667e+00
-2.6509e+00, 8.2158e-01
 3.5850e+00,-1.6140e+01
 1.3644e+01, 2.8375e+00
-1.4367e+01,-3.1538e+00
-1.5504e+01,-6.0948e+00
 8.8585e+00,-5.1413e+00
 4.3962e+00, 2.2879e+00
-1.2532e+01, 9.9765e+00
-9.3038e+00, 1.1490e+01
-4.4376e+00, 2.8442e+00
-1.2811e+01, 3.6080e+00
-3.0465e-01,-1.0299e+01
-1.4292e+01, 1.6725e-01
 1.0897e+01,-5.7260e+00
-1.0617e+01,-4.9184e+00
 7.1341e+00,-7.7590e+00
 3.9604e+00,-6.9096e+00
 1.1443e+00, 1.6901e+01
-1.7722e-01,-3.6156e+00
-6.5779e+00, 1.0790e+01
 1.2091e+01,-6.6815e-01
 5.3565e+00, 6.2097e+00
-1.3055e+01, 5.7678e+00
-1.0410e+01, 1.7517e+00
 6.5713e+00,-1.6182e+01
 9.3884e+00, 1.0368e+01
-1.5731e+01,-1.3277e+00
 1.7422e+01,-4.4901e-01
 1.3542e+01,-1.0668e+01
 1.4603e+01, 9.5564e+00
-5.7481e-02, 1.3914e+01
-8.8795e+00, 2.7192e+00
-7.8347e+00,-7.9508e+00
 2.4371e+00, 1.0208e+01
-8.2055e+00,-1.0542e+01
-1.5789e+01, 4.0913e+00
-1.2855e+01, 1.8759e+00
-9.7133e+00,-1.0962e+01
-2.6793e+00, 1.3829e+01
-7.9443e+00, 4.4902e+00
-1.4350e+01, 3.0042e+00
 5.7381e+00, 1.5800e+01
 6.3570e+00,-1.2821e+01
 1.3086e+01,-6.9781e+00
-1.2999e+00,-7.5034e+00
 1.0671e+01, 1.2598e+01
-1.1543e+01, 2.8063e+00
 7.7962e+00,-9.4099e+00
 2.9467e+00,-1.7730e-01
-2.9506e-01, 1.1009e+01
 9.9307e+00,-9.0428e+00
-4.3729e-01, 4.7853e-01
-7.4201e+00,-4.7735e+00
-7.5114e+00, 1.2933e-01
 3.6596e+00, 1.2245e+01
 6.7637e+00,-2.8240e+00
-2.6091e+00, 3.1578e+00
-2.8301e-01, 3.5241e+00
-1.1349e+01, 1.2348e+01
-9.0852e+00, 9.4475e+00
-1.9327e+00,-3.5062e+00
 6.5312e+00, 1.0111e+01
 1.2836e+01,-3.6255e+00
-5.7564e+00,-7.7556e+00
 8.4014e+00, 1.2215e+01
-1.2633e+01,-5.9789e+00
-2.9968e+00,-2.0316e+00
 9.2783e-02,-1.5604e+01
 1.4890e+00, 4.5522e-01
 1.1420e+01,-1.0330e+01
 1.2498e+01, 1.1950e+01
 1.5885e+01, 1.5387e+00
 9.4482e+00, 6.4014e-01
 5.6879e+00, 1.2289e+01
-7.0005e+00, 1.2878e+01
 1.3890e+01, 2.9940e-01
 2.3813e+00,-1.7128e+01
 9.3099e+00,-1.3132e+01
-1.5502e+00,-1.5014e+01
-6.5064e+00,-1.3827e+01
-1.5729e+01, 1.2543e+00
-5.6974e+00, 4.1782e+00
 2.9094e+00, 3.5713e+00
-1.4035e+01, 1.0433e+01
-9.7231e+00,-1.7500e+00
-1.1885e+01,-8.7725e+00
 1.1586e+01,-7.9102e+00
 1.0475e+01, 6.6938e+00
-9.4695e+00,-9.2072e+00
-3.9509e+00,-7.9310e+00
-1.6325e+01,-4.1395e+00
-1.3177e+01, 7.7244e+00
-1.2457e+01,-2.0640e+00
-5.2728e+00,-2.6742e-01
-1.4492e+01,-8.9875e+00
 1.5237e+01,-7.6693e+00
 1.7174e+00,-9.8557e+00
 1.6716e+01, 4.9758e+00
 1.6385e+00,-6.9725e+00
 1.3832e+00, 6.6096e+00
-2.2602e+00,-1.1500e+01
-1.4741e+01, 8.2073e+00
 4.7549e+00, 1.0449e+01
-3.3524e+00, 5.9398e+00
 1.0072e+01,-1.1266e+01
-4.9381e+00,-9.4762e+00
 5.2081e+00,-2.6712e+00
-3.7612e+00,-4.1668e+00
 9.9446e+00, 1.4044e+01
-7.6776e+00, 6.8633e+00
 1.3243e+00,-2.8164e+00
 1.2237e+00,-1.3634e+01
 7.5370e+00, 8.7425e+00
 1.2612e+01, 9.4595e+00
-1.1989e+01,-1.1153e+01
 8.6508e+00, 4.2788e+00
-8.6352e+00, 1.3664e+01
 2.3721e+00, 2.1090e+00
 1.8704e+00, 5.0295e+00
-6.9222e+00,-1.8683e+00
-5.0308e+00, 7.9854e+00
 3.1621e+00, 1.4954e+01
-1.0696e+01,-6.4563e+00
 1.1142e+01,-1.3051e+01
-2.7930e+00,-6.4526e+00
-1.1064e+01, 8.7187e+00
-7.8643e+00,-1.4668e+01
-2.2297e+00, 1.0272e+01
 9.6108e+00, 3.0035e+00
 3.6728e+00,-1.1285e+01
-1.0062e+01, 7.1411e+00
 1.5120e+01,-4.8571e+00
-8.3779e+00,-3.1522e+00
 1.0981e+01,-3.6526e+00
-4.1372e+00, 1.1638e+01
 2.8479e-01,-8.5627e+00
-1.4606e+01, 6.3274e+00
 1.3868e+01, 7.5249e+00
-4.7525e+00,-6.0294e+00
 8.5893e+00,-1.5090e+01
 3.8809e+00,-1.3309e+01
-4.8971e+00, 1.3860e+01
 6.4673e+00,-1.4453e+01
-9.9519e+00, 4.0403e+00
-2.7556e+00,-8.9267e+00
 4.1894e+00,-8.6883e+00
-9.5530e+00,-1.2623e+01
-3.6994e+00,-1.6104e+01
 6.4913e+00, 5.0516e+00
-6.7075e+00, 2.6620e+00
 2.0863e+00,-5.1836e+00
 7.4136e+00, 3.8398e-01
-1.6046e+00, 1.7192e+01
-5.2475e+00, 5.9550e+00
-4.8440e+00,-3.0597e+00
 7.6019e+00, 1.4508e+01
 1.0588e+01, 9.3497e+00
 3.7254e+00,-1.6688e+00
-1.2949e+01,-4.0404e+00
 9.2061e+00,-7.6935e+00
-4.7092e+00,-1.2856e+01
 5.8747e+00, 1.4853e+00
 7.3442e+00,-1.1592e+01
-1.1288e+00,-1.4641e+00
-6.8017e+00,-6.3017e+00
-1.4192e+01,-5.0370e+00
 1.1666e+01,-2.2751e+00
 1.6951e+01, 3.0581e+00
 4.6447e+00, 1.3449e+01
-4.1520e-01,-1.3330e+01
-6.0460e+00,-1.0832e+01
 9.9004e+00, 5.2416e+00
-8.9904e+00,-6.3898e+00
 1.4473e+01, 4.5473e+00
 6.9702e+00, 3.0046e+00
-6.3004e+00,-1.5633e+01
 7.5881e+00,-6.2896e+00
-1.5080e+00,-5.1208e+00
-1.7230e+01,-1.9943e+00
 3.0509e-01,-1.7411e+01
 1.9417e+00, 1.3608e+01
-9.2232e+00,-8.0849e-02
 1.6060e+01,-1.2030e+00
 4.8438e+00,-2.1174e-01
-1.0937e+01,-5.6819e-01
 5.3753e+00, 8.4155e+00
 3.4213e+00,-3.1878e+00
 1.0021e+01,-2.4161e+00
-7.8933e+00,-1.2658e+01
 8.7329e-01, 1.2348e+01
-1.0494e+01,-8.1109e+00
 2.6416e-01,-5.3023e+00
 4.0069e+00, 4.7596e+00
 1.6422e+01,-3.7659e+00
 5.5057e+00,-6.3352e+00
 8.1345e+00, 7.2604e+00
-1.1069e+01,-1.2687e+01
 1.4562e+01,-9.4324e+00
-7.7217e-01, 7.1530e+00
 2.2628e-01,-1.1918e+01
 6.5519e+00, 7.2909e+00
-6.0769e+00,-4.0489e+00
 1.2245e+01, 8.2459e-01
 7.5154e+00,-4.4530e+00
 8.6359e+00,-1.0248e+00
-2.2404e+00, 4.7844e+00
 1.2099e+01, 4.4453e+00
 5.5407e-01, 2.2036e+00
-1.6503e+00,-1.7070e+01
-2.7268e+00,-1.3793e+01
-1.3435e+01,-1.0053e+01
 6.0412e+00,-1.2694e+00
 2.2898e+00,-1.4815e+01
-2.6336e+00, 1.2173e+01
-8.6501e+00, 8.0096e+00
 7.8105e+00,-1.3771e+01
-1.1133e+01, 5.0483e+00
-7.2944e+00, 8.7435e+00
 1.5019e+01,-3.1196e+00
-3.9054e-01, 1.6198e+01
-9.4240e+00,-1.4741e+01
-1.1793e+01, 6.6344e+00
 3.1657e+00, 6.4038e+00
 6.0591e-01,-1.3917e+00
-1.0318e+01, 1.3798e+01
-1.6984e+01, 2.5129e+00
 1.6998e+00, 8.4433e+00
 2.7186e+00, 1.6874e+01
 8.3341e+00, 1.7792e+00
 9.7152e+00, 8.1137e+00
 2.2233e+00,-1.2163e+01
-1.4468e+00, 8.8981e+00
 4.8200e+00,-1.4538e+01
 1.2350e+01,-1.1828e+01
-4.9125e+00, 1.3336e+00
 8.3464e+00,-2.7849e+00
-1.3114e+01,-7.4477e+00
-5.2181e+00, 9.6866e+00
 4.2409e+00, 1.6249e+01
-1.6928e+01, 2.3535e-01
 1.3175e+01,-5.3999e+00
