0.2885987363
0.5232602911
0.3727846103
0.7183945659
0.4796763167
0.2897052392
0.2969555519
0.7848311681
0.3512450719
0.6780729962
0.6913514971
0.3404886798
0.5776294216
0.5593551141
0.9459129557
0.345829112
0.2899640474
0.7475042731
0.3302417641
0.7622156175
0.3838986096
0.3707216623
0.6478479102
0.3236926534
0.5776294216
0.3116019271
0.3082921402
0.2895611303
0.4444321306
0.6635725369
0.7224837308
0.6822898063
0.2887859568
0.451838114
0.9892840926
0.83717487
0.581250182
0.931486937
0.2970788605
0.719041262
0.8253913521
0.3498369736
0.885093263
0.9322209844
0.7099532334
0.2860435636
0.4752683498
0.4941234572
0.5307697876
0.2876553439
0.793502094
0.4127808203
0.3332641266
0.7280535285
0.5898594337
0.4581212336
0.6404039062
0.9823041614
0.7950650086
0.288754322
0.6254726151
0.2918737154
0.8735716522
0.8529430307
0.2982835642
0.2860665876
0.2927193181
0.4977739348
0.513169682
0.3380295687
0.3231411764
0.9316095299
0.3060146515
0.7968181914
0.420232992
0.9416594186
0.2954706918
0.378601812
0.513169682
0.468189512
0.8297797992
0.3024803725
0.2896328408
0.3199113872
0.3891397461
0.5828351276
0.3072654899
0.2920568604
0.2949061271
0.3930964169
0.4320703441
0.2940378761
0.4276396952
0.5708491117
0.2894197734
0.6512255631
0.7239862774
0.7879987441
0.7518840054
0.885865018
0.2918737154
1
0.4194810826
0.840557522
0.3477498246
0.4756870051
0.3651157005
0.7993409611
0.3571556469
0.3665023227
0.3123460072
0.6966302322
0.3235820584
0.3964077346
0.870495979
0.5735597642
0.3373908455
0.5769508592
0.9677299689
0.5352055569
0.2860911806
0.4338163516
0.3050400751
0.5535148317
0.3040887935
0.4035020984
0.4644721046
0.3359980739
0.3452852111
0.401891545
0.2950737294
0.2979607075
0.3379015426
0.6651392365
0.2859472743
0.316516799
0.4560868614
0.3610162641
0.3979895392
0.972478798
0.5744637661
0.2870894219
0.5214994504
0.682068135
0.3587784631
0.7073434973
0.5977976512
0.5553102761
0.5027356477
0.6014281285
0.2864371451
0.7732139119
0.5414366089
0.3976372952
0.2971407653
0.3066772653
0.5609299102
0.3104143075
0.2934150762
0.4564931665
0.5853267061
0.5318775027
0.832500341
0.3181418213
0.469225898
0.2858860406
0.6946530269
0.3419353498
0.2860510639
0.4872929299
0.3076904609
0.9786155276
0.4340107727
0.2861084476
0.4504290559
0.800308212
0.8927087513
0.9713452
0.2864233722
0.2917381464
0.3151272979
0.2859191876
0.4885694569
0.7306138005
0.6931132639
0.3052815389
0.9140246659
0.6343016816
0.37535124
0.3845688743
0.389310581
0.6689391737
0.5057681699
0.3356212014
0.8179816137
0.3300038878
0.3012310896
0.5270099213
0.3024803725
0.80874586
0.4221191481
0.8484547326
0.4727616076
0.2863318374
0.2917831655
0.2859519844
0.367432274
0.2858886575
0.2871099764
0.8987823107
0.3478880297
0.3818986387
0.586459595
0.528778027
0.380739537
0.9642777955
0.9082289829
0.7388875138
0.406928922
0.2865384292
0.4303312008
0.5149184553
0.2915156095
0.3104143075
0.2859519844
0.2872369495
0.6597630251
0.2859671611
0.7271986277
0.9137525324
0.3173243893
0.563857042
0.943018743
0.3319231603
0.3925770918
0.2859383774
0.2899265594
0.5392085443
0.5230400546
0.3033139182
0.4486227899
0.2863443914
0.4144444595
0.6550485324
0.7972070509
0.286307252
0.8222566913
0.7537538274
0.9130705074
0.6288701945
0.2875817102
0.7780462788
0.2863194576
0.410208362
0.3511036652
0.8942044357
