0.288188363
0.3107819319
0.2893599377
0.5986262558
0.3542938401
0.6104471071
0.6647446013
0.6794932645
0.3169754286
0.7643838582
0.7567464857
0.588176488
0.325380529
0.5802362108
0.2915129294
0.2977277848
0.7668441814
0.3004898871
0.2865881151
0.4033174532
0.3894851368
0.3071354106
0.3280041617
0.5970353809
0.5770637496
0.6728033979
1
0.2872907214
0.7448350618
0.5388231616
0.8713808801
0.4634386407
0.5228613328
0.4794697895
0.318498112
0.4909268103
0.4566890411
0.4962852227
0.7118599127
0.3084053441
0.6222635465
0.3944858983
0.3557400087
0.8489079411
0.2964571541
0.743149719
0.3817432206
0.3037729322
0.2996707988
0.2949324392
0.2871063549
0.743149719
0.9839737198
0.3212191953
0.924934663
0.5893116982
0.2940870194
0.9528565679
0.6059004167
0.808647546
0.3050201295
0.5430631077
0.2867322506
0.3352135076
0.3014041076
0.3528607753
0.8432834503
0.9458078029
0.3910273336
0.6465084058
0.5506753879
0.2897921258
0.4562824489
0.8541056816
0.3957065325
0.2903270249
0.4038555583
0.8877383312
0.3551599745
0.2866798407
0.305820756
0.464467885
0.7011554683
0.3023461788
0.7448350618
0.4293560321
0.7244052023
0.5051414225
0.4634386407
0.650797297
0.9171315446
0.3059828257
0.3594121715
0.3031649917
0.4355572586
0.3558853428
0.8578703857
0.7029093484
0.4100171585
0.6163567109
0.2902534654
0.8078824619
0.3018354553
0.3024197964
0.318498112
0.4984376321
0.8171765995
0.3095351173
0.6696732467
0.6993992553
0.4396734338
0.9190139933
0.2976035892
0.3471240825
0.4815788236
0.664295972
0.2877442945
0.293831725
0.5230817703
0.6209007625
0.7874092752
0.480312692
0.2888097396
0.286902209
0.9379656971
0.4572994678
0.4504196908
0.4727615888
0.2878102405
0.4450180715
0.5800095295
0.9072931729
0.7949036523
0.5178019605
0.9733875262
0.4646739373
0.3377318245
0.4200339299
0.5825036312
0.2912633879
0.3903408198
0.3687047831
0.3965815993
0.9260948283
0.4532422542
0.3810813078
0.356467979
0.5929455476
0.5060097636
0.3062271436
0.5556164678
0.3108721819
0.298231253
0.3715347136
0.7561239051
0.7410384958
0.970299458
0.8325194097
0.2865273081
0.2865965019
0.5090547386
0.7997821747
0.304158202
0.2867214195
0.2890778333
0.5486574229
0.4454162637
0.3535756642
0.7220369707
0.9922484541
0.3273121744
0.7057543269
0.5470893277
0.3969323659
0.6932347096
0.2864392345
0.8999299299
0.882914317
0.4595431824
0.3327523778
0.3802564996
0.29565122
0.5274983215
0.2866899736
0.4272447181
0.6015811487
0.2918988058
0.6159022032
0.5587665155
0.6826064994
0.4285870584
0.8381159301
0.9656170103
0.5372637934
0.8216656904
0.363771916
0.2994697574
0.2865073876
0.7703153273
0.5294904788
0.3805860778
0.3110531577
0.4384936903
0.7635619146
0.81942641
0.9962304089
0.8889691683
0.3115083694
0.3769862028
0.2891084866
0.9426362391
0.3633159861
0.7177176431
0.872684795
0.3709024466
0.2863920481
0.3229448218
0.3830725294
0.8438142262
0.5312636496
0.2885011175
0.3200553669
0.4259066906
0.2865718654
0.6492178985
0.2993365601
0.2907051466
0.8397267272
0.2936805858
0.3217542896
0.3755298187
0.2865414619
0.3768239122
0.3084912901
0.4072846246
0.4692239858
0.3680812675
0.3245976605
0.56598162
0.6905845844
0.3248205896
0.4299336746
0.2863909995
0.2865204933
0.2870000101
0.2868758356
0.3747248449
0.7342494125
0.5410533954
0.8009467605
0.3583758482
0.6734734836
0.6322488298
0.5297120047
0.2866410552
0.9796242509
