0.6954301872
0.3501175648
0.4580809068
0.3837046002
0.296526953
0.4904542777
0.787047763
0.9443375595
0.8003694973
0.2897222969
0.6046358619
0.3932383504
0.7537350974
0.7146462557
0.2862447082
0.321337372
0.5212575067
0.2997885269
0.3509615075
0.7297059206
0.3235104398
0.2862584994
0.9458986872
0.318396991
0.8231013285
0.408163797
0.3787417094
0.5170842738
0.5810367283
0.5371916116
0.8702156182
0.7079108311
0.8845626799
0.3334087015
0.9964639458
0.3026481236
0.3575891132
0.3908226928
0.390307813
0.5463390436
0.8282547979
0.2864784262
0.3059323903
0.6777270582
0.3019085597
0.3874087635
0.7504027193
0.5808101987
0.4047247437
0.768148001
0.2977543255
0.8656080638
0.3136368724
0.9230073938
0.9706341959
0.6481420268
0.3398491848
0.6198492532
0.4617609123
0.4404317591
0.9578489456
0.3074273549
0.8811217627
0.2864140254
0.3303875323
0.6890362978
0.324843132
0.630054398
0.3274574165
0.9323567392
0.4851346566
0.5230188513
0.5944175684
0.3018355052
0.7382110505
0.7044196787
0.4662889076
0.4629925664
0.3916829975
0.7754500554
0.3694446922
0.2872790651
0.4958075325
0.549025081
0.6618628621
0.3018355052
0.8997957048
0.4162632922
0.6683579177
0.3974282192
0.2862584994
0.4070739028
0.6732714058
0.2891135978
0.3835375191
0.2947027826
0.3125965282
0.9031326985
0.6560236734
0.484710591
0.4689797214
0.3139238916
0.4574697847
0.3302685716
0.4840749186
0.5826227303
0.2897933764
0.9351507856
0.3578835093
0.5449974431
0.3155768494
0.5452209761
0.3022024186
0.3151838715
0.2865867959
0.8524232247
0.5068253549
0.2863745795
0.5544078709
0.33158514
0.7118264286
0.2959964968
0.5205976338
0.3942800823
0.301400627
0.6620871542
0.5833025979
0.6879310989
0.3201679762
0.3726053641
0.3911664894
0.3628147032
0.5753769665
0.300408952
0.6614142109
0.4710570628
0.8798598175
0.4262600634
1
0.2870499464
0.5953255889
0.8558522923
0.3666415944
0.3069232397
0.3916829975
0.2876464911
0.3414177974
0.2863468266
0.2862881756
0.395675025
0.38270381
0.3758138427
0.2876234884
0.8255013179
0.4320295089
0.3572952318
0.2870863936
0.3039429086
0.6732714058
0.7750464242
0.3389434421
0.930753907
0.64159551
0.6752778062
0.4132965121
0.2863040607
0.3955002858
0.7714028927
0.3059323903
0.3619078629
0.2922450295
0.2869111173
0.6881522029
0.2973790908
0.2913168092
0.2904253337
0.5452209761
0.5057397053
0.6463374347
0.2886194735
0.6406915352
0.3398491848
0.9831573364
0.3617571633
0.3064249143
0.8510424008
0.2887388576
0.788828354
0.2862132845
0.2863468266
0.2861249422
0.3361416984
0.7968730289
0.8269719488
0.9753088091
0.2861216248
0.4750215194
0.8726561519
0.3295578709
0.7806749832
0.2886194735
0.3474768246
0.4224577141
0.4777469417
0.8422948495
0.3282686027
0.3906509574
0.2861520046
0.2870319837
0.6777270582
0.5728891985
0.3282686027
0.6175795576
0.8424717633
0.3000626182
0.2942208401
0.5316388395
0.8675909652
0.6424992525
0.4439936002
0.2961132008
0.3832036959
0.2864243229
0.2861153392
0.3376614541
0.9326018195
0.9217022781
0.5796777151
0.8139433234
0.2861520046
0.3027980015
0.4992504796
0.5336355173
0.6121304912
0.5512662273
0.4515957043
0.4245445864
0.315478372
0.2994496371
0.5436568182
0.2927612673
0.9738180028
0.7460084146
0.4677364283
0.3505389375
0.2863040607
0.3889396018
0.8720072507
0.7142128864
0.7636481146
0.4615558768
0.3166703298
0.7514455583
0.2861451955
0.3416811787
0.3173759191
