0.2862872726
0.3006571116
0.5594435349
0.364719939
0.5763579288
0.3101582966
0.8487683455
0.9612763227
0.288974742
0.2919856232
0.5619182581
0.2939661558
0.5172011397
0.3155430809
0.3504538615
0.8778325399
0.5806557673
0.7445997585
0.3306385947
0.9715154876
0.3671873911
0.9322374184
0.9427887263
0.3676535395
0.8494612946
0.3018129411
0.3460174573
0.4627139745
0.3018865748
0.5960641311
0.5430886208
0.7537774124
0.3030869508
0.9850101691
0.8683254847
0.3371812597
0.9177030976
0.3625869325
0.2858321806
0.8075967876
0.4799803956
0.6171608563
0.3024065929
0.3376912689
0.8854948088
0.8043475614
0.4643588127
0.5553993036
0.7985649665
0.5486750418
0.6745720465
0.295284391
0.568002046
0.4618931832
0.2914886597
0.6479151354
0.2992715882
0.8593614185
0.4195665588
0.5176395346
0.3135957972
0.7601807205
0.6510667192
0.374133333
0.6037770524
0.3037805086
0.7832491239
0.4186285073
0.2888437506
0.3050459778
0.3205746158
0.8800435998
0.3083035151
0.2898558419
0.4963627583
0.2945582944
0.286313245
0.8292134545
0.3246155378
0.6176143527
0.3196229349
0.2910974081
0.6481403634
0.4417472934
0.2939133382
0.4223944129
0.5286490499
0.7746396017
0.6865493046
0.779058785
0.2863264923
0.3445243406
0.3875126219
0.3949124819
0.7001862939
0.9918665384
0.473898242
0.3471136627
0.2866619577
0.3733323402
0.5702584133
0.3138839214
0.4382021026
0.2860213986
0.3038583838
0.3622842152
0.5213722486
0.6584807138
0.2882013304
0.6490411013
0.8031959828
0.2860213986
0.8033880853
0.3216464383
0.3566287489
0.411208206
0.3538705009
0.5132629089
0.6368595727
0.3280418669
0.4317714242
0.6101296031
0.6506167089
0.6476898902
0.3863270757
0.3145616652
0.7223075059
0.306352836
0.4223944129
0.2914005197
0.3828031944
0.4441250691
0.3513009023
0.2872327016
0.2867863482
0.3103385926
0.5488988356
0.3017394712
0.3994823186
0.9777308053
0.3863270757
0.4724378546
0.4511237236
0.3609282067
0.4337105371
0.2871886523
0.846856049
0.7500353026
0.2866966288
0.5531555471
0.4736894282
0.3446593982
0.3811426214
0.2957453462
0.7784579212
0.5049943713
0.3091780017
0.664529597
0.9194253921
0.2870815657
0.7372280494
0.4890891325
0.8902308197
0.7612084977
0.297569412
0.4088295079
0.3804815797
0.7677524388
0.778858559
0.9265280524
0.9020448954
0.3601792833
0.2948341949
0.5833722097
0.5067297769
0.3938680045
0.2906380119
0.3141734488
0.2859593192
0.4057438813
0.7162774239
0.3259700869
0.7878065391
0.2860658625
0.6850016421
0.5067297769
0.3222967796
0.3250646763
0.3853152191
0.7233807136
0.2865460859
0.3222967796
0.3535828909
0.290761249
0.3673426516
0.3094434504
0.6643058607
0.4782975002
0.6490411013
0.2868997458
0.4088295079
0.2858346224
0.6250935331
0.2858163086
0.4918630604
0.8617091702
0.6865493046
0.2868422652
0.3952614892
0.3859893453
0.8720676946
0.2895262624
0.4573985829
0.4529382555
0.6269054533
0.9466675196
0.7614138837
0.2858259016
0.7710020402
0.4957185575
0.2859455425
0.5180780891
0.9714342631
0.3838049708
0.6028695379
0.2858921773
0.4237210369
0.2892795505
0.6685527354
0.5341870399
0.4871740717
0.5428655132
0.6636345111
0.3037027959
0.2858529358
0.4319649555
1
0.6971185898
0.5540527793
0.2861568749
0.2858299132
0.9446885466
0.2860130286
0.9185000561
0.2864685381
0.4064673406
0.2860130286
0.3770412951
0.8874914914
0.9612763227
0.3622842152
0.7231661607
0.3240574678
0.3534392821
0.9447993705
0.2859968115
