0.2858173352
0.3691049036
0.9577383956
0.965455777
0.3906408353
0.4331924845
0.3172537233
0.2980567791
0.3483918504
0.6060914865
0.7454248519
0.4479789196
0.2907573047
0.8154804178
0.3037675349
0.3965431425
0.3065942977
0.8401012447
0.2870380341
0.5050600863
0.4662814398
0.2872369766
0.3732207197
0.2858016438
0.2974172383
0.3908126651
0.8042987043
0.7869786502
0.4927849646
0.6823624527
0.3230757026
0.3885873541
0.2867190633
0.9501348625
0.3493672004
0.7883598896
0.6962520826
0.5362475349
0.7541738441
0.2938782645
0.801994582
0.9928386731
0.5207767737
0.720587656
0.9418294061
0.2960689459
0.3163449852
0.8762992172
0.9071754902
0.2858173352
0.5168274327
0.4134795432
0.8612844333
0.3984788541
0.4994411497
0.4160759588
1
0.6153894216
0.4088896125
0.2859993329
0.4947123796
0.5986069881
0.4748012393
0.2866285019
0.2872141783
0.3954926379
0.3635416574
0.9001865391
0.344151708
0.3017227037
0.7164949719
0.3680107249
0.3280602502
0.3417497381
0.559950757
0.7093507091
0.2942526052
0.3074381701
0.5282699768
0.2858345954
0.508098677
0.7078296015
0.2988461584
0.5231964055
0.4942837037
0.4249249545
0.67437036
0.8764583837
0.5626504606
0.5631006761
0.5884063949
0.5028951706
0.5170465046
0.3901259961
0.4380710869
0.6555911673
0.6362173203
0.2867565038
0.4372870546
0.7443771347
0.5384708279
0.2858668484
0.9388510876
0.3958423853
0.3248550128
0.6181096982
0.3286447628
0.6714754258
0.3544857923
0.3382307895
0.7121704335
0.8923740659
0.2869541254
0.8700234503
0.5915787786
0.5581525288
0.2998664166
0.3617228983
0.5402516122
0.2892626685
0.5054936253
0.6540190853
0.6712525525
0.7983262079
0.9483292045
0.3251928814
0.2947460441
0.5635509652
0.8811922611
0.4584839124
0.9882220047
0.2929039576
0.5307030275
0.3378460771
0.3078661099
0.3322283274
0.4461811283
0.9249822822
0.4262598977
0.359922235
0.2860190294
0.7609809082
0.2929537127
0.3340688526
0.3009956013
0.5260617476
0.3424124865
0.2862145724
0.3044755043
0.3467351015
0.6244537117
0.5979266765
0.4708397298
0.5061442771
0.2923201333
0.2869541254
0.2871027874
0.7089163046
0.2867946391
0.3759553143
0.8502439918
0.285763983
0.2895479794
0.4056225702
0.7006331935
0.9825462054
0.5809346638
0.2862408851
0.3650709978
0.9613632157
0.3873967616
0.3185883014
0.5373588025
0.2858738218
0.3889285105
0.2963682733
0.2861162842
0.7826171762
0.2857920544
0.8507612277
0.4329984204
0.2894756203
0.3404346043
0.7130366636
0.4147754403
0.7879655726
0.9653671987
0.3089974237
0.8574179559
0.3618737726
0.6264916262
0.2857674702
0.597699912
0.316144738
0.9342541304
0.4679353661
0.310155606
0.8018021242
0.888446898
0.4955703454
0.5384708279
0.7928758033
0.8064020525
0.5159515486
0.2858600492
0.2857789778
0.3951433122
0.2859710947
0.7913089791
0.285730854
0.6199227943
0.9528379039
0.2890899387
0.3310192996
0.2948017129
0.4729219215
0.2859531402
0.4279825707
0.3126463567
0.6176563684
0.292037396
0.4758474622
0.2871915533
0.4853303952
0.4201929822
0.3048744912
0.2857313771
0.3408276902
0.2858229143
0.6925170401
0.718650947
0.661421402
0.6585080911
0.3644577729
0.3485307851
0.4125567518
0.3553553968
0.6490721213
0.4235943509
0.7987135085
0.2870594451
0.4546227521
0.7126036303
0.7849999861
0.3124579267
0.2857491623
0.336067506
0.3230757026
0.8597767495
0.8901159288
0.4022090342
0.3194224218
0.3403038533
0.8799377009
0.3042380552
0.4349428257
