0.3590953105
0.6931055267
0.5221611844
0.6526521673
0.5287899365
0.9867103185
0.3409599092
0.5533453602
0.5381229134
0.3313186847
0.7245320734
0.2986524295
0.355433252
0.7258231047
0.3867248264
0.5486310849
0.30192315
0.5160055588
0.468339974
0.2910457087
0.2892092719
0.8075454208
0.2957101745
0.9364099746
0.7454081744
0.6695166159
0.4644130509
0.7260381205
0.5146906505
0.3916723842
0.6780102087
0.7466710089
0.7631199346
0.7844299252
0.3555781765
0.4727078855
0.7316125981
0.5673210408
0.402911185
0.4304573556
0.5734294647
0.3577676545
0.2917372338
0.8571650746
0.3028745012
0.948533124
0.5390147285
0.2932688127
0.6456491865
0.3105718483
0.430650311
0.5920378514
0.3539912055
0.3227579399
0.6981775479
0.5410230811
0.3355960961
0.3003082551
0.584994974
0.2893928139
0.3425379272
0.4679254811
0.5884018662
0.3669676839
0.9235624515
0.3309603084
0.4722906705
0.6708602105
0.3229753236
0.724316746
0.459487878
0.4802603734
0.2962203312
0.2913649504
0.3367244502
0.5472862039
0.9612741316
0.8378625032
0.2980192678
0.9476494683
0.3640518199
0.4588750584
0.2963934178
0.2982705271
0.4327784965
0.4032692813
0.4685473193
0.2871364243
0.2966852628
0.4302644866
0.7911845733
0.3148536725
0.2953228396
0.6551329752
0.3797265283
0.7929600711
0.5206193557
0.6413494131
0.8682689212
0.7517036544
0.7245320734
0.3953123272
0.881701753
0.6161486739
0.3148536725
0.2876213082
0.4209220739
0.6773410717
0.9735632822
0.2867692855
0.3226494748
0.4118001458
0.5201791849
0.2891494764
0.3921894621
0.2926142289
0.4081431578
0.2866727518
0.4443656147
0.2929841806
0.9945800218
0.2999687778
0.3503036442
0.3100380411
0.6002241844
0.2876592126
0.5614507606
0.2895186364
0.2892394295
0.8058154346
0.2914464786
0.3623843234
0.6259236736
0.6981775479
0.6915583125
0.3557232314
0.2880316958
0.8127013359
0.420545349
0.596130269
0.2871500576
0.3372296439
0.2882870751
0.8785201221
0.2910457087
0.3897848257
0.3220018631
0.8707409025
0.3047036256
0.3622334889
0.3475285161
0.2908134982
0.3769515609
0.5852220377
0.6095517926
0.4245191608
0.8857846423
0.8981118735
0.5704869229
0.3355960961
0.8446404003
0.2870458794
0.3394019964
0.312578039
0.3707145419
0.9441626369
0.7418201976
0.3332521229
0.2901190634
0.4119840211
0.3173198345
0.4633836958
0.7556661781
0.4656505179
0.5567191551
0.4068725375
0.8979633597
0.9606897642
0.4190421399
0.7625015527
0.3082149919
0.2895505244
0.292659875
0.9234313683
0.7084831268
0.8387608175
0.3241817184
0.5252504654
0.3007210987
0.3761418349
0.9767664913
0.2892697601
0.4792066815
0.3346028368
0.3807139459
0.624105944
0.6136466619
0.9975714451
0.2878384039
1
0.8723781132
0.497528107
0.8236002706
0.2936086388
0.6302386868
0.2880095229
0.2898452967
0.40905372
0.3491871327
0.488103095
0.290367669
0.3763035445
0.3371031323
0.5968124996
0.8652771105
0.6129642313
0.3357208978
0.2897454838
0.360582674
0.5018452363
0.3272197631
0.2866229064
0.9426708889
0.2871364243
0.2870582906
0.8580190719
0.7897999848
0.7045460168
0.3668131
0.901209171
0.5979496359
0.7268977349
0.3042375201
0.2867278404
0.5094464302
0.838401726
0.4291090949
0.5066164806
0.4218654914
0.4743792788
0.3129510234
0.2866113628
0.9344637253
0.7251777894
0.2878591846
0.4417881883
0.4235693859
0.3818711751
0.6286493139
0.4781544933
0.5303413221
0.4427779155
0.8664438757
0.2870582906
0.3049388783
0.4356971485
