 1.4290e+01,-1.5039e+00
-6.7746e+00,-5.2222e+00
 1.0004e+01,-5.1859e+00
-3.1190e+00, 8.9960e+00
-4.6133e+00,-1.0064e+01
 8.2685e-01, 1.9464e+00
-1.2490e+01, 8.2532e+00
 6.3229e+00, 9.0538e+00
-1.0646e+01,-2.9871e+00
-1.4249e+01,-4.8662e+00
 8.1549e+00,-3.1810e-01
 8.6602e+00,-1.3689e+01
 1.0923e+01, 9.7184e+00
 6.9640e+00, 4.4480e+00
-2.0421e+00, 1.3839e+01
-1.0035e+01, 4.5867e+00
-1.2189e+01,-1.0472e+01
 1.1464e+01,-8.8777e-03
-9.2070e+00,-7.8793e+00
 1.3327e+01,-1.0177e+01
-7.4085e+00, 1.5606e+01
 3.0047e+00,-5.8159e+00
 6.6817e+00,-1.4929e+01
-2.2180e+00,-2.9463e+00
 7.2385e+00,-2.7636e+00
-3.1388e+00,-8.2835e+00
 9.4382e+00, 8.1352e+00
-7.9716e+00, 1.9025e+00
 1.0856e+01,-3.5490e+00
-7.7586e+00, 1.1475e+01
 5.1516e+00,-7.0738e+00
 6.0659e+00,-4.6972e+00
-2.6181e+00,-6.8441e+00
-6.7432e+00,-2.1832e+00
-1.3030e+01, 6.5304e+00
-3.4826e+00,-1.1464e+01
 7.9343e+00, 1.6059e+00
 5.3868e+00,-8.9778e+00
-5.4157e+00, 1.2523e+01
 8.7178e+00, 9.7528e+00
 1.0225e+01, 2.8441e+00
-3.8617e+00,-1.3689e+01
 1.5543e+01,-6.2545e+00
-3.8757e+00,-4.0649e+00
 1.6838e+00,-1.5860e+01
 3.2300e+00, 1.5167e+00
 7.3777e+00,-8.0800e+00
-5.3409e-01,-1.6496e+01
-8.5899e+00, 4.1112e+00
 6.6981e+00, 1.4552e+01
 6.7916e+00, 1.1203e+01
-7.1487e+00, 7.5827e+00
 1.4519e+01, 1.6300e-01
 8.7471e+00, 1.2876e+01
 5.9458e+00, 6.4267e+00
 3.7324e+00, 1.0631e+01
 4.5077e+00,-1.4098e+01
-3.6137e-01, 1.6494e+01
 9.3276e+00, 4.7599e+00
-1.0678e+01,-1.3099e+01
-1.1122e+01, 9.9954e+00
-7.7286e+00,-9.3140e+00
-8.2462e+00, 6.4237e+00
-1.3865e+01, 3.3306e+00
 4.2170e+00, 1.7635e-01
-1.0680e+01,-1.0518e+01
 1.1079e+01, 5.2957e+00
-1.8479e-01, 9.2437e+00
-6.6231e+00,-1.3678e+01
-6.8594e+00, 4.6620e+00
-5.9839e-01,-1.2184e+01
-8.1898e+00, 9.0573e+00
 1.1090e+01,-1.2028e+01
 1.6764e+01,-1.6476e+00
 1.4385e+01,-3.9349e+00
 5.3586e-01, 1.1168e+01
-1.9324e+00, 2.5711e+00
 2.8325e+00, 5.6784e+00
-1.6287e+01,-1.8284e+00
 7.6032e-01, 3.6415e+00
 4.5947e+00, 1.3728e+01
 4.6911e+00,-1.1289e+01
 5.6881e+00, 1.5706e+01
-1.6399e+01, 4.2549e-01
 1.1216e+01,-6.1288e+00
-5.5526e+00,-1.2032e+01
 1.2039e+01,-2.0689e+00
 1.7414e+01, 6.4961e-01
 1.6029e+01, 4.0822e+00
-1.0881e+01,-6.7713e+00
 5.9810e-01, 7.2165e+00
 1.3037e+01, 8.8932e+00
-1.6410e+01, 2.5516e+00
-9.2836e+00, 1.3662e-01
-1.3892e+01,-7.9406e-01
 6.4808e+00, 2.8541e+00
-1.1010e+01, 3.1473e+00
 1.9518e+00, 9.5093e+00
-1.9370e+00,-4.9735e+00
-2.2403e+00, 7.6000e+00
-5.4349e+00, 6.3147e+00
 3.3874e+00,-1.2962e+01
-1.0430e+00, 5.3484e+00
 9.8125e+00,-1.0493e+00
-5.1695e+00,-1.4578e+01
 1.0742e+01, 1.3789e+01
 1.2880e+01, 2.6200e+00
 4.8630e+00, 7.7031e+00
 9.5572e-01,-2.1697e+00
 3.3455e+00,-1.7013e+01
 1.0559e+01, 1.1416e+01
 1.0909e-01, 1.3487e+01
-4.6079e+00, 1.0639e+01
 1.2298e+01, 1.2078e+01
 1.1077e+01, 8.2141e+00
-1.4655e+01,-7.9328e+00
-1.2855e+01,-3.3829e+00
 5.0407e+00,-1.6651e+01
 1.6402e+00,-1.2358e+01
-1.5765e+01,-5.4149e+00
-1.2995e+00,-3.3041e-01
-1.5925e+01,-3.2890e+00
-1.3794e+01, 5.0263e+00
 1.5019e+01, 5.2682e+00
-5.5399e+00,-8.2831e+00
 1.6603e+01,-4.6775e+00
 1.4758e+00,-1.0434e+01
-1.5074e+01, 8.1813e+00
-1.1572e+01, 1.2776e+01
-6.4722e+00, 2.1916e+00
 1.4915e+01, 8.0769e+00
 1.3645e+01, 4.5381e+00
-5.0037e+00, 8.5705e+00
 1.6093e+00,-8.2379e+00
-8.2072e+00,-2.7013e+00
-1.9271e+00,-1.4135e+01
 8.5693e-01, 1.7435e+01
-3.8481e+00, 5.6221e+00
 1.9541e+00, 1.3174e+01
-1.9394e+00,-9.8074e+00
-5.6611e+00,-1.6262e+01
 1.2894e+01,-7.3692e+00
-1.3071e+01, 1.1400e+01
 3.6524e+00,-3.6439e+00
-2.9311e+00, 1.6851e+01
-7.8890e+00,-1.1007e+01
-1.2649e+01,-8.6030e+00
-4.1064e+00, 3.8470e+00
 3.4247e+00,-1.5494e+01
-1.1115e+01,-8.8211e+00
 1.0795e+01,-9.7388e+00
-9.0641e+00, 1.4498e+01
 5.8260e+00,-1.2506e+01
-1.9652e+00, 1.0396e+01
 7.9109e+00,-5.8955e+00
 9.3622e+00,-8.8593e+00
-4.9626e+00,-1.1676e+00
 3.4696e+00, 3.6200e+00
-9.5380e+00,-4.4213e+00
-5.3032e+00, 1.4245e+01
-2.7418e-02,-5.8122e+00
-1.2275e+01,-1.2185e+01
-1.4835e+01, 1.5719e+00
 1.5725e+01, 1.1078e+00
-3.6310e+00, 1.3862e+01
-3.6026e+00, 6.1042e-01
 3.1200e+00, 7.4517e+00
 1.3378e+01, 7.1473e+00
-1.4022e+01,-9.3792e+00
-1.0662e+01, 8.1148e+00
-9.3120e+00, 1.2698e+01
-1.2305e+01,-7.3122e-01
-4.5360e+00,-5.9529e+00
 5.0965e+00, 1.1409e+01
-1.0820e+01,-3.7612e-03
 7.7149e+00,-1.0709e+01
-4.5584e+00, 1.9221e+00
-2.7656e+00,-1.1320e+00
-1.2517e+01, 4.2074e+00
-7.5177e+00,-3.3209e-01
-1.5512e+01, 3.8118e+00
-1.6133e+01, 5.7137e+00
-2.6020e+00,-1.6348e+01
 1.7220e+00,-3.6440e+00
-2.0457e-01,-8.2201e+00
 6.0037e+00,-1.0686e+00
 9.4870e+00,-1.1850e+01
 7.8930e+00, 8.3204e+00
-4.5638e+00, 1.5824e+01
-1.2449e+01,-6.2109e+00
-7.4357e-01,-2.0986e+00
 4.0472e+00, 1.6800e+01
-1.0610e+01, 5.9738e+00
 1.4704e+01, 3.3295e+00
 4.3026e-01,-1.3689e+01
 8.9981e+00,-3.5927e+00
 3.6334e+00,-9.0307e+00
-7.5587e-01, 1.0797e+00
 1.7128e+01, 2.4548e+00
 8.5589e-01,-3.8583e-02
 5.0584e+00, 2.2313e+00
-1.1695e+01, 1.5217e+00
-5.5104e+00,-3.1151e+00
-7.9830e+00,-1.4447e+01
 7.8388e+00, 5.8785e+00
 1.3474e+01, 1.0979e+01
-1.4102e+01, 9.7282e+00
 1.2659e+01,-3.9539e+00
-7.3631e-01, 1.4831e+01
-1.7923e+00, 1.1999e+01
 1.5677e+01, 6.6846e+00
-9.2164e+00, 1.0754e+01
 1.3823e+01,-5.5085e+00
-8.4281e+00,-5.5268e+00
-5.5997e+00, 2.2605e-01
 9.9376e+00, 4.7971e-01
 3.4369e+00, 1.4813e+01
 8.6285e+00, 1.4885e+01
 1.1509e+01,-8.3755e+00
 2.9606e+00,-1.1107e+01
-6.9296e+00, 1.3798e+01
 1.0826e+01,-1.3732e+01
 3.3694e+00,-1.2380e+00
 1.2744e+01,-1.1666e+01
 1.4635e+01,-9.2792e+00
 5.7123e+00, 8.6632e-01
 5.1502e+00, 5.0348e+00
 7.9427e+00, 3.2251e+00
 6.6459e+00, 1.2775e+01
-2.5570e+00, 4.2627e+00
-7.1683e+00,-7.0099e+00
 3.0483e+00,-7.3287e+00
 2.5645e+00, 1.6102e+01
-9.8301e+00,-1.4348e+01
 1.1493e+01, 1.5795e+00
 5.2372e+00,-3.0085e+00
-1.1977e+01,-4.7189e+00
-3.2084e+00, 1.1379e+01
-2.4268e+00,-1.2646e+01
 9.7497e+00,-7.0468e+00
 1.5437e+01,-2.8415e+00
-4.1659e+00,-1.6984e+01
-3.0009e-01,-3.6920e+00
-3.9604e+00, 7.3489e+00
-6.1048e+00, 1.6368e+01
 1.2131e+01, 4.0298e+00
 1.3038e+01,-4.1006e-01
 8.2868e+00, 1.1347e+01
-9.4876e+00, 2.2252e+00
 1.0229e+01, 6.6538e+00
-6.1344e+00, 9.6283e+00
 3.4181e+00, 1.2444e+01
 8.9164e-01, 5.7119e+00
-1.7416e+01,-7.5228e-01
-9.0116e+00,-1.3088e+01
 6.1947e+00,-1.1024e+01
