-1.0364e+01, 5.8188e+00
 5.8499e+00, 4.4314e+00
-1.6070e+00, 1.1320e+01
-3.5020e+00, 1.1204e+01
 2.4178e+00, 1.4826e+00
-1.3786e+00, 6.0762e-01
-7.7761e+00,-2.2652e+00
 9.0217e+00, 7.3032e+00
-8.4168e-02,-1.4609e+01
-1.4125e+01, 9.8349e+00
-9.0864e+00,-1.0495e+01
 7.8027e+00,-5.3639e+00
 9.0242e+00, 1.4124e+01
 1.3925e+01,-4.5657e+00
-1.5866e+01,-4.8289e-01
 4.0320e+00, 6.6456e+00
 7.5151e+00,-8.8826e+00
-1.5364e+01, 6.9904e+00
-6.6822e+00, 6.5755e+00
 3.8548e+00, 3.2471e+00
 9.4666e+00,-4.4900e+00
-3.9652e+00,-3.5465e+00
-1.7063e+00,-1.2842e+01
-2.3223e+00,-5.5605e+00
-4.6326e+00, 1.5308e+01
-9.8368e+00, 1.2578e+01
 5.8023e+00, 9.6208e+00
-2.7360e+00, 6.6739e+00
-6.4384e+00, 1.0331e+01
-1.4113e+01, 5.0403e-01
 1.2438e+00, 9.4166e+00
-5.4835e+00,-6.8007e+00
 9.9315e+00, 3.9644e+00
 6.8222e+00, 7.2171e-01
-8.3570e+00,-8.5364e-01
 2.8797e+00,-6.4722e+00
-7.2119e+00,-6.2433e+00
-1.0430e+00, 5.3938e+00
 4.0471e+00, 1.4018e+01
 9.3582e+00,-6.3111e+00
 1.3784e+01,-8.8433e-01
 1.2089e+01, 1.8843e+00
-5.4478e+00,-1.7857e+00
 4.9267e+00,-7.0329e+00
 1.0892e+01, 5.7431e+00
-6.2838e+00,-1.6150e+01
-8.5547e+00, 1.5684e+00
 5.0181e+00,-1.0551e+01
-1.3742e+01,-3.3786e+00
 5.6505e+00, 1.2785e+01
 1.2483e+01, 4.3995e+00
-1.2650e+01, 1.1054e+01
 7.7242e-01,-2.9926e+00
-2.2325e+00,-1.2542e+00
-9.1153e+00,-6.0312e+00
 1.9878e+00,-1.5479e+01
 3.8233e+00,-1.0478e+00
-6.0265e+00, 3.0295e+00
-6.1273e+00,-1.1494e+01
-1.1714e+01,-8.5238e+00
-3.7215e+00,-1.8449e+00
 3.4251e+00,-8.7888e+00
-2.6349e+00,-9.1825e+00
 9.1217e-01, 8.8000e-01
 3.5629e+00,-2.7141e+00
-1.0654e+01, 6.1489e-01
-1.6541e+01, 3.5944e+00
 1.3083e+01, 8.7881e+00
 9.8662e+00,-9.3432e+00
-1.5454e+01, 5.0349e+00
-8.4550e+00,-3.9424e+00
 5.4412e+00,-4.3114e+00
-1.1477e+01,-6.9247e+00
 1.1297e+01,-1.0561e+01
-1.2395e+01, 3.1095e+00
 6.8381e+00,-1.2142e+01
 5.3427e+00,-1.5904e+01
-1.2978e+01, 6.3044e+00
 1.2358e+01, 1.0196e+01
 9.0157e+00, 1.2237e+01
 6.6949e+00,-3.0258e+00
 1.1915e+00, 5.1462e+00
 1.6289e+01, 9.3178e-01
 7.2466e+00,-7.2326e+00
 3.6365e+00, 9.4717e+00
 1.0431e+01,-1.0951e+00
 5.2306e+00,-8.8254e+00
 2.3271e+00, 1.7312e+01
-1.6004e+00, 1.7145e+01
-1.5712e+01,-4.6836e+00
 2.3713e+00,-1.0037e+01
 1.9772e+00, 1.5491e+01
-4.2468e+00,-1.0735e+01
-6.5255e+00, 1.5186e+01
 8.2298e+00,-2.5073e+00
-4.3344e-01,-4.8033e+00
 1.5119e+01, 6.9810e+00
 9.7216e+00, 1.0468e+01
 1.1895e+01,-1.2281e-01
 9.2955e-01, 1.2868e+01
-6.9177e+00, 4.6247e+00
-8.4254e+00, 4.3828e+00
-4.3979e+00, 4.1532e+00
-2.1040e-01,-1.1133e+00
-5.1282e-01,-8.8984e+00
 1.2794e+01,-3.2072e+00
-1.7586e+00,-1.6784e+01
 8.6136e+00, 8.9531e+00
-1.1806e+01,-5.4317e-01
-1.2083e+01,-4.9603e+00
-3.5109e-01, 1.4187e+01
-5.7401e+00,-1.4018e+01
-7.2152e+00, 8.8935e+00
-1.1857e+01, 8.0830e+00
-1.3430e+01,-9.2576e+00
 5.2700e+00,-1.2881e+01
-7.7274e-01,-2.5143e+00
 1.6428e+00,-4.6443e+00
 6.1791e+00, 6.5738e+00
-5.0786e+00, 9.2619e+00
-1.4184e+01, 2.8386e+00
-5.6459e+00,-5.1448e+00
 1.5783e+01, 4.7464e+00
 8.3135e+00, 5.7545e+00
 4.2492e+00, 1.5768e+01
-8.9083e+00, 8.1956e+00
-2.4260e-01,-1.7459e+01
-5.4470e+00, 1.2956e+01
-1.5846e+00, 2.1530e+00
 1.5213e+01, 2.5477e+00
 1.2017e+01,-7.2226e+00
-1.0344e+01,-1.3829e+00
 7.3228e+00, 1.4552e+01
-9.4494e-01, 8.4251e+00
 7.5016e+00, 1.0174e+01
-3.3590e+00, 1.6317e-01
 1.2388e+01,-5.5659e+00
 2.4142e+00, 1.0785e+01
-4.5134e+00,-1.2549e+01
-1.4704e+01,-1.8988e+00
 1.3492e+01, 2.7801e+00
 6.8367e+00,-1.0134e+00
 3.2145e+00,-1.4467e+01
 8.7067e+00,-1.0154e+00
-6.8054e+00, 1.1266e+00
 1.3267e+00, 3.3457e+00
-2.9341e-01, 3.6246e+00
 8.5562e+00,-1.0315e+01
 1.5583e+01,-6.5211e+00
-1.0042e+01,-7.4444e+00
-1.5729e+01, 1.3811e+00
-1.0787e+01, 2.1189e+00
 3.0490e+00, 4.6702e+00
-8.6332e+00, 1.1090e+01
 1.3405e+01, 6.4334e+00
-1.6906e-01,-6.3089e+00
 1.2363e+01,-9.1195e+00
-6.8644e+00,-9.9109e+00
-7.4497e+00,-1.2723e+01
-9.2303e+00,-1.4204e+01
 1.2019e+01,-1.2631e+01
-2.7292e+00, 1.5795e+01
-1.0684e+01, 1.1119e+01
 6.0305e+00,-5.8905e+00
-6.7414e+00,-7.8806e+00
-1.6110e+01,-2.9776e+00
 6.6911e+00, 2.7448e+00
-2.9745e+00,-1.1772e+01
 9.3307e+00,-1.3812e+01
-2.5026e+00, 9.3272e+00
 1.7018e+01,-2.3948e+00
-1.1165e+01,-1.2935e+01
-1.2355e+01,-2.1474e+00
 1.0883e+01,-5.7212e+00
 4.9361e+00, 1.1464e+01
 1.2452e+01, 1.2066e+01
 1.3821e+01,-7.6601e+00
 1.0507e+01,-1.2794e+01
 3.4784e+00, 1.1865e+01
 7.4622e+00, 1.1961e+01
 1.0329e+01,-7.7365e+00
 2.1879e+00,-1.2298e+01
-4.2783e+00,-1.4579e+01
 1.7301e+00,-7.9568e+00
-1.2014e+01,-1.0124e+01
 1.0825e+01, 8.1444e+00
-2.8909e+00,-7.2486e+00
-8.4815e+00, 6.3681e+00
 5.0588e+00, 8.0675e+00
-6.2622e+00,-3.1633e+00
 1.2698e+01,-1.1133e+01
-9.9369e+00, 9.7976e+00
-7.9684e+00,-1.5544e+01
-2.6406e-01, 6.9059e+00
-4.0070e+00,-5.8082e+00
-2.3461e+00, 1.3780e+01
-6.8048e+00, 1.1948e+01
 9.6523e+00, 1.9365e+00
-4.5876e+00, 1.7849e+00
 9.1134e-01,-1.3099e+01
 8.4236e+00, 8.6284e-01
 1.5052e+01,-8.6831e+00
-3.3901e+00, 2.8576e+00
-1.4809e+01,-8.4299e+00
 1.6270e+01,-4.7974e+00
 1.5343e+01,-2.9087e+00
-1.4484e+01,-5.9871e+00
 7.0954e+00, 8.2107e+00
-1.0600e+01,-5.5542e+00
 8.4478e+00,-1.2480e+01
-9.1509e+00,-8.7713e+00
-7.8155e-01,-1.0433e+01
 1.7043e+01, 3.9052e+00
-1.2203e+01, 4.9764e+00
 2.5956e+00, 1.3574e+01
-1.4058e+01, 4.4197e+00
 1.4338e+01, 8.9291e-01
 6.2653e+00,-1.4551e+01
 1.0669e+01, 1.2315e+01
-3.3808e+00,-1.5936e+01
 1.2318e+01,-1.6204e+00
-1.7210e+01,-1.2001e+00
 6.6951e-01, 1.7429e+01
-3.9288e+00, 1.3153e+01
 3.4229e+00,-1.1354e+01
 1.8315e+00,-1.7183e+01
-1.1740e+01, 1.2958e+01
 1.1031e+01,-3.2825e+00
-9.0407e+00,-1.2171e+01
 1.4139e+00,-1.2151e+00
 4.6564e+00, 3.4931e-01
-7.2545e+00, 1.3871e+01
-1.9844e+00, 3.8057e+00
-9.6062e+00, 3.2397e+00
 3.6711e+00,-4.6613e+00
-4.7693e+00,-8.1599e+00
 9.2258e-02, 1.0585e+01
 7.8979e+00,-1.4540e+01
-1.7384e+01, 1.7477e+00
 1.1360e+01, 3.2931e+00
-1.9078e+00,-3.7593e+00
-1.1518e+01, 9.7283e+00
-1.2632e+01, 8.9986e-01
 3.8890e+00,-1.6747e+01
-1.8522e+00,-1.5025e+01
-9.3723e+00, 1.4059e+01
-1.0548e+01,-3.7483e+00
-1.5950e+01,-6.4994e+00
-5.5514e+00, 7.5702e+00
 1.5593e+01,-1.3622e+00
-1.0690e+01,-1.1368e+01
 1.7706e+00, 7.9871e+00
-1.3288e+01,-9.7182e-01
-1.3474e+01,-7.5112e+00
 5.8652e+00, 1.5778e+01
 8.6626e+00,-7.7664e+00
