0.6211980147
0.4697281723
0.9367751739
0.4871790608
0.2948579014
0.6571647244
0.7391590704
0.3410038799
0.9561255402
0.2902167945
0.2907484371
0.3994755116
0.4998209522
0.9968115711
0.2975283764
0.2866707881
0.3744695426
0.4509093086
0.2870819737
0.7201292575
0.9164939977
0.2863668432
0.7410625089
0.2863186204
0.9441066904
0.3182126435
0.4221902072
0.479348614
0.3082416373
0.2878740529
0.9756909698
0.7463284695
0.3998297457
0.2901072579
0.3022697674
0.2866707881
0.2889440028
0.4996051907
0.9377286467
0.5925685877
0.495085775
0.327344386
0.4044722028
0.4782965975
0.368611601
0.6148377155
0.2946425374
0.7168870519
0.8939092252
0.408635916
0.3749516946
0.2880412639
0.5357929562
0.8393358858
0.3149197349
0.4128517418
0.3021230619
0.3050223548
0.7097213457
0.7822303528
0.8643933239
0.8535456855
0.846945018
0.5642590098
0.2888541416
0.4042923736
0.9168997596
0.3989449394
0.2876284895
0.3047060791
0.8576535776
0.7108098883
0.4028573855
0.6708457704
0.9253462702
0.4413369496
0.615064929
0.6089292017
0.2908667429
0.4048321638
0.4880302625
0.2876284895
0.3158997654
0.3352533211
0.3194516996
0.3421880619
0.8790574594
0.4186141339
0.3708087091
0.287693376
0.7538545254
0.3082416373
0.4920854279
0.3843119558
0.3118886927
0.314051033
0.3063954619
0.4466994638
0.487391778
0.2968574412
0.6246034643
1
0.8911881122
0.3537731097
0.3445900173
0.5925685877
0.402499655
0.4882432014
0.434667483
0.644989726
0.9934727428
0.5785034441
0.5146026377
0.3330336887
0.6492794466
0.2899636198
0.3245156255
0.7252965515
0.4772460888
0.2864108701
0.2882169799
0.5322384404
0.6032472377
0.7699169824
0.6815453013
0.5247139791
0.7095035185
0.2935064796
0.5026302954
0.678431224
0.5091438682
0.8395145045
0.3337683951
0.7480068153
0.3462160078
0.3321830962
0.6979041637
0.3841445302
0.4016071164
0.2954640907
0.6515347161
0.8086342254
0.9419384491
0.3791746818
0.2864915797
0.3460797588
0.4925134175
0.4837832377
0.4910163867
0.8542336356
0.4242755911
0.30689124
0.3503663188
0.3124447612
0.2879685603
0.3475859624
0.3785198526
0.3571089174
0.4135901539
0.5496393183
0.2872720412
0.2869719962
0.8739241326
0.8742475945
0.3244044136
0.7606920287
0.3725516381
0.2863895558
0.3482760117
0.5548017705
0.4152571676
0.5665158069
0.3819783025
0.7856210135
0.2902167945
0.9361759503
0.8048000107
0.5968844931
0.2867904121
0.9738698921
0.5545770568
0.8391571885
0.546055813
0.8833183216
0.2943245674
0.5056647806
0.2914392559
0.3114296424
0.3481377322
0.4028573855
0.3180082835
0.438579241
0.9836594669
0.6089292017
0.610520096
0.3596185075
0.6835441691
0.4399561142
0.3361290365
0.2872903648
0.6681613302
0.9398501161
0.3016147683
0.826640268
0.2863668432
0.3077304194
0.8698515353
0.7561403404
0.5143837728
0.3448596499
0.3059867522
0.4163727771
0.6268728405
0.6314089618
0.6899680168
0.2893190093
0.9770756428
0.6663697301
0.805376916
0.3167950678
0.7467483669
0.7830297941
0.5530047061
0.4417321966
0.6261921123
0.8080608726
0.2866073886
0.2865686129
0.3510697715
0.2881155296
0.3890452837
0.3193476021
0.3533431007
0.3471735535
0.7511446932
0.4842069204
0.8154647763
0.3895575772
0.7565552345
0.2904405145
0.7737764587
0.2873463801
0.865392642
0.2878740529
0.5834902335
0.5043631574
0.9147256054
0.9481126441
0.2943245674
0.4017854194
0.3158997654
0.2870496803
0.6211980147
0.4910163867
0.3978866092
0.3020499554
