0.3205907993
0.8209595126
0.9686524032
0.798498681
0.3500928224
0.5089502193
0.372409941
0.565849007
0.4918982671
0.5295981309
0.5253971663
0.6458734271
1
0.616647872
0.47287948
0.3215506274
0.2915839574
0.2875405391
0.4123262272
0.3808400931
0.7237317353
0.3951069968
0.2893065712
0.3022283725
0.9242198826
0.354646116
0.5402649211
0.5703653406
0.545177224
0.2888341052
0.4126947169
0.9321727691
0.7493966887
0.4012762357
0.4568065907
0.2865399322
0.349812748
0.3481435477
0.9436344592
0.3833301051
0.6870516671
0.3109469372
0.4180805673
0.289817869
0.6098335284
0.587350445
0.7124956529
0.3325417541
0.4059407391
0.7241615651
0.6332079892
0.4511403312
0.492112154
0.2862334747
0.3224141087
0.9035746262
0.3076981462
0.4252558479
0.8490674287
0.3290781594
0.3670721376
0.5015741671
0.2878830855
0.3826635976
0.3712995417
0.312981587
0.7979150341
0.6298088905
0.3096035708
0.372409941
0.2871810962
0.3053854421
0.3306156645
0.9522534342
0.9319263996
0.8705026805
0.2946377754
0.8569870025
0.8618897303
0.7575103763
0.3944101454
0.4505366598
0.7626675462
0.6901474622
0.5855358054
0.5089502193
0.3149946446
0.4156563957
0.7493966887
0.8224461225
0.3719333352
0.3279123182
0.7728744308
0.3447284852
0.3210158718
0.6243659013
0.2952400204
0.4578243961
0.3762613684
0.5948407247
0.4925400869
0.2874144652
0.7333589595
0.3993235743
0.3873669628
0.3855087303
0.3068576785
0.3214433731
0.7886932025
0.2966247698
0.9786403553
0.5492061905
0.2872370902
0.8848544749
0.5776040842
0.2879073108
0.4499336629
0.5667517368
0.4989839592
0.310856269
0.8962595302
0.481062961
0.6506107738
0.515282457
0.6320752189
0.3644563165
0.9682174271
0.2938495041
0.2867614498
0.2978525472
0.343787528
0.2864690473
0.287628064
0.3919846465
0.374327116
0.4850825593
0.7601964731
0.9154674624
0.5258387648
0.5930242844
0.3032755672
0.3008586264
0.8144005262
0.9640888836
0.5267223969
0.3918122038
0.4660296069
0.673493501
0.545177224
0.8903929285
0.8395520679
0.4035999281
0.8058385418
0.3684714025
0.3296665837
0.3111287485
0.4781146812
0.9697706512
0.3109469372
0.6821744271
0.882355455
0.7930279224
0.4260187123
0.2965056766
0.3709833671
0.4451343267
0.6770600824
0.2878590337
0.2894726928
0.4433460624
0.5342557628
0.4175197398
0.3074443188
0.8172224261
0.8756871993
0.313454628
0.2871446369
0.6815082119
0.3151899544
0.6368309321
0.2862334747
0.2864983798
0.3106754078
0.3265327698
0.8972976699
0.6211887371
0.7801311229
0.2991470877
0.5420496245
0.3380281958
0.2869891861
0.9906629088
0.7337846515
0.6071072587
0.287628064
0.579415872
0.8673824277
0.807753533
0.9404245445
0.28880399
0.9821539537
0.4119581225
0.7395126212
0.5604387686
0.4697571566
0.3569730939
0.4229758191
0.345404702
0.3156809502
0.679285585
0.8172224261
0.3574130945
0.5207693658
0.2922955104
0.2954078125
0.2909972688
0.2892089691
0.2914980901
0.8481961959
0.6870516671
0.2870394362
0.6683546862
0.2972302924
0.2886852583
0.6775054091
0.7460446093
0.3087278805
0.2869405032
0.3458120689
0.2865842757
0.624139007
0.2954640803
0.5810017934
0.2866074939
0.2862097214
0.454168704
0.2866193646
0.2919342671
0.2895064347
0.6602854676
0.5007099828
0.8217034083
0.2891129209
0.6483558325
0.5850822319
0.317582062
0.4378237885
0.4210857105
0.4835992346
0.3153858865
0.4055795093
0.3439215391
0.5402649211
0.3172781786
0.3178873316
0.3036573309
