0.8190573394
0.7514023063
0.3098145229
0.8809746229
0.7231529307
0.4275884598
0.5508673957
0.3164290548
0.5452473153
0.9999576523
0.8838625471
0.3346105135
0.4412122004
0.5935382242
0.4420031637
0.2882933262
0.5300560292
0.5537963623
0.2942256364
0.2980724485
0.6006153435
0.9973551113
0.4324057127
0.3948293991
0.5418837501
0.3386042476
0.3154612607
0.87130939
0.6049549056
0.4871037908
0.6086098363
0.4509895817
0.320664196
0.3372148055
0.88656357
0.3489450997
0.3482569664
0.6738195041
0.3070605413
0.7902293507
0.7556069537
0.8846596428
0.357173218
0.5949075699
0.296471744
0.6277906711
0.3463483803
0.2910944344
0.4327934566
0.7795547769
0.8746196573
0.6115795545
0.742079247
0.2900103203
0.3749329866
0.7333058748
0.3000637785
0.3809448048
0.3268453869
0.4939515667
0.6908202806
0.5644187699
0.448778221
0.9605957651
0.288050042
0.9016236065
0.3107715866
0.3957001339
0.7748686152
0.7894298958
0.9576876289
0.3557226636
0.2884826706
0.4162582537
0.2906987621
0.7363106757
0.295307407
0.3398823469
0.3059456478
0.3976252147
0.8439778038
0.4285474936
0.8512667821
0.316331569
0.7277015462
0.2996773019
0.3157499495
0.2984933311
0.4203738214
0.5245109141
0.7264039171
0.7868246281
0.4913770018
0.6852464184
0.4418053005
0.3037383704
0.2928002519
0.9491514735
0.3378442251
0.6044980655
0.6282469259
0.3349786551
0.877079613
0.2911972555
0.3839274492
0.3943082565
0.6977041752
0.2888126421
0.5571810976
0.3009889834
0.3784880777
0.9352928374
0.5398688514
0.4939515667
0.2909931739
0.4973963378
0.3568820566
0.3118377904
0.2991089096
0.29060375
0.7124668969
0.3725423303
0.2896876843
0.4638284441
0.6677423913
0.4733787431
0.4116378395
0.3337565978
0.3096426027
0.4134787112
0.5755394952
0.9934823087
0.4220705696
0.4366897815
0.454830913
0.2882036393
0.7063175804
0.5515429295
0.574630193
0.7348094244
0.3151739883
0.2879236309
0.9234700628
0.2893901532
0.3130187957
0.2889501332
0.6366812596
0.2883770365
0.4170031218
0.322136518
0.6573506825
0.3470269325
0.5347313193
0.5032393665
0.4939515667
0.9311007685
0.9685381112
0.287806507
0.3353481002
0.5214160676
0.378325236
0.6943772182
0.5222995211
0.6193452707
0.5639657878
0.3297109817
0.7541377388
0.2925934461
0.4260586609
0.4388471934
0.2899824759
0.8308584217
0.3400109378
0.3738139639
0.3220303551
0.2890748013
0.510210605
0.2885633782
0.4443838386
0.5816831231
0.3416954803
0.2880598732
0.3146036988
0.3091307113
0.4750538917
0.7326607988
0.3156535626
0.4595167988
0.8457679658
0.6309837768
0.2887379239
0.9162083709
0.2989224694
0.8247134763
0.7890297848
0.7367391792
0.585100156
0.2893901532
0.2878007118
0.352154157
0.2882410247
0.6369090232
0.6122648606
0.3202490683
0.5637393266
0.3346105135
0.2885305698
0.6634556496
0.9666424275
1
0.6277906711
0.4032983083
0.7503478567
0.4232059038
0.6019856165
0.5892036814
0.3530030088
0.4775742276
0.961917697
0.515030632
0.2881336027
0.8177281608
0.6928220791
0.7643663002
0.2918469196
0.2900665316
0.9095418341
0.287779638
0.3670710548
0.4110874938
0.6339472511
0.2889099756
0.4329874583
0.5755394952
0.4396342083
0.8222705616
0.4550338387
0.4040149531
0.3235305379
0.2885305698
0.8662796673
0.3999169324
0.341826047
0.6589348704
0.3030815159
0.9283764179
0.861173758
0.3478457236
0.3551461287
0.3007879683
0.2878035216
0.3255031366
0.2881795923
0.3504709509
0.3406560153
0.5365163359
