0.3580476736
0.7515739526
0.3015001353
0.3238150738
0.9909269396
0.2876881349
0.8056448253
0.386888678
0.4034459506
0.4507643854
0.353545027
0.2878359701
0.6272310818
0.4731209466
0.3982902187
0.2992993541
0.8469026393
0.9122167458
0.456427821
0.5307675027
0.2911528851
0.3742021829
0.2867231165
0.440799179
0.3118827296
0.3461413435
0.3561442388
0.5528714446
0.3860443362
0.458872445
0.6817124145
0.7578171896
0.4729122111
0.5109614202
0.3154900714
0.4036252745
0.5792874223
0.5170889075
0.3592298529
0.3041777023
0.7920118634
0.4891617319
0.3055958918
0.3502859357
0.7617456934
0.2864859153
0.2894521281
0.3595266806
0.5135834125
0.3927034237
0.6826017251
0.2881092257
0.3680429163
0.6174623377
0.2873822525
0.7683159282
0.5743030382
0.6716764493
0.3136580804
0.2919482312
0.4687509388
0.7090367806
0.6927932816
0.6834905595
0.3519775788
0.3761340193
0.2888728227
0.6471662764
0.5118347249
0.9490915174
0.5555685776
0.3048802106
0.4840597071
0.693676272
0.8623742274
0.3153922456
0.3355696551
0.304332675
0.9099827109
0.2926659327
0.2867323793
0.5155539405
0.291072767
0.9099827109
0.6224618003
0.4256607671
0.3461413435
0.3713366093
0.4619425313
0.7744213003
0.6768129278
0.5731711339
0.6952202031
0.4296853475
0.508999062
0.4052437493
0.2903094073
0.2904565731
0.289262442
0.9124942729
0.4036252745
0.9099827109
0.3398954819
0.415308766
0.3165764179
0.3454624345
0.3124372221
0.2882304676
0.8630462405
0.6595651863
0.6523581465
0.2888728227
0.9082911176
0.7033524348
0.9870028473
0.8766817386
1
0.2883052967
0.8315102702
0.6615883805
0.3060803121
0.2958585634
0.2895167397
0.3079062792
0.5949525456
0.2891699338
0.3049590809
0.4034459506
0.3348233276
0.2991674444
0.3174792016
0.5517486401
0.2903826458
0.7953529137
0.5808746156
0.3374579363
0.4154944761
0.286751429
0.9645439385
0.3848669609
0.5497291326
0.3114249984
0.9022629423
0.780673254
0.9533700955
0.3148085645
0.3858758032
0.7607138305
0.5607470058
0.3800484276
0.9893429536
0.3196342578
0.3133739854
0.2911932018
0.8523068601
0.7598873315
0.3359447484
0.4293003901
0.3590816311
0.2866553021
0.4095993371
0.8517872829
0.5650329422
0.422053277
0.7910255931
0.6074579224
0.4815210186
0.3017151366
0.4525784667
0.5512996878
0.9280520097
0.6060934572
0.6985229342
0.6229161551
0.4639979177
0.6129154671
0.2894521281
0.869856007
0.6890346665
0.3887560165
0.2876273869
0.3145188311
0.3875661574
0.7973092989
0.5423423506
0.9410874156
0.7664740004
0.2883560509
0.6476181031
0.5938162017
0.3185995858
0.9580824689
0.4868192897
0.3279929267
0.4378482826
0.3204730171
0.5177473655
0.9054413558
0.9926138952
0.9663795118
0.2936244949
0.3544067185
0.6765898994
0.8250825962
0.3518358772
0.8245273697
0.3812027207
0.2921678113
0.2866963759
0.4054240845
0.4699966096
0.2868236037
0.8315102702
0.5289945944
0.2934763677
0.3096337355
0.866884015
0.8528257016
0.2886202331
0.66203774
0.2959153907
0.6530346516
0.6254146067
0.470204449
0.286482244
0.7177298258
0.2865436053
0.3268436871
0.2874545437
0.2922122405
0.9657419604
0.9071557685
0.2885930343
0.5307675027
0.5294376132
0.5997264157
0.4337481858
0.3995267389
0.3356945434
0.4889485061
0.52016481
0.8064137787
0.3267295782
0.2868803952
0.2871061223
0.2868021093
0.298389975
0.6631607501
0.2910329656
0.3921852788
0.3561442388
0.2869936163
0.2874362096
0.4870319608
0.783477275
0.8157421978
