0.3641960361
0.9331340752
0.3021512063
0.3363458743
0.8032919237
0.8554676687
0.548570933
0.937290341
0.3598148028
0.4980004007
0.6229087525
0.3755197111
0.5136113457
0.7558106275
0.3555401467
0.2877232462
0.3469063031
0.7953700771
0.2940033782
0.6133924073
0.2915828831
0.5816661233
0.2862824281
0.9096910051
0.6093116675
0.4552975456
0.3485657802
0.853252611
0.3408572242
0.9645454736
0.9142044517
0.3294892101
0.3021512063
0.597748203
0.2856492276
0.5001541657
0.3623703294
0.2857553776
0.4790625105
0.7113079532
0.7299992431
0.9066239813
0.8635242151
0.5195233463
0.2957441962
0.2857022172
0.4680026665
0.6806081733
0.3148622279
0.8346804944
0.2937905455
0.3184932068
0.2875911082
0.7932254356
0.5782737723
0.286066424
0.3958992108
0.3142765222
0.6803865393
0.3264602302
0.2857067491
0.4790625105
0.4259417511
0.6977979057
0.5070782034
0.5692410806
0.4176300914
0.2913588289
0.9484735892
0.8044415698
0.4478452035
0.3056752135
0.285645567
0.3136002727
0.3084670154
0.4401024531
0.3510910412
0.2927175577
0.6129390381
0.6574146637
0.3917289517
0.8412650548
0.7851618001
0.2878046042
0.3819093208
0.8426745488
0.3509496213
0.2859139658
0.4150226311
0.4181912038
0.3745523712
0.6681533537
0.2865607065
0.7019535541
0.2955105007
0.8330626937
0.402983487
1
0.3527983594
0.2885748245
0.6306031814
0.3498230285
0.2858949718
0.3987131075
0.285923724
0.2856473101
0.3481491004
0.9406395369
0.6278887079
0.3033665241
0.5217202673
0.7100070487
0.4303547813
0.3513742773
0.876196772
0.3058394407
0.8473938127
0.6794997081
0.2951649906
0.5212805778
0.5604580828
0.3978308995
0.2856460899
0.9083026344
0.4958515839
0.9711779948
0.606364067
0.4922102594
0.3494027465
0.4930656985
0.2857616521
0.5332026792
0.4655233088
0.347595403
0.6953860601
0.2923284568
0.2904643899
0.3708836969
0.6043233494
0.4638756951
0.2938435005
0.726800557
0.9809523047
0.6061373216
0.3088172385
0.9853093254
0.432287662
0.3939802411
0.2857213903
0.9442349639
0.7004240634
0.4742415825
0.7717554139
0.4669684529
0.2991604753
0.3814116156
0.3281956242
0.5378653337
0.3326166645
0.3498230285
0.3222130974
0.3052674646
0.3428427981
0.5434332779
0.7545698567
0.2895345776
0.53986772
0.8046329349
0.933495193
0.597068122
0.7765895474
0.3529414899
0.2858259621
0.5837026369
0.2971399037
0.37407029
0.8583431217
0.28715124
0.4860338417
0.2903831363
0.919927163
0.3432436276
0.597748203
0.2948255275
0.7259458272
0.321131351
0.3980071336
0.5429871912
0.726800557
0.2859540434
0.7130402218
0.6814944119
0.7599321472
0.4181912038
0.6247201131
0.4757054277
0.4502510784
0.5053427419
0.2865967465
0.9087201502
0.6161123002
0.5374206862
0.3118964707
0.8224884656
0.2856492276
0.9313148579
0.2873886849
0.405501497
0.4008409364
0.3032893454
0.4877331254
0.4242274979
0.6750586318
0.8157987585
0.3561233361
0.457125341
0.286847936
0.3960742954
0.9743222942
0.3403329889
0.5841552984
0.4526676781
0.6324119967
0.4729892627
0.2856753742
0.6233616391
0.5144853305
0.8749213583
0.7030449308
0.3392911871
0.6156590269
0.5503611044
0.3789384887
0.6294723263
0.4713229988
0.4089499457
0.3161503894
0.6819373516
0.3017799864
0.4307406774
0.2859437628
0.2976460588
0.4536777153
0.3154535161
0.2902226833
0.3131219127
0.7447835449
0.5846079955
0.2860308821
0.2979678129
0.3859274708
0.4448532288
0.3087294441
0.2856518423
0.4008409364
0.9752313838
