0.4765763657
0.4553291815
0.8512547291
0.7897536486
0.2964212723
0.3921013691
0.3487291703
0.3463815137
0.9238766105
0.4214157219
1
0.571762593
0.778847547
0.7792474777
0.9030027062
0.4894699183
0.6755501844
0.2892667005
0.3169780922
0.2916484686
0.5210969953
0.3424669982
0.3077956012
0.9012807335
0.3779827357
0.5492802264
0.3087508958
0.5668005536
0.3107191486
0.4622644976
0.7460911835
0.2964212723
0.3061911
0.8780022655
0.3729754848
0.2857056833
0.4387559105
0.5853277745
0.9740065134
0.2983144466
0.3234428512
0.2902827083
0.341407396
0.3436695679
0.7189169422
0.7397933283
0.4618543185
0.3573207274
0.2859949976
0.3585015842
0.4879796876
0.5533118478
0.3869689373
0.3917561705
0.2859535242
0.6007372438
0.4030114879
0.2863324535
0.3724969225
0.3499877052
0.3852800713
0.364680598
0.8139802784
0.8825502602
0.2891964204
0.7152515498
0.6830916322
0.4159806674
0.7862056227
0.3757074491
0.5226364106
0.3394445093
0.2934967557
0.2869510629
0.6576846086
0.6082202587
0.4922444601
0.3022469404
0.3879875623
0.4837367556
0.5517430843
0.4244471067
0.7191321694
0.9857257916
0.455734887
0.2857412433
0.5457032517
0.2974756704
0.58872465
0.7579268306
0.6215931051
0.6826489646
0.3226724281
0.5622965717
0.8639157136
0.8825502602
0.7315392033
0.319769886
0.7418976972
0.3042473469
0.7603959006
0.9331989131
0.6699843175
0.3188269169
0.4651433232
0.3400953334
0.294512582
0.4391489718
0.7802462162
0.2857945804
0.8267695942
0.3726563244
0.3582056028
0.8238353654
0.6288373825
0.6254426963
0.4165393101
0.6639551471
0.4229285467
0.4259713472
0.286888406
0.2856654147
0.465349456
0.3488684743
0.3042473469
0.2934967557
0.7193473534
0.8115318047
0.4417116873
0.8994000018
0.2903227388
0.436404359
0.3226724281
0.8096401527
0.7044022807
0.5665751896
0.3802807082
0.2968495968
0.2863789577
0.2905665161
0.2882848076
0.2872877576
0.3057784918
0.2856732594
0.335864586
0.6459968338
0.5199985526
0.8741821098
0.3009266661
0.7581328941
0.6666369907
0.2886912584
0.2883454413
0.400335407
0.2912466777
0.5903104141
0.7059271283
0.406071832
0.6932379644
0.9502326948
0.4847953933
0.8998354219
0.8451876034
0.3331296121
0.6372008588
0.7154674992
0.5479380982
0.5672513314
0.6901572578
0.5762796224
0.6635078403
0.6227255645
0.4246373272
0.2863023201
0.2882848076
0.5060283578
0.9830802247
0.570182954
0.7950359799
0.9315015646
0.308054223
0.5740204371
0.2924450323
0.964790796
0.3380249781
0.2860279308
0.2857056833
0.399625668
0.8792643542
0.2958826073
0.3060255742
0.3139109701
0.9305227856
0.4049884096
0.2869510629
0.9625310817
0.7437873036
0.2876371746
0.3343642288
0.5053778551
0.9064058484
0.9404766668
0.9035736817
0.9417268428
0.3990944445
0.3381533266
0.2871941589
0.4583789085
0.3292755764
0.8221764455
0.3307034729
0.5535360489
0.2863023201
0.3386681216
0.3108104339
0.286347781
0.2859636313
0.2880780268
0.2895180949
0.8786340187
0.6414889044
0.3533962204
0.5805754106
0.4950278612
0.9756732886
0.9108580874
0.3427332755
0.3186190443
0.2933933737
0.5968829058
0.6396840297
0.3462446277
0.4881924148
0.4233076512
0.2959417894
0.4651433232
0.3729754848
0.7871932851
0.2870370339
0.3467929817
0.6661902579
0.2856654147
0.5224163814
0.4585827887
0.4862798451
0.3938337879
0.5975630243
0.5241776541
0.6690922519
0.2970356685
0.2857313076
0.5114648541
0.6943366037
0.7630615535
0.4440891505
0.2874582245
