 8.9586e-01, 6.6582e+00
-1.3132e+01, 2.6487e+00
-3.0176e+00,-1.3370e+00
-1.2437e+00,-7.1345e+00
-7.0508e-02, 4.9786e+00
-9.4328e+00, 1.2970e+01
 1.4946e+01, 6.9208e+00
 1.2689e+01, 1.1463e+01
 1.1903e+01,-2.4809e+00
-1.1883e+01,-1.6673e+00
 1.3033e+01, 9.1062e+00
-7.6858e+00, 9.1201e+00
 1.7396e+00, 1.1826e+01
-5.9964e+00,-1.6221e+01
 6.0880e+00, 1.6033e+01
-6.6006e+00, 1.3422e+01
 4.9558e+00,-7.7534e+00
-6.6556e+00,-3.8437e-01
 1.4873e+01,-6.7568e+00
-1.0738e+01,-1.2229e+01
 5.7005e+00, 1.2609e+01
-1.4636e+01,-7.6226e+00
 1.4631e+01,-1.1768e+00
-3.3060e+00, 1.5718e+01
-1.0552e+01,-4.1147e+00
 3.6864e+00, 7.9161e+00
 1.0094e+01,-2.7826e+00
-7.3746e+00,-9.4082e+00
 7.1351e+00, 9.7435e+00
-5.1917e+00,-1.3912e+00
-2.0467e+00, 6.2403e+00
-1.3611e+01,-4.9176e+00
-2.9462e+00, 8.0578e+00
 3.4313e+00,-9.5371e+00
 1.0632e+01,-1.1127e+01
-7.3176e+00, 2.9977e+00
 1.4910e+01,-4.3986e+00
-6.6766e+00,-4.1369e+00
 4.2852e-01,-7.8811e+00
 1.7222e+01, 2.3527e+00
 8.2240e+00, 4.9835e+00
 3.0295e+00,-8.0709e+00
-9.0398e+00, 3.8188e+00
 4.4735e+00, 6.5651e+00
-1.4962e+01, 2.5409e+00
 4.5577e+00,-1.3662e+01
-2.3350e+00,-9.1719e+00
-1.1372e+01, 9.8667e-01
-7.1008e+00, 7.4901e+00
-8.5323e+00,-6.9604e+00
-1.3940e+01, 8.0358e+00
 1.3094e+01,-1.1502e+01
-2.7528e+00, 3.6395e+00
-1.0974e+01, 9.5596e+00
 3.8631e-01,-1.7244e+01
-8.3759e+00,-4.3301e+00
 1.0756e-01,-1.2261e+01
 1.6241e+01, 5.0168e+00
 1.7219e+00,-5.3379e+00
 7.0296e+00,-1.3697e+01
 1.3745e+00, 4.9200e-01
-8.3878e+00, 6.6851e+00
 7.1261e+00,-2.2593e+00
 1.8588e+00,-1.4575e+01
-3.9697e+00,-8.7510e+00
-1.2373e+01,-1.1833e+01
-1.5229e+01,-2.4526e+00
 9.6279e+00, 1.1421e+01
 8.4294e+00,-6.4765e+00
-7.3869e-01, 9.7748e+00
-5.3422e+00,-1.1335e+01
 1.0319e+01, 5.0604e-01
 5.9543e+00, 8.4015e+00
 1.4186e+01, 1.8709e+00
 1.4331e+01,-2.7342e+00
 1.6235e+01, 1.0417e+00
 8.0425e+00,-3.2644e-02
 1.1359e+01, 1.3027e+01
-1.0502e+01, 3.0396e+00
-1.3904e+01, 5.6135e+00
-1.3073e+01, 1.0629e+01
 9.4125e+00,-4.7512e+00
 1.5771e+01, 3.4691e+00
-4.2539e+00, 9.3869e+00
-1.5129e+01,-4.1411e+00
 1.6208e+01,-5.4622e+00
 1.0926e+01,-1.3425e+01
 1.2793e+01, 1.1844e+00
 8.0960e+00,-1.0220e+01
-1.6982e+01, 4.1284e+00
 5.6058e+00,-3.5672e+00
 1.9689e+00, 1.6765e+01
-8.7353e+00, 1.1332e+01
-1.7405e+01,-4.7257e-01
 2.3316e-01,-1.2919e+00
-1.3463e+01,-2.3354e+00
 5.6240e-01, 2.2275e+00
-1.1989e+01,-5.3415e+00
-3.0557e+00,-1.2062e+01
 1.1081e+01, 7.5144e+00
-9.6777e+00,-8.5684e+00
 1.7037e+00, 4.8762e+00
-1.4505e+00, 1.7031e+01
-1.6985e+01,-3.8410e+00
-1.0868e+01, 5.2594e+00
-1.5916e+01, 5.7113e+00
 9.7482e+00, 2.4329e+00
-3.6286e+00,-1.5068e+01
 1.4554e+00,-3.8361e+00
-1.1689e+01,-9.8827e+00
-9.7468e+00,-1.4303e+01
-1.2439e+00,-1.1386e+01
 7.6279e-01, 1.0160e+01
 6.4328e+00, 1.4971e+00
 1.2336e+01,-6.6320e+00
 7.1993e+00, 2.8530e+00
 3.2620e+00, 1.3905e+01
 9.0158e+00, 1.3882e+01
 8.0828e+00, 1.1903e+01
 4.7812e+00,-1.8774e+00
 6.1520e+00, 6.2446e+00
 4.3774e+00, 1.3441e+00
-5.6904e+00, 1.6296e+01
-1.7357e+00,-1.6313e+01
-1.1567e+01, 1.1255e+01
 7.2529e+00,-5.4769e+00
-6.5772e+00,-1.3763e+01
 6.8841e+00,-8.1236e+00
-3.8634e+00,-6.3250e+00
-5.3013e+00, 1.1304e+01
-4.8753e+00,-3.4217e+00
 2.1677e+00,-2.1531e+00
-7.1630e-01, 1.2205e+00
-4.3189e+00, 2.5980e+00
 5.8806e-01, 1.3460e+01
 1.7153e+00,-1.0494e+01
-1.4538e+01,-9.3070e+00
 4.1755e+00, 3.0579e+00
 1.1758e+01, 2.8923e+00
-6.3541e-01,-4.3737e+00
 3.6559e+00,-1.5431e+01
-6.3158e+00, 4.7206e+00
 3.5753e+00,-4.6844e+00
 1.0100e+01, 4.2006e+00
 7.4727e+00, 1.4383e+01
 3.7341e+00, 4.6315e+00
-1.2886e+01,-3.2634e-01
 2.1975e+00, 8.8629e+00
-3.6821e+00,-4.6619e+00
 6.1426e+00,-1.1370e+01
 7.8437e+00,-1.5387e+01
 8.4303e+00, 8.6898e+00
-2.4773e+00, 1.3992e+01
 1.0812e+01,-1.3172e+00
 3.1704e+00, 1.5427e+01
-3.3979e+00, 1.1790e+01
-1.2810e+01,-7.7056e+00
-1.0411e+01,-6.3829e+00
-9.2655e+00,-1.0235e+01
-1.2003e+01, 8.3415e+00
 2.7668e+00,-1.2955e+01
 1.2768e+01,-6.5880e-01
-4.6218e+00,-1.3794e+01
 3.9068e-01,-1.3897e+01
 4.1324e+00, 1.2468e+01
-4.3061e-01, 7.7198e+00
-3.1080e+00,-1.6996e+01
 1.1039e+01,-8.6447e+00
 8.6519e+00,-1.2461e+01
 9.3590e+00, 6.9832e+00
-4.3828e+00, 1.3488e+01
 1.0184e+01, 8.9327e+00
-1.1475e+00,-4.6472e-01
 6.1965e+00,-1.5068e+01
-7.3352e+00,-1.2368e+01
-2.7149e+00, 9.9044e+00
-1.6528e+01, 1.9623e+00
-2.6051e+00, 7.9700e-01
 5.1057e+00,-9.3211e+00
-6.9487e-01, 1.1292e+01
 4.8090e+00, 9.8735e+00
-9.7169e+00,-2.0498e+00
-7.2036e+00,-5.7890e+00
-3.5648e+00, 6.6852e+00
-7.0826e+00,-2.6298e+00
 1.2024e+01,-4.1233e+00
-7.7729e+00, 1.5415e+01
 1.1335e+01, 1.0696e+01
-6.9464e+00, 1.1868e+01
 1.3382e+01, 5.8612e+00
-1.3586e+00,-1.3207e+01
 1.6809e+01,-2.9218e+00
 1.3667e+01,-8.3198e+00
-1.5234e+01,-5.6785e+00
 3.9623e+00,-1.1061e+01
-5.8418e+00,-8.9371e+00
-1.9056e+00,-2.7612e+00
-1.4796e+01,-9.5041e-01
-1.1890e+01, 1.2812e+01
-1.2326e+00, 3.0144e+00
-1.5194e+00, 1.2666e+01
 8.6314e-02, 1.5679e+01
 1.7401e+01,-2.6995e-01
-3.9626e+00, 5.1551e+00
-6.5909e+00, 1.5251e+00
 7.6306e+00, 7.1815e+00
-1.5481e+01, 7.3534e+00
-8.4393e-01,-8.9633e+00
 1.0284e+01, 5.7549e+00
 4.4201e+00,-1.6788e+01
-7.2391e+00,-7.8114e+00
 6.6163e+00, 4.7480e+00
-1.2503e+01, 6.7751e+00
-9.0941e+00, 4.4276e-01
 3.1174e+00,-7.7112e-01
 1.3365e+01,-5.3865e+00
-4.9329e+00, 7.7762e+00
 5.1770e+00, 3.7257e-02
 2.6292e+00,-1.6718e+01
 2.6033e+00, 3.3565e+00
 9.6913e+00,-7.7057e+00
 1.5100e+01, 8.5453e+00
-5.3644e+00, 4.3339e-01
-1.2788e+01, 4.2293e+00
 1.3068e+01, 7.4183e+00
 4.6540e+00,-5.8054e+00
-1.1304e+01,-8.3107e+00
-5.7939e+00,-7.3674e+00
 4.9458e-01, 1.7335e+01
-8.2703e+00,-1.3998e+01
-1.3932e+01, 1.3519e+00
 8.1509e+00, 1.6608e+00
-9.4414e+00, 8.3315e+00
-6.0221e+00, 6.2689e+00
 9.3898e+00,-7.2325e-01
 9.6243e+00,-1.4196e+01
 2.6599e+00, 1.0570e+01
 6.6779e+00,-9.7165e+00
 2.8908e+00, 5.9713e+00
-1.0237e+01, 6.6558e+00
-9.0711e+00, 2.2912e+00
 1.4128e+00, 1.4832e+01
 4.6032e+00, 1.6803e+01
 1.4435e+01,-9.7925e+00
 5.9713e+00, 1.4336e+01
 4.5777e-01,-6.1840e+00
 1.2648e+01,-9.8731e+00
-5.1366e+00, 1.4801e+01
-5.4002e+00,-5.7981e+00
 1.1854e+01, 4.9082e+00
-9.0511e+00,-1.2088e+01
 2.7073e+00, 1.2773e+00
-1.4714e+00, 1.5448e+01
 1.0960e+01,-5.8175e+00
 1.3253e+01, 3.7316e+00
-5.8803e+00, 9.4424e+00
