0.4409767696
0.4806879605
0.3799140166
0.580430034
0.517600587
0.3612483388
0.6050460108
0.779600905
0.8287479088
0.5308689303
0.3392923977
0.6686629909
0.8770339718
0.3616972735
0.3673279523
0.7087000339
0.9494613961
0.3257398902
0.5103654173
0.4898255781
0.3642628945
0.422223189
0.3539377194
0.4501447713
0.3993478431
0.6691129763
0.5169409117
0.3605026776
0.3522320809
0.5772468977
0.4650224347
0.8154040396
0.6462835218
0.3002935608
0.3041851675
0.867616615
0.4445442638
0.4335330214
0.7351600388
0.2940794829
0.7347315775
0.5101469189
0.9763246018
0.6118924015
0.6337806372
0.289725803
0.5613770827
0.5228912378
0.3002935608
0.2878851221
0.3188071311
0.4489395247
0.4128887177
0.9396676713
0.3196254626
0.3169033717
0.9178039335
0.409769825
0.7557032095
0.5012287663
0.5977448672
0.7912473449
0.3262997411
0.3492936201
0.2883828067
0.3238645711
0.4147365482
0.2924298398
0.2932923664
0.7741084231
0.5683946236
0.5251024007
0.3265247322
0.4397934509
0.3525150214
0.6652851112
0.5200225811
0.3353894867
0.9995585228
0.8836326544
0.3289232224
0.6342359221
0.7415639836
0.8556739594
0.694583048
0.4186482379
0.3858940539
0.9393045177
0.2917508237
0.2910509582
0.2876206372
0.9679615148
0.2928957225
0.6251232743
0.7402866843
0.3002274558
0.4290873758
0.2891782012
0.3181998838
0.772063101
0.3061189261
0.3508254124
0.2977800217
0.9307007394
0.2954311481
0.3981135679
0.4938964017
0.3303232038
0.3822218557
0.654443247
0.4785786014
0.3361341446
0.5335385429
0.3022121159
0.3385262891
0.3231050942
0.6865809773
0.2908088535
0.3333078758
1
0.3709142304
0.4493409656
0.4086758598
0.2890826074
0.7047446085
0.757584545
0.5268740707
0.321820483
0.6171406673
0.3098560098
0.8686210703
0.9833356058
0.3815601532
0.3275446024
0.625579212
0.4541820446
0.9523448492
0.6023077168
0.5890813218
0.8246528092
0.4290873758
0.7089194203
0.30815462
0.3074921574
0.6315036123
0.5344295079
0.3981135679
0.7254750577
0.2877121998
0.3630509704
0.6650597357
0.8233422894
0.8454731936
0.3664031765
0.7777749707
0.2888558317
0.2882475042
0.2993833007
0.2874973091
0.697019686
0.3495709117
0.4979865479
0.8694557693
0.2898674976
0.3784424757
0.4617288131
0.2998343334
0.2875009934
0.7814218871
0.2882638049
0.3065982269
0.3691909171
0.7364442874
0.8783331449
0.8207104461
0.3977618703
0.4915372057
0.294031812
0.321820483
0.2880797458
0.2877674479
0.3346500211
0.744537421
0.2911573138
0.3202456943
0.2942235218
0.3276586684
0.2875009934
0.290445556
0.7777749707
0.4779469867
0.6075563226
0.9690719475
0.2883652818
0.4527655682
0.9037007898
0.2884005065
0.919176156
0.3174984929
0.2875378358
0.2941273249
0.6214748648
0.5938679036
0.673607443
0.7884555909
0.4354801389
0.6673124659
0.6107513456
0.339164358
0.5870310215
0.4141811823
0.888991345
0.2932923664
0.2882313785
0.2921040973
0.2897537941
0.704524508
0.2875636245
0.4773159279
0.2909809197
0.757584545
0.4339217622
0.2969638794
0.8632286835
0.9672125965
0.2874983618
0.2908771604
0.8666090956
0.9165606409
0.2933823976
0.6979047163
0.2875069585
0.2875957275
0.4747973108
0.5384453811
0.3748856436
0.4403847414
0.9601634248
0.8666090956
0.9346255621
0.3192150602
0.6821181022
0.8351877396
0.2875088884
0.3039600046
0.435870582
0.5738393817
0.3475044663
0.6485522667
0.2875543266
0.5893091767
0.4317879452
0.7987607083
0.3152477526
0.5273173615
0.6004823998
