0.7860686553
0.287251011
0.5299339794
0.7876652208
0.762064701
0.3184489537
0.5637756959
0.3116140447
0.5448726245
0.8596675898
0.9524038753
0.489176295
0.8265477722
0.7109512543
0.7647493708
0.3481264716
0.5919116312
0.9729291134
0.3198892966
0.2873009066
0.3939208223
0.3488167884
0.382709069
0.3237307433
0.4617359171
0.4388223139
0.5310437548
0.9145309815
0.5319321985
0.304103407
0.3477139081
0.3018216403
0.5755497072
0.2940962775
0.3269677404
0.9513218437
0.4327694956
0.4864066707
0.7102958833
0.3100076446
0.3625623565
0.2892155463
0.2882196435
0.3435227676
0.9066177346
0.4264166526
0.3894463668
0.7643369676
0.3157567862
0.4921694314
0.2914705521
0.6449187462
0.296214176
0.2872054894
0.4660605815
0.3327208636
0.3686964844
0.2976148437
0.314025182
0.7570835766
0.3359157665
0.3228600584
0.5186667777
0.4666808437
0.6244774601
0.574869273
0.4842827129
0.2915896521
0.6889270859
0.2939975211
0.5286034093
0.4413843023
0.8925179613
0.2872415567
0.5466653736
0.4800522843
0.28719691
0.6907017145
0.9431079283
0.3271956195
0.3651449399
0.3219990755
1
0.3375496227
0.7682455507
0.6137760974
0.340499066
0.3640771185
0.3323585155
0.4212909238
0.5193267704
0.5980584175
0.6550976522
0.8118716261
0.2928657011
0.4986184635
0.3648392212
0.6437857219
0.9846313537
0.8689215645
0.6638884518
0.287251011
0.656677771
0.287172222
0.6979997599
0.2902966894
0.2908615348
0.2875867385
0.9975932451
0.8670912802
0.5081585759
0.8787210606
0.7131332507
0.3067869053
0.2921236373
0.9420571489
0.3147885133
0.286992028
0.2907161784
0.4849192971
0.6501256248
0.791836695
0.2877237538
0.509248463
0.5558793599
0.5898637066
0.2893858011
0.301609231
0.3444576113
0.7085465081
0.3127135957
0.7678350997
0.3094836754
0.3386948458
0.2892998926
0.3930546321
0.8704113624
0.4056023701
0.4629684396
0.2934665556
0.2879104271
0.298665584
0.4913131591
0.2873665539
0.3606121187
0.3582415148
0.7235496092
0.2890515428
0.3853823603
0.4145613801
0.3921911511
0.3026131916
0.9963486995
0.3196816869
0.3042560383
0.8520825221
0.6867059556
0.6620878238
0.3575074737
0.4201609131
0.6262977153
0.8177573604
0.7983337179
0.8018469666
0.2880022603
0.2920815305
0.408319727
0.4654409266
0.9221418471
0.9818940814
0.9029888848
0.398820959
0.869915536
0.480685337
0.9307163211
0.3930546321
0.3227519042
0.4245105426
0.491527146
0.2871275713
0.9706851077
0.7704988697
0.3330845194
0.3977639233
0.7874658729
0.8143482029
0.3192683119
0.7749841168
0.6555492113
0.6269801872
0.5509300262
0.6550976522
0.3388228015
0.498187079
0.6532906606
0.286994655
0.8871138877
0.8855495314
0.455408431
0.3546038686
0.2901292493
0.3258372941
0.5989693557
0.5277170766
0.3509079711
0.4127139065
0.5554289459
0.3961855054
0.3146925474
0.9288055497
0.5354913717
0.2961018402
0.6260702092
0.6991022783
0.2877891907
0.3847113116
0.3235121644
0.762064701
0.7597856443
0.3870678719
0.2870435162
0.4310274928
0.5633237984
0.2921659158
0.3685407088
0.5581327877
0.6315280559
0.4127139065
0.2871345755
0.5572311484
0.84629005
0.2873551754
0.9605819222
0.2896528956
0.2903306962
0.2872905776
0.3035743592
0.5762302672
0.422046107
0.7533270582
0.2911605283
0.515372354
0.2871802763
0.2870209249
0.2869909772
0.3039514308
0.4619411637
0.6224291467
0.3484021921
0.8774325917
0.4171639297
0.298539453
0.382211078
0.3123445431
0.3376763018
0.8650828488
