-1.5716e+01, 2.4372e-02
-1.0376e+01,-1.1404e+01
-1.4819e+01, 4.7811e+00
-3.7377e+00, 6.1850e+00
 1.4913e+00, 4.7963e+00
 6.4728e+00, 7.8378e+00
-1.5548e+01,-2.3113e+00
 4.3583e+00,-4.4972e+00
-9.2768e+00, 9.0108e+00
-1.1824e+00, 6.9802e+00
-3.8098e+00,-1.5489e+01
 1.2027e+01, 8.5113e+00
 5.1182e+00,-8.2065e+00
 7.8776e+00,-5.9624e+00
-5.6717e+00, 1.6014e+01
-9.8613e+00,-1.3094e+01
 1.0758e+00,-1.3339e+01
-6.9354e+00,-1.2919e+01
 2.5566e+00,-1.0875e+01
-9.6373e+00, 6.7310e+00
-1.1407e+01, 1.1209e+01
-5.6765e+00, 5.5909e+00
-8.7569e+00,-2.6006e+00
 6.5312e+00, 1.0117e+01
 3.7671e+00,-6.4009e-01
 4.8966e+00, 1.2608e+01
 9.1942e+00, 2.0877e+00
-3.7295e+00, 4.0000e+00
-6.7050e+00, 9.2512e+00
 1.4165e+01,-1.9126e+00
 6.8233e+00,-1.6034e+01
-1.7262e+01,-1.2186e+00
-6.5809e+00,-5.8596e+00
 1.6405e+00,-8.8207e+00
-1.1075e+01,-6.4460e+00
-1.2820e+01,-4.6615e+00
-2.4294e+00, 1.3648e+01
-2.6122e+00,-1.3971e+01
 2.0885e+00,-2.8260e+00
-1.2614e+00, 9.6250e+00
-2.0055e+00,-1.4849e+00
-2.3413e+00,-9.7415e+00
-6.3451e+00, 2.5929e+00
 3.1658e+00, 8.3097e+00
-7.7116e+00,-4.0241e+00
-1.3186e+01,-1.0943e+00
-3.5521e-01, 1.4942e+01
-5.0005e+00,-8.0655e+00
-5.4008e-01,-1.2108e+01
-1.9350e+00,-6.2147e+00
-1.2595e+01,-9.0888e+00
-5.7173e+00,-1.6055e+01
 9.3195e+00, 8.4588e+00
 1.4761e+01, 5.9040e+00
-7.6648e+00, 1.3463e+01
 1.3088e+01, 7.9464e-01
-9.7192e+00,-5.0059e+00
 1.2305e+01,-6.4951e+00
 1.0923e+00,-1.5887e+01
-2.5117e+00,-3.3172e+00
 1.6940e+00, 1.5756e+01
 3.7788e+00,-1.4188e+01
-8.1012e+00,-7.4992e+00
-4.3318e+00,-4.2522e+00
-7.6485e+00, 6.1842e+00
 9.0883e+00, 6.6317e+00
-1.5893e+01, 1.9118e+00
 1.1439e+01,-1.5067e+00
 7.5671e+00,-9.4196e+00
 8.2617e+00, 1.0001e+01
 1.5418e+00, 1.2571e+01
 1.1820e+01, 4.7689e+00
 4.2910e+00,-1.5671e+01
-1.5544e+01,-7.3075e+00
 2.0372e+00, 9.9739e+00
-5.2812e+00,-1.0496e+00
 9.7666e-02,-3.5321e+00
-3.6715e+00,-1.4995e+00
 9.5143e+00,-8.6909e+00
-1.2641e+01, 3.8589e-01
-1.6233e+00,-1.7235e+01
-9.7604e+00, 1.8866e+00
 4.4636e+00, 1.4559e+01
 1.6912e+01,-1.7750e+00
-1.1993e+01,-2.9405e+00
-7.9636e-01,-1.4418e+01
-1.0724e+01, 3.4171e+00
 8.4048e+00,-8.2986e-01
 1.0647e+01,-5.0493e+00
-2.5416e-01,-1.6764e+00
 2.5571e-03, 7.9770e+00
 6.1097e+00,-4.6656e+00
-1.1220e+01, 8.8627e+00
 7.9483e+00,-7.5056e+00
-1.8298e+00, 1.1604e+01
 6.3118e+00,-2.4075e+00
-3.9532e+00,-1.1164e+01
 1.7024e+01, 3.0969e-02
 7.3461e+00,-1.4189e+01
-2.7385e-01, 1.7434e+01
-6.1502e+00,-1.0875e+01
-2.4272e+00, 1.5836e+01
 7.3685e+00, 1.2664e+01
 1.2386e+01,-1.0274e+01
 1.3686e+01,-3.5430e+00
 4.7581e+00,-6.3370e+00
-1.4984e-01, 1.5867e+00
 4.6138e-02, 5.4453e+00
-6.5881e+00, 1.4600e+01
 1.0154e+01,-2.5256e+00
 6.5016e+00, 2.5608e+00
 1.4753e+01, 8.5401e+00
 1.3654e+01,-8.0380e+00
 5.7844e+00,-1.1846e+01
-8.8914e+00, 1.1822e+01
-6.7930e+00, 6.2863e-01
 6.4490e+00,-6.7015e+00
 7.3041e+00, 1.4557e+01
 1.0066e+01,-6.8350e+00
-5.4345e+00, 1.1551e+01
-1.1427e+01,-1.1408e+00
 1.2637e+01, 6.9866e+00
-1.7867e+00, 1.0144e+00
 4.2360e+00, 5.0041e+00
 1.1907e+01,-1.2410e+01
-1.6451e+01, 5.0718e+00
 2.1034e+00, 1.3401e+00
 1.5042e+01, 1.2548e+00
-1.3212e+01,-1.1234e+01
 8.3395e+00,-1.2321e+01
 6.9307e+00, 4.9646e+00
-6.1462e-01,-4.9388e+00
-4.9142e+00, 7.2835e+00
-1.1151e+01, 5.5818e+00
-1.2634e+01, 4.2653e+00
 1.2096e+01, 1.1323e+01
-5.3048e+00,-1.2472e+01
-6.4323e+00, 7.6648e+00
 5.2124e+00, 1.7590e-01
 1.0802e+01, 2.2598e-03
-1.4373e+01, 8.9620e+00
-6.6116e+00, 4.2015e+00
 1.3840e+01, 3.5810e+00
 4.9587e+00, 6.3700e+00
 4.5815e-01, 6.7762e-02
 1.5296e+01,-7.4778e-01
 1.4076e+01, 1.0384e+01
-6.8144e+00,-9.3499e+00
 7.3491e+00, 8.3958e-01
 5.8051e+00,-1.3499e+01
 3.6479e+00,-9.2844e+00
-1.6137e+01,-4.6060e+00
 1.6108e+01,-5.5912e+00
-4.4943e+00,-6.4551e+00
 9.2599e+00,-1.4658e+01
-7.0729e+00,-1.4560e+01
 3.0921e+00,-6.2844e+00
 1.4447e-01, 1.3144e+01
-8.0312e+00, 1.5313e+01
 9.8778e+00, 1.0990e+01
-3.9080e+00, 1.2950e+01
-2.2760e+00, 2.6970e+00
 3.9239e+00, 9.6790e+00
 1.7191e+01, 3.2552e+00
 4.0714e+00, 3.4437e+00
 1.0743e+01,-1.1345e+01
 3.3621e+00, 1.6357e+01
 4.8932e+00,-1.0374e+01
 4.8752e+00, 1.8825e+00
-9.1696e+00,-9.1916e+00
 8.8576e+00, 1.4567e+01
-4.6111e+00,-9.5300e+00
 8.6712e+00,-3.1337e+00
 1.6262e+01,-3.7495e+00
 1.3276e+00, 1.7211e+01
-1.3217e+01, 2.1751e+00
-1.7070e+01,-2.9760e+00
-9.3066e+00,-6.7807e-01
 1.0418e+01,-1.3549e+01
 7.3557e+00, 6.6200e+00
-1.0543e+01, 1.3697e+01
 3.4035e+00, 1.2138e+01
-3.2715e+00, 2.6231e-01
-7.7719e-01,-7.2347e+00
 4.6797e-01,-9.8687e+00
-5.8290e+00,-2.9721e+00
-1.0712e+01,-3.7641e+00
 1.0642e+01, 1.3803e+01
 3.7852e+00,-1.2684e+01
 8.5967e+00, 4.8777e+00
-1.0663e+01,-9.4346e+00
 1.4135e+01,-5.3585e+00
 3.1144e+00,-1.6923e+01
-1.3855e+01,-3.2394e+00
 1.1493e+01,-8.6647e+00
-1.4088e+01,-8.4111e+00
 1.1720e+01,-3.0063e+00
 9.7420e+00, 3.8445e+00
-1.3116e+01,-6.8527e+00
-9.1335e+00, 3.7107e+00
 2.5658e+00, 2.8616e+00
 9.2552e+00, 1.2591e+01
-8.2043e+00, 1.0464e+01
-4.7266e+00, 9.2009e+00
 2.6792e+00,-1.5239e+01
 1.6123e+00, 7.3282e+00
 1.0831e+01, 1.5978e+00
-3.7041e+00, 1.0921e+01
 1.0796e+01, 6.9537e+00
 1.2532e+00,-6.7235e+00
-1.5112e+01, 7.4984e+00
 2.8513e+00, 6.0757e+00
 1.5474e+01,-8.0025e+00
 6.6284e+00,-8.1317e-01
-1.2927e+01, 8.2311e+00
 1.0426e+00,-1.1658e+01
-8.8658e+00,-1.1852e+01
-1.7003e+01, 3.4501e+00
 4.2168e+00,-2.7459e+00
 8.3819e-01,-1.7474e+01
-8.1153e+00, 1.8600e+00
-4.7917e+00, 1.4739e+00
-1.7377e+00,-1.5722e+01
-3.1857e+00, 8.3220e+00
 1.5850e+01, 4.3894e+00
 1.9385e+00,-5.2135e+00
 1.9450e+00,-1.0976e+00
-2.2204e+00,-7.8294e+00
 6.3275e+00, 1.6059e+01
-1.4923e+01, 3.2823e+00
 1.2836e+01, 2.2923e+00
-1.3991e+00, 4.7564e+00
 5.4566e+00, 9.0513e+00
-4.1495e+00, 1.4571e+01
 7.8178e+00, 3.4279e+00
 2.9913e+00, 1.4888e+01
 1.6385e+01, 6.0495e+00
-2.5268e+00,-1.2256e+01
 1.4004e+01,-9.8840e+00
-7.8682e+00,-1.0585e+01
-1.4494e+01, 1.1989e+00
-5.9330e-01, 3.4086e+00
-7.9275e+00, 8.0749e+00
-1.3034e+01, 1.0404e+01
 5.6541e+00, 4.1593e+00
-7.2962e+00, 1.1928e+01
-1.1502e+01,-1.2710e+01
-4.2845e+00,-1.3873e+01
-1.1835e+01,-1.0590e+01
-1.2611e+01, 6.4880e+00
-1.4778e+01,-5.7680e+00
-1.0215e+01,-7.8424e+00
-7.4491e+00,-1.3521e+00
-9.0992e+00,-1.4725e+01
 9.1789e+00,-1.0324e+01
-1.0231e+00,-1.0578e+01
