 6.2499e+00, 6.4312e+00
 9.0697e+00, 9.5606e+00
 5.6560e-01,-1.3943e+01
-1.6001e+01, 4.0623e+00
-9.8869e+00, 1.0962e+01
-5.7296e+00,-1.1975e+01
-1.2082e+01, 8.0485e+00
-3.0681e+00,-1.0930e+01
 1.3515e+01,-1.0228e+01
-1.6017e+00,-4.5164e+00
 8.3723e+00, 1.3514e+01
 1.5362e+01,-8.8403e-01
 1.1072e+01,-3.0945e-01
 5.0121e+00,-7.4010e+00
 9.0455e-01, 1.2739e+01
 1.1603e+01,-5.1957e+00
 1.0057e+00,-2.0454e+00
-6.7480e+00,-1.4240e+01
 1.2730e+00, 1.0523e+01
-8.3839e+00, 1.1502e+00
 1.0733e+01, 3.2191e+00
-6.7145e+00,-1.0606e+01
-7.2423e+00, 9.0228e+00
-7.9615e+00,-3.4784e+00
-1.1227e+01,-1.3129e+00
 4.3261e+00, 1.3622e+01
 4.0214e+00, 2.6917e+00
-1.4780e+01,-7.3773e+00
-9.1587e-01, 7.0055e+00
 1.5898e+00, 1.4948e+01
-5.1472e+00, 1.0904e+01
 1.1839e+01, 6.7306e+00
-1.3665e+01, 2.0135e+00
-3.3741e+00,-8.3711e+00
 6.5259e+00,-9.3058e+00
 1.2426e+01,-3.6581e+00
-8.8928e+00,-1.1890e+01
 7.3450e+00, 1.9030e+00
-5.6019e+00,-1.5218e+00
 8.0423e+00,-2.4670e+00
 1.2187e+01, 1.0770e+01
-1.0064e+01, 2.6209e+00
-1.5535e+01, 7.3374e+00
 1.4348e+01,-6.2307e+00
 9.3034e-01,-8.7255e+00
 1.6264e+01,-5.1342e+00
 3.9892e+00,-1.3702e+01
 8.4874e+00,-1.1459e+01
 1.2374e+00, 6.3633e+00
 5.0931e+00,-1.1039e+01
-1.3724e-01, 3.4231e+00
-7.7013e+00,-6.0451e+00
 3.0977e+00,-1.6187e+01
 3.2274e+00,-7.2562e+00
-2.8102e+00,-1.5239e+01
 1.0737e+01,-7.0342e+00
 6.0486e+00,-1.5687e+01
 9.3311e+00,-7.5676e+00
 1.9409e+00, 1.2979e+00
-6.6225e+00,-4.8498e+00
-1.6810e+01, 2.3866e+00
-2.8103e+00, 1.7024e+01
-5.2623e+00, 1.2263e+00
-4.1283e+00,-1.3692e+01
 5.6119e+00,-6.0165e+00
-4.5203e+00, 1.2663e+01
 5.1274e+00, 5.3738e+00
 3.9041e+00,-9.2835e+00
 8.7631e+00, 1.0460e+00
 7.3445e+00,-5.9194e+00
-1.6425e+01,-5.0888e+00
 1.1778e+01,-9.9069e+00
 6.6919e+00, 1.5665e+01
 2.3026e+00,-1.0642e+01
 1.0899e+01,-1.2031e+01
-1.4307e+01,-3.7999e+00
 9.5688e+00,-2.2020e+00
 3.1221e+00, 8.2124e+00
-1.5806e+00,-3.9046e-01
-1.4785e+01, 9.1933e+00
-8.0058e+00,-1.3277e+01
-1.1260e+01,-8.0260e+00
 1.0501e+01, 1.3990e+01
 3.7327e-01, 8.5873e+00
-1.3405e+01, 5.1899e+00
 8.7135e+00, 7.2503e+00
-1.3744e+01,-1.6320e+00
 6.0585e+00, 1.0150e+01
 7.5814e+00,-1.4703e+01
 1.5146e+01, 7.5031e+00
-1.3661e+01, 4.5182e-01
-4.3728e+00, 5.8693e+00
-7.2424e+00, 6.3453e+00
 1.3097e+01, 5.6960e+00
-2.8968e+00,-2.1070e+00
-1.2031e+01,-1.0995e+01
-4.3517e-01, 1.1677e+00
-9.9793e+00,-2.6096e+00
-5.1651e+00,-9.9998e+00
-1.0603e+01,-1.1652e+01
-8.4908e+00,-9.4954e+00
 1.0561e+01, 1.0550e+01
-3.7936e+00, 1.0129e+01
 3.0110e+00,-4.3676e+00
 3.7717e+00, 6.3942e+00
-8.6547e-01, 1.4107e+01
-1.1495e+01,-4.5263e+00
 9.8733e+00, 6.1149e+00
 1.3467e+01, 2.3134e+00
-1.0486e+00, 1.5839e+01
-8.9026e+00,-1.3113e+00
 2.5544e+00,-1.2815e+01
-1.2873e+01, 9.8247e+00
-1.1774e+01, 5.1658e+00
 4.1385e+00, 1.0834e+01
 2.5321e+00,-2.8808e+00
 1.3784e+01, 1.5713e-01
 1.6972e+01, 2.4218e+00
-1.3367e+00, 4.5257e+00
 8.0964e+00,-4.4084e+00
 2.3604e+00, 1.7038e+01
-1.5373e+01,-1.6994e+00
 6.2674e+00,-1.3750e+01
 4.4915e-01,-1.1181e+01
 1.7961e+00,-1.7132e+01
-2.7689e+00, 1.2414e+01
 8.4842e+00, 3.4657e+00
-3.2319e+00, 1.3996e+00
 1.1831e+00, 4.7741e+00
-7.2734e+00, 1.1611e+01
 5.7102e+00, 2.1122e+00
-3.0824e+00,-5.2497e+00
-1.3193e+01,-7.0983e+00
 1.5063e+01, 4.1954e+00
-2.6529e+00, 2.9223e+00
 7.0506e+00,-1.0768e+01
 9.4202e+00,-1.4309e+01
-4.3105e+00, 3.8203e+00
 1.3302e+01,-8.6854e+00
-5.7789e-01, 1.7360e+01
-1.8518e+00,-8.7347e+00
 1.7671e+00,-1.5182e+01
-4.1618e+00,-1.6836e+01
-6.0209e+00,-8.0395e+00
-3.7422e+00,-5.4586e-02
-4.0987e+00,-6.6608e+00
-5.5030e+00, 1.5279e+01
 2.4518e+00, 1.1845e+01
 1.7159e+01,-1.7627e+00
 2.9032e+00, 4.7880e+00
-7.6861e+00, 4.4790e+00
-6.1678e+00, 7.6135e+00
 5.1659e-02,-6.7677e+00
 1.6225e+01, 6.0920e+00
 5.5996e+00,-2.1673e+00
-8.5372e+00, 1.4751e+01
-1.0657e+01, 1.3844e+01
-1.1520e+01, 3.5609e-01
-1.4155e+01,-1.0201e+01
 1.1375e+01, 9.0430e+00
-1.1865e+01, 1.1927e+01
-1.0778e+01, 6.3369e+00
 7.0600e+00, 8.1986e+00
-4.0755e-01, 1.0312e+01
-4.1173e+00,-3.9425e+00
-7.3699e+00,-1.1996e+00
 1.4937e+01,-2.3623e+00
-9.2091e+00,-6.5255e+00
-2.4664e+00,-1.3262e+01
 4.9667e+00,-5.8056e-02
 5.8442e+00, 1.4069e+01
 6.8842e+00,-7.3864e+00
-4.6322e-01,-1.5399e+01
 1.0363e+01, 1.2096e+01
 4.1960e+00,-2.8547e+00
 1.4370e+01, 9.8783e+00
 8.8303e+00, 1.1131e+01
 1.2445e+01,-1.1373e+00
 5.5734e+00, 1.1856e+01
 1.0281e+01,-1.0175e+01
-6.1972e+00, 2.9328e+00
 5.0884e+00, 1.5483e+01
 1.1143e+01,-2.7829e+00
 9.7644e+00,-4.7278e+00
-9.9238e+00,-1.3646e+01
 1.1595e+01, 1.8101e+00
-9.4536e+00, 1.2696e+01
-1.7430e+01,-4.6818e-01
 1.6787e+01, 1.5968e-02
-1.6272e+01, 5.9822e+00
-1.1989e+01, 2.7759e+00
-3.9974e+00, 1.5385e+01
-3.1899e+00, 7.6956e+00
 8.9288e-02,-4.3405e+00
-1.3445e+01,-8.7853e+00
 1.2866e+01, 8.6856e+00
-1.0226e+00,-2.2850e+00
-9.0856e-01,-1.0093e+01
 8.2729e+00,-1.3209e+01
 1.1360e+01, 4.8882e+00
-4.8510e+00,-1.5011e+01
-8.4245e+00,-1.4776e+01
 6.5493e+00,-8.1333e-01
-1.2363e+00, 1.1856e+01
 1.5085e+01, 1.8197e+00
-6.1016e+00,-4.7141e-02
 1.9051e+00,-6.0076e+00
 3.5444e+00, 1.2215e+00
 1.1524e+01,-8.3980e+00
 5.7103e+00, 3.7283e+00
-8.9271e+00, 6.7689e+00
-4.7683e+00, 8.3812e+00
 1.0138e+01, 7.7219e+00
-9.6837e+00,-4.2069e+00
-6.2758e+00, 1.2771e+01
-1.0008e+01, 7.8376e+00
-1.0198e+01, 4.5473e+00
-1.3407e+01, 6.9455e+00
 1.5377e+01,-3.8753e+00
 3.2548e+00,-7.7116e-01
-1.0863e+01,-9.4945e+00
 5.4121e+00,-4.0453e+00
 7.4552e-01,-1.0872e-01
 5.1754e+00, 8.7040e+00
 1.4746e+00, 3.0633e+00
 1.3255e+01, 3.9282e+00
-8.4251e+00, 1.0069e+01
-6.4891e+00,-3.1103e+00
-1.6058e+01, 6.0034e-01
-7.7383e+00, 2.5315e+00
 5.6948e-01, 1.6228e+01
-2.7339e+00, 5.6825e+00
-2.5333e+00,-1.7067e+01
-6.0270e+00,-6.4934e+00
 8.3760e+00, 4.9908e+00
-6.0651e+00,-1.5954e+01
-1.0730e+01, 9.4301e+00
-3.1083e+00, 1.3880e+01
-1.7001e+01,-2.4497e+00
-7.1669e+00, 1.5885e+01
 9.3419e+00,-6.3837e-01
-7.7035e+00,-7.9617e+00
 1.2667e+01,-1.2031e+01
 1.5127e+01,-8.7807e+00
-1.3307e+01,-5.2788e+00
 1.2721e+01,-6.9377e+00
-2.1215e+00, 9.2439e+00
-1.0921e+01,-5.9169e+00
 1.8998e+00, 9.1051e+00
 3.0746e+00, 1.4554e+01
 4.5368e+00,-1.5485e+01
-1.2722e+01,-2.8180e+00
-6.6630e+00, 1.4290e+01
 1.1975e-01,-1.7338e+01
 1.3811e+01,-4.3306e+00
-1.4830e+01,-5.7847e+00
