0.4984829763
0.7660282045
0.5180948954
0.5008594938
0.9645659038
0.9970294389
0.7394218306
0.4980515389
0.3504155541
0.2895002013
0.3869595686
0.6346316629
0.2915650845
0.3420076674
0.3135516474
0.742820036
0.4989146171
0.293175822
0.656390324
0.8856041645
0.5686363175
0.8854468727
0.4301253696
0.8494381063
0.3071329239
0.309148985
0.5236050469
0.7845329454
0.4771784472
0.3780003532
0.6389485424
0.6973102893
0.5539570488
0.7919107139
0.7213828537
0.7857352592
0.6475680449
0.8720829426
0.3480578992
0.51831482
0.3765400512
0.4589380777
0.8679400332
0.6937715884
0.4552728343
0.2883092929
0.7026016669
0.4984829763
0.3765400512
0.3730109435
0.4045821878
0.293831662
0.9609534542
0.9789523855
0.5589155088
0.3159443294
0.9284573082
0.8155919358
0.4293550263
0.3608263037
0.9331585025
0.6423534242
0.6416726891
0.996443057
0.9100184403
0.5765725182
0.2927279067
0.308297667
0.3896776778
0.304056175
0.6624810697
0.7899253696
0.4124063528
0.3169288047
0.4468142504
0.3754108878
0.2920882032
0.3632310716
0.302720101
0.3248038967
0.7652035924
0.878599062
0.2967313765
0.5865727204
0.5947684417
0.5668251368
0.5874828475
0.2873196607
0.288496678
0.3013677708
0.5870277658
0.3148794585
0.5154590338
0.296904289
0.6882254392
0.9022036654
0.2921296475
0.3577198147
0.4790721803
0.4295474808
0.7237632235
0.6507380884
0.8499650135
1
0.6802049661
0.4072905861
0.2918029092
0.4506241853
0.5043269288
0.4312835009
0.3665904181
0.3327974827
0.5222803604
0.3659751192
0.302720101
0.3771878945
0.9751839924
0.8947244506
0.6636072966
0.577026563
0.3624760856
0.7649972967
0.2942709555
0.5922631961
0.298342175
0.4835099088
0.2874820586
0.3755718404
0.9747688393
0.3164346176
0.3686038579
0.5920354853
0.298528718
0.7061176717
0.439279654
0.958940015
0.3883150592
0.538262661
0.4116708033
0.3479204322
0.3781631979
0.7893285082
0.3408313104
0.6775231194
0.8085181416
0.9439006008
0.9451720744
0.3997650496
0.2897945455
0.4620101644
0.3157493076
0.5557588419
0.8622202005
0.3775125246
0.33425906
0.8318337306
0.3194579408
0.4860574033
0.3483332408
0.2918835615
0.2872539563
0.3058406802
0.3248038967
0.7019413692
0.5929463689
0.3017178571
0.7711611239
0.4778091393
0.2929050162
0.6330402111
0.287816734
0.2905031377
0.4611893898
0.4571025213
0.4500207741
0.2874028785
0.307545266
0.2942214627
0.4577137252
0.3667445541
0.4240023054
0.45324683
0.3306444315
0.7252752601
0.3171275694
0.390190487
0.751678798
0.5781619091
0.6330402111
0.8015439279
0.2901383601
0.3829363784
0.287714998
0.7980237439
0.796648927
0.3773501506
0.3908757757
0.6079862813
0.9032321922
0.4189080896
0.6959842951
0.2872981103
0.9213520944
0.2913334626
0.2891699149
0.311527649
0.3189443806
0.5463171775
0.4943926542
0.3299372975
0.4512282802
0.5808880394
0.287161435
0.4243823116
0.3817753179
0.3509759564
0.3526700084
0.3086362623
0.2979127829
0.3010906858
0.4484150427
0.2895002013
0.2874216232
0.390190487
0.4892533302
0.2881360399
0.2876875043
0.50302518
0.3335256614
0.9873368234
0.9002813924
0.316631825
0.924545488
0.6102657704
0.8453744507
0.6507380884
0.5702220078
0.2947240591
0.2880458982
0.4830861403
0.9283283524
0.336741205
0.4538538535
0.2885183705
0.3315954963
0.2921296475
0.5429565133
0.289674725
0.6541308096
0.3104560743
0.3198715613
0.7211661978
0.4175984223
0.3261432636
0.2911080489
0.4980515389
