0.5923875576
0.5910264365
0.5232703472
0.755330361
0.6841417509
0.2866056441
0.4164852349
0.2961824146
0.337030732
0.979117685
0.703072459
0.3662001711
0.2861157587
0.3465276915
0.9346924262
0.303294377
0.5517395345
0.9658718426
0.5195304805
0.4031417585
0.4967024584
0.300862875
0.8144029629
0.3385634927
0.715253857
0.4719274835
0.4892107062
0.4482193212
0.6032821289
0.3689978517
0.2990733612
0.372470676
0.9361296292
0.3224085114
0.7613182298
0.391025092
0.3702539419
0.2864704678
0.9265283915
0.6001038249
0.7561590413
0.2909189614
0.5439069028
0.8695742983
0.6781492236
0.2925126568
0.4849592919
0.3960566601
0.3515413251
0.8710419856
0.3239459676
0.2915561041
0.7309354871
0.3450305621
0.6289205428
0.3107320346
0.671912835
0.4735958844
0.3494312441
0.3192136409
0.9957071604
0.3243906376
0.2890739407
0.5186521377
0.2993413932
0.6393300624
0.8108119277
0.2875195194
0.6225738528
0.3085145115
0.9073644039
0.3037556
0.4788351345
0.5401143634
0.9060922252
0.335143421
0.5772048886
0.8162825711
0.8387935635
0.3073162271
0.3084278801
0.3159573107
0.6665509472
0.8606224751
0.8700643052
0.8224335848
0.8127051623
0.485807794
0.2973959606
0.5989688157
0.2931424405
0.9849551685
0.3046956141
0.7052566918
0.3918861682
0.6694571066
0.3768117039
0.6271078792
0.2933419959
0.384402694
0.4373252834
0.837722294
0.7296556227
0.490703881
0.6553369479
0.785375267
0.3704114979
0.3833988793
0.576978626
0.2871752205
0.2922316845
0.3611752182
0.9415030193
0.6852490715
0.2998168258
0.5305604372
0.6867980128
0.3394669477
0.3538248755
0.4151834372
0.4973475547
0.4973475547
0.2866797631
0.3385634927
0.2889449296
0.8183417681
0.4116734087
0.2994088154
0.4779943029
0.3241680036
0.3242792459
0.4151834372
0.5010115482
0.2866347693
0.3531076502
0.2860119152
0.3154627758
0.2865358786
0.2860145333
0.3207940103
0.8297809506
0.3122031994
0.6336757551
0.459547496
0.2864579083
0.7043834523
0.2869461846
0.2878572237
0.4671535951
0.2916439628
0.4460215441
0.4383056756
0.8993242923
0.5663600415
0.3988708207
0.286522448
0.2963007547
0.4284035589
0.7292286293
0.2860686382
0.5363302899
0.3179740743
0.3263070954
0.9541851196
0.2868410566
0.8747607979
0.4011769139
0.6927577386
0.4386984032
0.9661391344
0.9880536593
0.5926144316
0.2890739407
0.3195269732
0.3555595433
0.8560542488
0.4052992039
0.357166078
0.3815691264
0.4579153213
0.6114552106
0.2879860667
0.4131471151
0.7482517005
0.7234463361
0.3544010119
0.4982083854
0.8991780413
0.34887362
0.3027637043
0.865957262
0.4518354514
0.783984148
0.5338865262
0.4486199092
0.6732509944
0.8240971977
0.5686164942
0.2866645911
0.4301349681
0.6411376979
0.2867106294
0.6631926177
0.3592332832
0.3295567858
0.4406668966
0.2868410566
0.3825654716
0.5957912098
0.605325448
0.4990700124
0.2874966986
0.7983353125
0.3238351742
0.3141951561
0.3173625737
0.7711240488
0.4388948889
0.4593432285
0.5695195334
0.3292030974
0.9130619748
0.5629786144
0.2949250316
0.3258522988
0.2865494834
0.3194223765
0.3809071752
0.9089088166
0.7109176522
0.2864832015
0.301076536
0.2894085395
1
0.4324543317
0.2931920747
0.5193108357
0.4067455182
0.9659610478
0.5826386567
0.3458451404
0.2869826187
0.9301694546
0.2864094128
0.456897508
0.3253998773
0.7865651705
0.2883129538
0.3682167434
0.5072938511
0.6794827476
0.5665856112
0.4864447598
0.9729871642
0.2903590585
0.7334901434
