 4.2238e+00, 9.4455e+00
-9.6229e+00, 3.1680e+00
 9.3311e+00,-6.4850e+00
-3.7522e+00, 6.6261e+00
-5.5202e+00, 6.7960e+00
 1.7464e+01,-8.7314e-01
 5.2048e+00, 1.2200e+01
 1.4225e+01,-8.3750e+00
 1.2003e+01,-8.9233e+00
 3.5598e-01,-2.1137e+00
 2.7331e-01, 8.5575e+00
 1.0237e+01,-9.8530e+00
-1.4600e+01, 9.5672e+00
 5.5506e+00, 1.3694e+01
 3.3779e+00, 2.1437e+00
 1.3618e+01, 8.8253e+00
-3.5179e+00,-1.0129e+01
-2.4510e+00, 1.1352e+00
 3.7291e+00,-1.0690e+01
 7.4621e+00, 1.1294e+01
-1.3106e+00,-1.1557e+01
 7.8771e+00,-1.4123e+01
 5.4204e+00,-3.7951e+00
-1.4710e+01, 6.5261e-01
-8.1341e+00, 4.1598e-01
-8.6563e+00, 8.4615e+00
 6.8445e+00,-9.6876e+00
-8.0993e+00,-9.3893e+00
 8.5155e+00, 5.6216e+00
 1.2320e+00,-1.3979e+01
-1.6024e+01, 1.9900e+00
-1.3467e+01, 3.5196e+00
-9.1849e-02,-3.7056e+00
-3.6518e+00, 1.4949e+01
 4.9705e+00,-5.6585e+00
-7.4545e+00, 1.1409e+01
 1.2703e+01,-6.2605e+00
-9.4868e+00, 1.4570e+01
-3.6590e+00,-1.3874e+00
-8.4774e+00, 5.3476e+00
-2.1620e+00,-7.1536e+00
 1.6745e+01, 2.6435e+00
-1.0818e+01,-5.2289e-01
-3.2359e+00, 4.3695e+00
 8.8922e+00, 1.5222e+00
-1.6336e+00,-1.6500e+01
-7.2131e+00, 9.4772e+00
-1.8880e+00, 1.3465e+01
 9.2038e+00,-1.1254e+01
-4.9541e+00, 1.9531e+00
-1.4575e+01,-4.0698e+00
-1.1267e+01, 1.2358e+01
-2.6911e-01,-7.9221e+00
-1.0778e+01, 9.9083e+00
 5.7805e+00,-7.7369e+00
-9.6009e+00,-1.2296e+01
-8.0302e+00,-3.6231e+00
 8.1856e+00,-8.9696e+00
 1.4444e+01,-2.6688e+00
 1.5531e+01, 1.3250e+00
-9.9888e-02, 1.1852e+00
 7.7663e+00, 1.3317e+01
 1.6464e+01, 4.7510e+00
 1.0585e+01, 4.5805e+00
-1.5806e+01,-3.1144e+00
 8.8211e+00,-3.7189e+00
-5.7998e+00,-2.8563e+00
-1.2171e+01,-1.1900e+01
-6.4915e+00,-7.0559e+00
-7.7476e+00,-1.3650e+01
 3.6754e+00,-2.8166e+00
-1.4544e+01,-6.3876e+00
-1.1655e+01, 2.4557e+00
-3.5604e+00, 1.0481e+01
 1.2664e+00, 4.5561e+00
-5.0491e+00, 1.4113e+01
 1.7320e+00,-1.0240e+01
 6.0643e+00, 2.8028e+00
-3.0824e+00,-5.0798e+00
-1.1812e+01,-1.0388e+01
 4.6430e+00,-1.5103e+01
 1.5008e+01,-4.4815e+00
 7.1134e+00,-5.6850e+00
 2.6659e+00, 5.1291e+00
-6.6046e-01,-5.2982e+00
 1.1492e-01, 6.4907e+00
-6.4140e+00,-6.2421e-01
 8.8864e+00, 8.1691e+00
-7.5481e+00, 1.4533e+01
-7.8971e+00,-6.0520e+00
-5.2029e+00,-1.5668e+01
-1.5702e+00,-7.4871e-01
-1.2657e+01, 9.6955e+00
 6.3102e+00, 5.8365e+00
 1.2899e+01, 4.8337e+00
 8.3259e+00, 3.8439e+00
-1.3526e+01,-2.6457e+00
-9.4392e-01,-9.5287e+00
 1.1146e+01, 1.2536e+01
 4.2148e-01, 1.3855e+01
 1.2859e+01, 8.8957e-01
 6.0766e+00,-1.3395e+00
-7.1447e+00, 3.4924e+00
 1.1794e+00, 1.1870e+01
 2.0185e+00, 9.1252e+00
-1.4844e+00, 6.9839e+00
-1.1809e+01, 7.5267e+00
-6.1482e+00,-1.2191e+01
-9.4859e+00,-3.9979e+00
 6.0651e+00, 1.6271e+01
 2.5603e+00, 1.6608e+01
 9.9173e+00, 1.0498e+01
 1.7303e+00,-3.1793e+00
 3.1440e+00,-8.1392e+00
 6.4402e+00,-1.4875e+01
 1.0427e+01,-4.2985e+00
-1.8695e+00, 8.5872e+00
-1.4638e+01,-1.2193e+00
 5.6635e+00,-1.3277e+01
 1.0919e+01, 7.6249e+00
 1.0171e+01, 6.1445e+00
 6.5062e+00, 9.9265e+00
-1.0026e+01,-1.3957e+01
-6.7172e+00, 1.3269e+01
-1.6116e+01, 5.0543e+00
 1.8468e+00,-6.1666e+00
-3.1732e-01,-1.3130e+01
 2.9312e+00,-1.5929e+01
 3.3909e+00, 1.1681e+01
 1.4059e+01, 6.3863e+00
-2.4082e+00,-1.4980e+01
-1.1656e+01,-5.7483e+00
 1.1439e+01,-2.7755e+00
-4.9886e+00, 1.6656e+01
 3.5639e+00, 1.4156e+01
-1.4636e+01,-9.5571e+00
-1.3448e+01, 7.7000e+00
 5.2239e+00,-1.6523e+01
-1.6568e+01,-5.5379e+00
 1.1477e+01, 1.0492e+01
-5.1247e+00, 3.4834e+00
 1.0049e+00,-1.5585e+01
-9.3002e+00, 1.6890e+00
 1.2174e+01, 2.8748e+00
-1.5406e+01, 7.8930e+00
 8.3777e+00,-1.7896e+00
-1.3328e+01,-1.0741e+01
-2.3147e+00, 1.7040e+01
-9.7693e+00,-7.0776e+00
 1.5270e+01,-7.0866e+00
 2.6253e+00,-1.2257e+01
-5.5741e+00, 1.1461e+01
-2.1421e-01, 4.8484e+00
 7.1079e+00, 8.0965e+00
-1.3242e+01, 1.6776e+00
 1.9586e+00,-1.7192e+01
 1.2407e+01,-1.0839e+01
-3.8893e+00, 1.2351e+01
-6.1555e+00, 5.1033e+00
-1.5750e+01,-7.3796e+00
 1.1210e+01, 7.2184e-01
 1.5577e+01,-1.1230e+00
-1.3821e+01, 6.1390e+00
-1.4305e+00, 2.9032e+00
 1.1938e+01,-1.2562e+01
 3.9486e+00, 3.8247e+00
-8.7895e+00, 1.0119e+01
-4.8734e+00,-6.9507e+00
 9.6122e+00,-8.4057e+00
 3.5627e-01, 2.8577e+00
 1.7409e+00,-5.1157e-01
 4.2456e+00,-9.2593e+00
 8.2162e+00, 1.5024e+01
-1.3257e+01,-7.5798e+00
 7.1067e+00,-1.2538e+01
-4.1527e+00,-3.7243e+00
 1.2753e+01,-4.2669e+00
-1.0588e+01,-9.4932e+00
-7.9244e+00,-1.1155e+01
-1.0249e+01, 6.8284e+00
 5.6107e+00, 8.3560e+00
 1.3503e+01, 1.0772e+01
 4.4183e+00,-1.2396e+01
 4.2465e+00, 6.6315e+00
-5.8791e+00,-5.4029e+00
-3.4994e+00,-1.3896e+01
-1.6070e+00, 1.1660e+01
 4.8418e+00, 9.2098e-01
 3.4415e+00,-1.4122e+01
 1.5927e+01,-2.9984e+00
 2.8756e+00,-4.7190e+00
-1.1537e+01, 4.5280e+00
-6.7200e+00, 1.9764e+00
-1.0654e+01,-2.6503e+00
-1.1864e+01,-3.5720e+00
-8.7464e+00,-9.9812e-01
 6.4973e+00, 5.0074e-01
-4.7756e+00,-9.2886e+00
-1.7191e+01, 6.7452e-01
 1.2907e+01,-1.5757e+00
 9.5897e+00,-8.1504e-02
 1.0451e+01, 1.4010e+01
-3.4241e+00,-8.2996e+00
 1.4467e+01,-2.6771e-02
-9.5349e+00, 1.1702e+01
-1.2512e+01,-9.0688e-01
 1.0360e+00, 1.7364e+01
 1.3697e+01, 2.7030e+00
-5.0515e+00, 8.8211e+00
-7.3132e+00, 6.7752e+00
 3.2001e-01,-1.1604e+01
-7.7747e+00,-1.5170e+01
 1.8705e+00, 6.7185e+00
 1.7877e+00, 1.5287e+01
 9.2323e+00, 1.2783e+01
-1.8150e+00, 1.5469e+01
 6.9178e+00,-2.7110e+00
-2.8766e+00,-1.2270e+01
-4.5488e+00,-1.1351e+01
 1.0608e+01,-1.3447e+00
-6.0712e+00,-1.3709e+01
-2.2555e+00,-3.6453e+00
 1.0529e+01, 2.5191e+00
-1.6295e+01,-1.5671e+00
-2.6356e-01, 1.5308e+01
 4.5095e+00, 1.6893e+01
-1.4966e+01, 3.2833e+00
-1.1110e+01,-7.9893e+00
-4.3898e+00, 4.0327e-01
 3.1866e+00, 7.8567e+00
 1.6568e+01,-5.5921e+00
 9.2641e+00,-1.3261e+01
-4.3422e-01, 1.7025e+01
 1.2284e-01,-4.9510e-01
 6.0010e+00,-1.1332e+01
 1.5613e+01, 6.1724e+00
-6.6311e+00,-9.0409e+00
 1.8167e+00, 1.3297e+01
-1.3392e+00,-2.2804e+00
 3.3590e-01, 1.0451e+01
 1.1968e+01, 8.7457e+00
 1.5648e+01, 7.6864e+00
 4.0649e+00,-4.9166e-01
 1.4348e+01,-9.9623e+00
 1.1143e+01,-5.6257e+00
-7.7141e-01,-1.5130e+01
 5.6937e+00, 4.4475e+00
-1.2736e+01, 1.1297e+01
 1.2539e+01, 6.8425e+00
-1.0204e+01, 5.2501e+00
-3.4273e+00, 8.1898e+00
 7.5735e+00,-7.4891e+00
-1.1739e+01, 8.6907e-01
 1.8868e+00, 1.8626e+00
-6.3548e+00, 1.5643e+01
 1.5905e+00,-7.7546e+00
