0.7247242943
0.8617995004
0.2865124628
0.2863630747
0.4372499675
0.3181421099
0.2881946448
0.3683364056
0.8064174496
0.369117209
0.3612980755
0.292435885
0.3359116145
0.2945652427
0.9098341352
0.3110055574
0.5214596979
0.5667981017
0.5670239186
0.4483439627
0.2939394042
0.288349958
0.9755540051
0.4134466336
0.3438186936
0.3937304794
0.5105023982
0.8838758738
0.3325799315
0.9956810673
0.4979305366
0.7313653419
0.2986996853
0.9362693096
0.4016471663
0.4643968078
0.3660124
0.54119375
0.4681154268
0.5005184405
0.8159228937
0.624892748
0.2932889871
0.336918796
0.4036143141
0.2868062634
0.5665723022
0.5394093605
0.3394763745
0.8311182296
0.6818355054
0.6644186071
0.8550055249
0.3415628529
0.6572302595
0.2865201498
0.9360288856
0.2964706069
0.7748657865
0.7106631224
0.2888533367
0.6276160746
0.7648826481
0.7317922766
0.3211700393
0.700609402
0.9342127878
0.3516699936
0.8891398853
0.3538083893
0.2865971907
0.7803051821
0.5289665714
0.418843284
0.286769064
0.4331553074
0.4539818837
0.6112628353
0.3059360013
0.444552152
0.3435512301
0.2909754863
0.9028533204
0.3103750152
0.2899925361
0.4192183704
0.5314041167
0.7268713468
0.3523794916
0.308186764
0.8207948141
0.7043342486
0.578108018
0.366474983
0.2864039627
0.2874917763
0.2875320819
0.2887655432
0.3853572993
0.5331794516
0.3598031613
0.647538546
0.716742036
0.2917672013
0.3166265995
0.3081013119
0.2895781262
0.9071543304
0.5792409001
0.8773905164
0.2867219074
0.2952154548
0.4331553074
0.289412788
0.35568557
0.8679640634
0.6189886485
0.9615441947
0.3558308819
0.6466353188
0.4351005505
0.9667354431
0.4823502613
0.2992244135
0.653853361
0.8039172823
0.3447591425
0.3162283371
0.9873765788
0.4519616242
0.8281927205
0.8834064096
0.5122485309
0.2929506656
0.4254600765
0.5265332543
0.3024472878
0.2895781262
0.3176330831
0.5810541165
0.9350631346
0.898320062
0.5948992143
0.3041891881
0.4693597273
0.4235582425
0.6144445469
0.3344179518
0.2962946527
0.5155299208
0.2998274442
0.4582481381
0.4829847232
0.4331553074
0.2863471733
0.6258006536
0.8646463068
0.6382688407
0.4972846841
0.5094124905
0.2992907528
0.8198617386
0.6135355419
0.8536308046
0.3108246093
0.7176078112
0.3515284914
1
0.2903942094
0.782108323
0.7691784338
0.2899925361
0.3352867539
0.9638102595
0.3892547525
0.4549947668
0.3201114136
0.7593223928
0.9513365119
0.4491457735
0.6791667244
0.4392126377
0.3122899142
0.2873006891
0.286433841
0.6749327859
0.8226554445
0.3341710122
0.3292361988
0.5589061375
0.5787877113
0.286769064
0.3402546151
0.3780676492
0.2881693665
0.5203594062
0.7362636627
0.6845000267
0.2866260135
0.2863520661
0.6951127417
0.3012866801
0.7341370507
0.4354906056
0.2906606601
0.4815051279
0.397222758
0.515749016
0.6527267587
0.5874055512
0.782108323
0.6840562416
0.2863681422
0.5580057449
0.4810829128
0.3897674264
0.9641819323
0.5210194647
0.3904525248
0.2864394322
0.3634122161
0.6064896072
0.2897822271
0.4672872053
0.3782308498
0.3148539835
0.3738656143
0.5031133934
0.2863608031
0.8498232855
0.3086164278
0.2869415981
0.7697900179
0.8270906598
0.5744849131
0.3705303273
0.3841828386
0.7047717588
0.5634129812
0.3084440818
0.4039733002
0.2863681422
0.3212767383
0.4212879364
0.286483461
0.3515284914
0.7487099935
0.6312451915
0.2863482217
0.9671825318
0.2950506201
0.3034972777
0.8885260115
0.5089768382
0.3851891819
0.6328321307
