0.2875659526
0.5538976595
0.7765801073
0.9278414045
0.727353565
0.626602519
0.5471557484
0.6356999297
0.6356999297
0.2873540239
0.7739365873
0.3283881743
0.6484045797
0.3539151758
0.2952120222
0.4181143138
0.5397679181
0.4451707216
0.8809120088
0.3093743452
0.4964898878
0.3424974041
0.3182990738
0.3300194005
0.4771272893
0.8749386387
0.796563519
0.5259808133
0.5960713277
0.4347299024
0.6601562137
0.9614461009
0.296814658
0.6443257815
0.5981216426
0.9944116334
0.3636465913
1
0.7020862266
0.5326357204
0.622504335
0.4270066607
0.6671359144
0.2878011088
0.3155210811
0.8413578396
0.2881996453
0.4834580721
0.2964147851
0.5837806612
0.3016855102
0.2876703195
0.2926090073
0.2890343921
0.3089443089
0.9221904664
0.8955381407
0.3962033856
0.3306089834
0.2871790082
0.9615450062
0.4314305683
0.5248748372
0.4277726909
0.2908576629
0.6576745899
0.2887613128
0.4485673945
0.2876431784
0.3591534955
0.3001096431
0.7053835134
0.7607779456
0.3343459506
0.4004310009
0.6959096792
0.3080123882
0.6752128332
0.3184005396
0.9257600676
0.8495227364
0.4231980069
0.6174928661
0.3337337653
0.2877858775
0.2883807313
0.5602096166
0.8700077609
0.9483625589
0.7425284054
0.6905941813
0.2907504061
0.8010679831
0.8156943105
0.4542102065
0.3519240839
0.5516478214
0.3506578891
0.2879975144
0.5290824484
0.2895266381
0.4038205057
0.4194258109
0.2879126214
0.4268153754
0.6229597944
0.3339782055
0.3398877813
0.5136500957
0.3374608452
0.731008531
0.3820655093
0.7557838155
0.387425499
0.7450690183
0.2871749784
0.3585631304
0.3203576966
0.409612208
0.770054883
0.4378575224
0.8368503487
0.9517848288
0.895689421
0.9279706448
0.5658593048
0.7896418142
0.3395011842
0.2933747466
0.3799214833
0.294590591
0.3287352839
0.3187058645
0.314367993
0.6402422051
0.3045574729
0.327927437
0.3505178706
0.7416799333
0.3857380429
0.3020396978
0.5473801017
0.2954781731
0.4531982378
0.8438606231
0.3286194326
0.4906964494
0.4068845287
0.440217196
0.4335626098
0.2889326541
0.8243473754
0.348986549
0.4788101824
0.4419946762
0.4644293671
0.8614485037
0.5774187505
0.6734207984
0.9847689074
0.9610494139
0.7134803152
0.3032008425
0.2874102519
0.2884017241
0.5255383106
0.3050214811
0.3787751376
0.4971359743
0.6288782506
0.5160621022
0.2986847449
0.3915208431
0.6484045797
0.2885093032
0.391005449
0.3794294923
0.3896359008
0.9510208157
0.2872473373
0.9873596967
0.4949841713
0.3322793112
0.8477621351
0.2891922171
0.3239978644
0.2980638418
0.2937044279
0.361835585
0.4000763872
0.6222765962
0.3369564463
0.5339704629
0.3053340878
0.2871306487
0.4566464522
0.8737950707
0.3080963023
0.2907504061
0.7739365873
0.2871790082
0.3771474565
0.5746952755
0.5974381626
0.6113399397
0.6013116778
0.2872121223
0.8772129605
0.4906964494
0.925235773
0.2897938625
0.8026264039
0.2875179671
0.344759417
0.4588888754
0.8484673413
0.6031348253
0.6987807866
0.7247657595
0.8573449082
0.4302720399
0.2872289416
0.2947950137
0.3334899044
0.3262208746
0.3323997159
0.2909300311
0.727353565
0.2871422132
0.4088826365
0.7759709661
0.2873040985
0.3756926299
0.3177940668
0.4735643433
0.3196301724
0.4633995181
0.3067730738
0.5377586734
0.5505238331
0.2873452653
0.3368307033
0.2871968795
0.3569503118
0.576056763
0.3297845972
0.3524903096
0.2890863048
0.288180397
0.3800857131
0.4576646542
0.2873200399
0.9382275718
0.6579002935
0.8733036673
0.3823970908
