0.2878990388
0.9604724263
0.8172112578
0.4110270718
0.5042587859
0.454966873
0.3882475693
0.9089472379
0.961189658
0.3090537282
0.2893146557
0.2922020234
0.912250146
0.2880242761
0.4678957321
0.6457478386
0.2972303276
0.697247753
0.3091383423
0.7572998497
0.4737294791
0.3136666777
0.4576114586
0.376492883
0.3802365947
0.4046744483
0.2932277242
0.3116622148
0.2880808283
0.3075583692
0.5079605913
0.5898360766
0.8807537156
0.2881170055
0.3509948238
0.350715283
0.6600369269
0.5654939596
0.5222346599
0.302176694
0.2896223281
0.4101120285
0.2918219547
0.7358874741
0.3226591211
0.4225749255
0.7493047223
0.3033896434
0.3037554985
0.3420589733
0.3328889115
0.3143205933
0.4588362105
0.4379961845
0.6259242075
0.6527876448
0.3790905956
0.4724750589
0.3331298989
0.295092359
0.5427181138
0.4016339648
0.969666871
0.3779503646
0.294079212
0.7629333594
0.9581844428
0.8868285852
0.3603695915
0.5429423009
0.6083347483
0.7382441593
0.4366246356
0.3337349233
0.5654939596
0.5528345377
0.290628127
0.3916624416
0.4586319038
0.7041041064
0.9082225634
0.3393429279
0.5088335901
0.3556846228
0.6204440538
0.3906333133
0.3857158371
0.3041254817
0.3484984639
0.8849240889
0.3126548089
0.5068703967
0.3531085299
0.6867911248
0.741661678
0.3654921375
0.8301806968
0.7348143598
0.400568029
0.3942525757
0.4014560473
0.9944016902
0.3196240515
0.9002461792
0.4664454653
0.8982853167
0.8175920723
0.4108438649
0.5512572827
0.9509024756
0.5154042504
0.7850479107
0.6708711059
0.8797828325
0.2902968567
0.7908650316
0.2887522945
0.4904531624
0.3152682014
0.8103079383
0.9260178353
0.2920479212
0.8023357694
0.4664454653
0.6659118371
0.9392893126
0.3223391601
0.291249844
0.9977994983
0.3885870492
0.2885532843
0.6035363616
0.6881299063
0.3838754817
0.2952938911
0.5593816152
0.9970579878
0.419935409
0.5661740166
0.2918591834
0.2924783529
0.3642735983
0.8612596366
0.4722662159
0.2921246267
0.3179052848
0.2993234918
0.5033897969
0.7722314685
0.3261572413
0.53444511
0.751837715
0.3779503646
0.3124729013
0.7354583695
0.3281928395
0.2930139656
0.6881299063
0.351977461
0.2909475338
0.6872375071
0.2910134992
0.5494562615
0.3198292063
0.3664113345
0.2905052302
0.2916384072
0.3687290319
0.6039933157
0.6085632561
0.9442210479
0.2933580447
0.4923814584
0.8255221525
1
0.2889963378
0.3437714283
0.850639297
0.3047260258
0.2878656623
0.3134812714
0.5409257023
0.4902391842
0.8581575787
0.287936981
0.4533456698
0.804290819
0.302741526
0.492810573
0.2897229309
0.2982211875
0.6865678883
0.2935786851
0.591889692
0.2885225683
0.3269430889
0.6245544829
0.4701813872
0.4102948387
0.9513504084
0.296020749
0.2890980732
0.291896585
0.8915332148
0.6094772911
0.850462665
0.3500187961
0.3526833748
0.3188096285
0.436233523
0.7246710575
0.6261524719
0.7581369624
0.3972176099
0.5382407926
0.3293446522
0.3268303741
0.6220427572
0.4851206982
0.2905663309
0.492810573
0.3763315357
0.9793740442
0.5745746079
0.8873026951
0.33819806
0.2895730735
0.6211292413
0.2900691586
0.6172460184
0.2880722228
0.7450666309
0.3435064357
0.6509724202
0.4635550003
0.6256959364
0.2893600691
0.794448572
0.287870581
0.3956440033
0.9915854379
0.8442300891
0.3165236431
0.2883400032
0.287889553
0.3766543496
0.3469946413
0.9437474721
0.3251577105
0.428099737
0.5505817026
0.2883661617
0.4189971668
0.2883930217
0.6209008501
0.3441699625
