0.5983165661
0.2876172314
0.4908864281
0.584469563
0.4906728372
0.6688794627
0.5722398705
0.3220184162
0.5179729724
0.4224567127
0.7711372395
0.5769916225
0.4821745121
0.8489915725
0.5214897929
0.969110559
0.2893400479
0.7287482501
0.512498695
0.3001275325
0.6008155383
0.3435596679
0.812793656
0.3355389407
0.2907107371
0.333926044
0.3488770655
0.8773905266
0.7686942712
0.9519428209
0.2869897615
0.4201926889
0.8951711043
0.6937579242
0.5077034375
0.4138503706
0.4289416372
0.4710588623
0.4118218627
0.3431592382
0.2878684619
0.7907589318
0.9724755922
0.2903259361
0.2951631525
0.6820312962
0.306976519
0.5826556589
0.333926044
0.2978240282
0.2993816447
0.290750162
0.3324587525
0.7082262949
0.2922379874
0.6194443188
0.7188592729
0.3779298964
0.7565623051
0.8424931264
0.4431990375
0.7486465404
0.3692957786
0.5133728228
0.3488770655
0.3289989794
0.3150310938
0.7856119094
0.3253245763
0.317416044
0.9398349777
0.3049416238
0.3697662828
0.3983098547
0.7686942712
0.4849265909
0.6362254754
0.5983165661
0.3635837244
0.3001963341
0.4386595613
0.2888374085
0.3401306398
0.8719080355
0.7007927368
0.3049416238
0.287005991
0.9580778459
0.382707877
0.6895643922
0.9356878339
0.475442575
0.9277840799
0.8736928288
0.3451737424
0.5347619765
0.4519985671
0.2917042592
0.5530828331
0.3229960619
0.4879010943
0.4696038482
0.3748524551
0.5571276045
0.2985260326
0.3026337018
0.5726921527
0.3300595821
0.3331898051
0.7283202662
0.3543985911
0.6074047291
0.8719080355
0.2867017626
0.4058070261
0.685580757
0.5951366598
0.3101725171
0.3660330541
0.3995467998
0.4449868026
0.8453167283
0.5555537731
0.3085039802
0.6911107694
0.4992573039
0.9932555542
0.783022198
0.8653298077
1
0.2995830798
0.2894059865
0.7875966814
0.6441413369
0.4224567127
0.3745309871
0.7177788207
0.5133728228
0.2869737061
0.6030875747
0.7034213093
0.7308854017
0.7478088384
0.2975116109
0.3581904482
0.7782133633
0.4979644169
0.3434260537
0.3054207794
0.5087913873
0.2894726155
0.3691391871
0.3664958392
0.2911538478
0.2886894093
0.6542906094
0.2866767977
0.3724530339
0.286408069
0.4138503706
0.4279815706
0.4977491105
0.3157174788
0.9583746006
0.5072685736
0.2902884013
0.4300965836
0.4934536786
0.3406520726
0.2965994559
0.2910309411
0.6407509143
0.4256863546
0.901363516
0.2864398533
0.7345078148
0.2971422274
0.8482943437
0.681364915
0.2875310866
0.3021897649
0.8624926718
0.3159149871
0.3227777515
0.8074645169
0.2862587354
0.2875954346
0.3236546046
0.9552621263
0.5899146587
0.4121898171
0.2862428397
0.3196802764
0.4329974828
0.5935470364
0.3420974941
0.6223956036
0.5524094273
0.2871244736
0.893672632
0.4741872641
0.2914042882
0.356429474
0.2883790422
0.6933170675
0.2865949142
0.3007526976
0.321910544
0.4022144594
0.2909095778
0.9861780399
0.2865624378
0.2865839142
0.3121761281
0.4775396854
0.9990821678
0.4129268816
0.4061684978
0.6708916959
0.4171945907
0.5607288508
0.3256626035
0.9174657652
0.8284407711
0.2921022492
0.2865315315
0.4380706057
0.7112742317
0.8003385759
0.5465825068
0.2886894093
0.4107203212
0.2915746735
0.2863041498
0.316113116
0.6742407742
0.6235304224
0.5409965605
0.5903686166
0.4285573492
0.4326095881
0.8456682412
0.3735694302
0.3207339484
0.8061236231
0.3958513483
0.350695147
0.3465338282
0.8993176232
0.4422085945
0.2868960426
0.4349420171
0.9163867422
0.6994764749
0.6655212919
0.7080082901
