0.3207606549
0.2856018364
0.6137517865
0.8582117148
0.8056563059
0.8983266601
0.3392392437
0.6644780102
0.3855311328
0.8849843644
0.3130739757
0.8289549009
0.3097460306
0.9554367539
0.4366982542
0.3099255585
0.9265889349
0.2888243795
0.3305101072
0.6680510636
0.5518442766
0.3843542476
0.3675331683
0.3164029175
0.2860597315
0.5815770738
0.3830159501
0.5026680957
0.8052743993
0.3355384114
0.3012937888
0.3002900888
0.4418110241
0.3965394617
0.4821497185
1
0.5429040633
0.4114504815
0.2880139115
0.3237032172
0.679395681
0.2868245555
0.9268401831
0.8338345714
0.3913242888
0.2858067725
0.3210821878
0.4125547521
0.7103320805
0.4029217927
0.3371827758
0.3490697756
0.8085116833
0.5258242121
0.6388647472
0.3208676814
0.7977720712
0.7923222578
0.5601474737
0.3457578111
0.4983544547
0.3621635451
0.2894172383
0.2867836608
0.3183409159
0.8973037193
0.4186890382
0.3727328704
0.4693814212
0.3914965808
0.4509863755
0.2857518842
0.9113420102
0.47083497
0.5718610112
0.5659985141
0.6987857765
0.664254489
0.9498110697
0.2867039536
0.7461342185
0.596070126
0.4507852072
0.7075099915
0.303943263
0.2870618762
0.3179283181
0.5089561024
0.3856997047
0.8973037193
0.7444600743
0.8225469802
0.6239453749
0.3124109351
0.4314474295
0.2969073827
0.5322346407
0.8727032197
0.3080721689
0.5061326121
0.8316727381
0.6727309003
0.5451352415
0.4059814557
0.3069600321
0.6422480162
0.9638604361
0.2876791976
0.2884672663
0.4525983776
0.3901212676
0.2874954434
0.3050587842
0.2896383385
0.9143346142
0.4615465856
0.8661982547
0.5516202871
0.4800412244
0.3652133711
0.6541728356
0.4656582597
0.2870844909
0.9693918794
0.4731253838
0.4475766723
0.5969767146
0.3266396885
0.963137915
0.6001501556
0.3970662066
0.6787303518
0.2885306455
0.5531887015
0.3324436702
0.3556312969
0.9717519295
0.7224090716
0.2872958203
0.2977286744
0.6142050573
0.5928975768
0.2932253929
0.3638347975
0.9886613155
0.2866082245
0.2871302403
0.2915835587
0.4061623337
0.3111999481
0.4378732824
0.2856459301
0.8068003501
0.3169075449
0.3942678233
0.6055911033
0.5315701765
0.6738434328
0.7932992675
0.6720630584
0.8249378145
0.4138474084
0.2877061399
0.770423492
0.3012937888
0.7862282601
0.2932253929
0.3232603799
0.7247654193
0.3977699941
0.6959377002
0.7315889027
0.876856784
0.2937985149
0.3303904885
0.5581251091
0.3617103738
0.5944837433
0.3836842007
0.9729366187
0.4697964015
0.2859102656
0.3918414876
0.2857666957
0.2867634737
0.5384500837
0.2887249182
0.5154998074
0.2867039536
0.6273401025
0.7806709243
0.3092999827
0.5067835151
0.7360406252
0.6307327452
0.2858999866
0.3782254374
0.3021049488
0.4548225142
0.3967149388
0.8603939559
0.2871766828
0.365983568
0.2865711481
0.5842921774
0.4422065514
0.8607284249
0.7919309918
0.3229298225
0.7746622294
0.2990470194
0.7669728812
0.2884358353
0.8296813383
0.3476803903
0.662689183
0.3180312382
0.3248207527
0.2906260175
0.3337943599
0.3073845806
0.4331909432
0.2865895995
0.3027073006
0.290964658
0.2862995488
0.7114156994
0.787412612
0.4683450959
0.28604719
0.2862386
0.2861250486
0.8539754506
0.5536370266
0.2867634737
0.9175457646
0.3675331683
0.6747329692
0.4289411629
0.2861116372
0.3818508529
0.6408951023
0.9283392902
0.5074348233
0.2970944134
0.3192781913
0.2857902193
0.285699606
0.4902135382
0.3036303731
0.6458530593
0.3027833283
0.642022568
0.354904685
0.2856349505
0.941855972
