0.3537684744
0.6475412191
0.2863471142
0.5710031635
0.5265020837
0.3122132125
0.8649712298
0.3588816605
0.5386955875
0.6405492309
0.9695668597
0.4972812175
0.8415140681
0.3031992241
0.2952057496
0.3908038902
0.2891089908
0.5289327282
0.3991755068
0.2881498559
0.2899652685
0.8910919021
0.8322149271
0.4670960565
0.5369159673
0.3481210962
0.8082636843
0.2862473918
0.4083312143
0.3032758069
0.4155056028
0.2932263378
0.3878982239
0.6784321105
0.4114405262
0.2953763596
0.7476194091
0.5371383137
0.4568423478
0.2952057496
0.3560862956
0.3396639859
0.3877282881
0.2860997025
0.2877711263
0.2914349907
0.8327571272
0.2908786678
0.7165781185
0.8907898671
0.3188250556
0.2915674723
0.4345399309
0.5771045122
0.2948690721
0.4390395994
0.2898528186
0.6052099262
0.5791403718
0.871361132
0.7068191692
0.689721524
0.6748744357
0.5525482198
0.5028887563
0.5002965779
0.3080807176
0.2935316042
0.3027431508
0.2978592046
0.7690637755
0.3606709182
0.2868573821
0.3093914035
0.5897853179
0.4408120529
0.7018004831
0.4254834498
0.3374758993
0.2897052902
0.2859209384
0.4201801898
0.958138159
0.3858662871
0.9670009302
0.5009439745
0.930509038
0.8156332728
0.5181393748
0.3579939097
0.3164770287
0.2949247642
0.6321861604
0.7935979623
0.3004102618
0.3202939065
0.4756272351
0.6520436416
0.7890831762
0.5707773845
0.3865418276
0.7751342516
0.532697329
0.5662650952
0.8526642755
0.321576612
0.4247215439
0.7969125101
0.5362491124
0.2864011542
0.2884112234
0.291791687
0.3687891106
0.3432218777
0.3968841859
0.6529432456
0.491921245
0.3228810603
0.4838378336
0.6590072798
0.9034434937
0.9528242192
0.6788763097
0.4333733006
0.2871792647
0.3126825237
0.3094800558
0.9667389742
0.3981157881
0.5922791912
0.2980518963
0.9914307902
0.2858501191
0.3449707254
0.671755702
0.2919741274
0.7089948565
0.3833489179
0.4132825744
0.9449111348
0.2874735109
0.485320884
0.350636177
0.6652793535
0.3152843194
0.387219142
0.674429226
0.2860468623
0.6362568456
0.3574046365
0.4650317412
0.3144044337
0.3644568386
0.9750200108
0.3130607943
0.3173861462
0.7928152783
0.3557947506
0.4844730872
0.3652233797
0.8758675027
0.3070580367
0.4175552785
0.555689529
0.3892616642
0.8271212199
0.3887495519
0.8715232503
0.9928694038
0.4808801388
0.9005622802
0.2859024492
0.6569875912
0.9262579148
0.7107325613
1
0.288293332
0.5757478178
0.2859600084
0.6292439735
0.3359558557
0.7474103492
0.2878231538
0.4014843097
0.8254713378
0.5172623216
0.3513424591
0.3738568004
0.8249200246
0.4192406503
0.3765985426
0.3126825237
0.3164770287
0.8641425888
0.4627687109
0.3676970308
0.2889104123
0.9482956161
0.2859479736
0.2871792647
0.5220938736
0.712250946
0.7793511309
0.3478443176
0.8289472498
0.9439098779
0.2869927353
0.4613328742
0.3073963686
0.604302291
0.2886865816
0.5262813276
0.286876197
0.2871792647
0.7337124457
0.3096578367
0.3281971837
0.2858942511
0.930509038
0.761914605
0.3939145968
0.5832147681
0.4066965579
0.4230124617
0.7024562263
0.8052091363
0.3191372951
0.3451062076
0.3033525525
0.4863818928
0.6888390265
0.3174879286
0.8626456835
0.512013723
0.4729107317
0.4353193524
0.2859931466
0.9035865658
0.3003400696
0.3404458974
0.5324756155
0.9720349455
0.4266289581
0.2858501191
0.4842612793
0.5893319692
0.2861091191
0.3018486439
0.6753195357
0.474999423
0.7111665874
0.2862128695
0.4258649335
0.2858768079
0.7528287301
0.619274672
