0.3352917594
0.8304117231
0.3223915348
0.287355304
0.2911057982
0.3569620422
0.3405086512
0.313769317
0.483953886
0.322607753
0.9344115033
0.9674671285
0.3960927692
0.7430303737
0.4095031647
0.5737743562
0.3156974298
0.422330675
0.5348934675
0.7508126606
0.8627727053
0.2920103372
0.2942202326
0.6543662014
0.446050428
1
0.9813009336
0.626280131
0.2994299896
0.4210089778
0.8758072724
0.7793761505
0.3132970861
0.2902491438
0.5183073706
0.9877122947
0.4585615217
0.3165854445
0.2869302802
0.7149471692
0.7501843119
0.311629685
0.2921401166
0.3807925483
0.6839397892
0.4634793663
0.5728684403
0.5762667991
0.3346719192
0.2950583379
0.539795333
0.5315602168
0.3000307095
0.513264458
0.3844491666
0.3030858896
0.28758896
0.3099253542
0.3929615312
0.6039886933
0.2870121209
0.4326739088
0.5377881997
0.8619298188
0.807520165
0.7589373039
0.5326704676
0.4185663661
0.3575478426
0.4383323459
0.3874817035
0.3381890038
0.3594659596
0.9508013611
0.7839922218
0.4669868015
0.3075188143
0.6346812537
0.71015744
0.7445080857
0.3515012739
0.5753602622
0.3009221537
0.2873096831
0.4753145965
0.5333370207
0.4626569445
0.3816187369
0.6972204066
0.4267046288
0.7070994576
0.3211069703
0.3839472903
0.6251439094
0.7160330037
0.7138603092
0.2867319384
0.5579600509
0.3522089189
0.3473256674
0.286821146
0.296281489
0.3673530506
0.9031469817
0.6187779509
0.5025982477
0.3419485698
0.5737743562
0.4577458234
0.4422751329
0.2933774065
0.2871175569
0.3498165239
0.8324215179
0.3796407282
0.927127297
0.2866705368
0.3037638596
0.2949512009
0.307102334
0.2879395753
0.5487443556
0.3299611786
0.6712226072
0.3645844853
0.2957153751
0.8858115753
0.8365938377
0.7535299909
0.620142475
0.4178179526
0.7472457873
0.3682848155
0.2969830691
0.6180956221
0.9441291552
0.9833958573
0.3731689085
0.2867628998
0.2946863239
0.3767050761
0.3345483818
0.8682826647
0.9418223709
0.2886230591
0.2873247156
0.8189138312
0.446050428
0.4140985006
0.6888228449
0.5200665098
0.6890444419
0.4835301437
0.7966595341
0.4404968675
0.53244835
0.4871392556
0.4029943703
0.6053540218
0.2874348283
0.3180933888
0.3834464344
0.6417083085
0.9695136092
0.3293732746
0.8315091181
0.5507638345
0.4109670581
0.4684366677
0.4313187269
0.3263756343
0.2866943283
0.3673530506
0.5058517025
0.2947389603
0.6028509551
0.2872231535
0.2891500595
0.9142010039
0.5595372939
0.6837174795
0.4100513894
0.6872707777
0.3259233632
0.906895941
0.288274845
0.3010617836
0.9051735817
0.9474007079
0.8159006967
0.766362349
0.7434528298
0.5233716813
0.4601963255
0.5104240776
0.6096776411
0.349676998
0.941705953
0.8804561454
0.9251888281
0.3074351958
0.286828492
0.287155846
0.2866915293
0.3036120531
0.8313264092
0.6561699572
0.2867415593
0.3266026638
0.6274161546
0.2974642392
0.2872656328
0.2866722862
0.4563211113
0.7162500468
0.5942064923
0.6745778673
0.8815671572
0.2868762397
0.3303156815
0.3827802186
0.3062002909
0.2866864562
0.3002339401
0.7636895451
0.8220948504
0.9264836201
0.6137733558
0.2892091744
0.335540699
0.5581853073
0.2950046847
0.3499561839
0.7675926738
0.2922714376
0.4707215354
0.9655486949
0.499355648
0.2893906763
0.6754716014
0.2918821001
0.299496071
0.2867870384
0.3999665099
0.3100136232
0.7970510687
0.2917554062
0.9060364645
0.512608333
0.7995895185
0.2866943283
0.3360402947
0.6396694733
0.3210009117
0.8848740089
0.6689825722
