0.4260774222
0.3468521803
0.9155969208
0.2868256956
0.6797656504
0.5180095298
0.5443987528
0.5206476751
0.4287588644
0.3251744163
0.2980347565
0.5088230867
0.5934104995
0.4475912362
0.3110872449
0.2866636685
0.3208164513
0.3677622821
0.6941746486
0.421144002
0.3140648962
0.4632130318
0.3001294496
0.4094503856
0.3622508574
0.3369789774
0.9522884996
0.9253054381
0.5818296757
0.9229601357
0.8753039973
0.4157144661
0.2867750111
0.5051268608
0.6343165395
0.4365134012
0.8129715049
0.3071751214
0.6372631529
0.576841882
0.5470846387
0.2879704649
0.3037416776
0.2949425768
0.3524324599
0.5290380984
0.586368574
0.3723180985
0.35704939
0.9753853297
0.8097359733
0.3172029658
0.8411341069
0.2931129545
0.8436214941
0.6822132289
0.3941222967
0.7632506975
0.5310329394
0.3403129808
0.4566686987
0.8797912196
0.3264149844
0.6694939458
0.3194523663
0.6611933047
0.2933053663
0.3080164585
0.8236682359
0.3087873952
0.7587083017
0.2869401606
0.5574143187
0.5680159675
0.7716422218
0.6819908681
0.872709036
0.2898398771
0.9585604842
0.2995898047
0.4560588903
0.4892019601
0.3671419544
0.543951489
0.3597048657
0.2876311383
0.4198262736
0.2895405493
0.3007492314
0.4136756749
0.291017267
0.6388489302
0.6463155748
0.288354299
0.3514404687
0.3120004067
0.3640700281
0.4355366815
0.3309576849
0.3051424017
0.7503812126
0.2869651484
0.2962842563
0.9860976286
0.7948300625
0.3671419544
0.9793594074
0.8788354859
0.4168313714
0.298995415
0.2877741133
0.3446805976
0.7809381649
0.417951662
0.5086052968
0.339406002
0.314834454
0.4973448677
0.5288166233
0.2867750111
0.7942412067
0.308186655
0.9188462874
0.7811388118
0.8874763568
0.4194506092
0.9736961945
0.4217101186
0.4006236142
0.7341176159
0.4826174739
0.6591695575
0.298542436
0.3164035214
0.6120562752
0.8998497698
0.2893487729
0.6302335024
0.4351465775
0.6775375622
0.3072585308
0.8843655237
0.5585400603
1
0.4376882019
0.335847192
0.6806560865
0.3386340687
0.3792585825
0.4546385394
0.5763887409
0.5950014739
0.3633098406
0.4207670486
0.5328084532
0.3374856885
0.4860091326
0.7145363309
0.3869204953
0.4481916666
0.2981606742
0.3309576849
0.4750414611
0.3331293863
0.525057016
0.6238760862
0.4677531444
0.9121528464
0.2967530542
0.2907063918
0.2887825748
0.3042801288
0.7336912933
0.2881329196
0.5567391336
0.2882295736
0.5981841259
0.2886988912
0.7143191656
0.9283825715
0.2915041946
0.7240499806
0.3001976517
0.3141605432
0.5693722785
0.3185231557
0.2937482523
0.2881568225
0.3988523283
0.6831023752
0.3176064014
0.3889584234
0.2867199536
0.733478061
0.4560588903
0.6824355601
0.9457386422
0.2912576408
0.8144869944
0.3377398944
0.5605677225
0.6469935421
0.786532579
0.6059158725
0.3795866752
0.3608984045
0.5377019282
0.6768685883
0.4326191045
0.3563191803
0.7053810082
0.3162052105
0.3275583906
0.6609685298
0.7505904363
0.6928502563
0.488349317
0.2871748051
0.4853720811
0.852203828
0.2869525672
0.3300076223
0.4337838569
0.9444972766
0.4061798311
0.8135403496
0.7622207238
0.8333981976
0.8154318463
0.6893127057
0.7082221928
0.309047258
0.6065981608
0.289573117
0.286505804
0.2865925198
0.7910906463
0.2879704649
0.2891937148
0.2896058575
0.8926816655
0.3761649522
0.2908604539
0.9486229497
0.3790947101
0.8193805008
0.3094835605
0.5446224264
0.2877741133
0.4414278454
0.2901176842
0.7582940172
0.9956993762
0.6036416164
0.2881091904
0.9685167244
