0.4230447109
0.3125205715
0.4988095032
0.2875095977
0.7461709531
0.5070255342
0.5042071869
0.8446914768
0.571437816
0.3577005745
0.401868637
0.3122382751
0.2856866588
0.4375028189
0.8842569092
0.3034123473
0.3383517839
0.8897578135
0.8098786426
0.3730705639
0.7663999172
0.4274271103
0.2980667149
0.4925867052
0.2880571085
0.5642246679
0.5723405727
0.5329256348
0.5624240926
0.358884293
0.6845213268
0.305316976
0.7503418826
0.6649577176
0.2878855965
0.2904342199
0.2995388303
0.7582074514
0.3879203085
0.5888490789
0.5635493162
0.9814411413
0.6712052749
0.3184601255
0.354343174
0.3280448261
0.9729063022
0.4222873504
0.7710686064
0.4714820846
0.4572812828
0.8929121568
0.5700841185
0.2856725419
0.3009464465
0.8976406452
0.9238444306
0.4456031119
0.8383437774
0.2901133476
0.4105531086
0.4844995552
0.3267707154
0.814589986
0.9805183441
0.3767769181
0.7775114716
0.5748242986
0.5333689903
0.299745773
0.2871908214
0.6078881155
0.3140499067
0.6723187978
0.4238035032
0.5465021331
0.3695840639
0.285956225
0.3121444897
0.8253451449
0.2967364614
0.9730626272
0.4855591351
0.6895970668
0.7386112137
0.3190845498
0.2858380943
0.2857807649
0.7909906162
0.6285021719
0.9317054162
0.6738766082
0.8115798747
0.3725917281
0.6298592702
0.6447586652
0.8911146225
0.2884814685
0.3612761181
0.9529660185
0.9183849939
0.3137601153
0.6431813202
0.2927365497
0.7917742396
0.644533378
0.6366388245
0.6153684596
0.4432185669
0.4456031119
0.8378101771
0.8123341241
0.452418893
0.357995738
0.3392559456
0.2865488733
0.3120508611
0.3375822483
0.4452049129
0.2882348363
0.571437816
0.7972299217
0.2857195972
0.3772649207
0.4966589175
0.3301679408
0.2864438908
0.349786693
0.4123907701
0.2869439541
0.3336872816
0.4373069304
0.318149974
0.5791180018
0.2888720989
0.4142379858
0.3977895776
0.353622371
0.2860246907
0.6629455053
0.294683107
0.47817213
0.3080008248
0.2857384185
0.3377101534
0.3056434636
0.4817512728
0.401868637
0.4650626953
0.4192723635
0.5888490789
0.2856425645
0.7339595338
0.2858469809
0.7254428312
0.4224765559
0.5595007167
0.3863941247
0.5505277973
0.2916434019
0.3234974257
0.2951343324
0.3681745544
0.9215259387
0.8562269435
0.2883567727
0.9385891501
0.5157439687
0.4134979598
0.3897977118
0.8132753246
0.7005698985
0.912207717
0.6785419224
0.5055070039
0.3294549867
0.6001797029
0.6950943845
0.4153508572
0.3999109994
0.2983942476
0.2858842684
0.4330182006
0.7027537292
0.7472156565
0.2863611833
0.6280497271
0.6928980059
0.3324600374
0.4540350747
0.4481988715
0.9758014467
0.2858293819
0.3280448261
0.4058206557
0.7722813608
0.592926767
0.4450059292
0.3073997141
0.9873964223
0.2862378892
0.2864270018
0.3420093196
0.285656159
0.5386990284
0.5091986729
0.8183266041
0.3031039897
0.3721139627
0.3605251956
0.2857659526
0.3363109387
0.434183875
0.2929860722
0.6090216728
0.3413482164
0.4299245667
1
0.4481988715
0.3472832842
0.2865309419
0.5280574409
0.3089612097
0.3175338011
0.2856158975
0.2859672008
0.3133759075
0.2876399924
0.8973478963
0.3448234325
0.2885448508
0.9219145752
0.5296046469
0.4198359001
0.2867575775
0.3304067547
0.3056434636
0.3027982353
0.8351316139
0.7991656434
0.8609379176
0.373870995
0.7267250656
0.3165191177
0.2881749033
0.7322622054
0.5874903147
0.555907358
0.2938129795
0.9325542974
0.3537662709
0.3521905639
0.3647706907
0.3793916413
0.5146504688
0.96309453
