0.758547879
0.9473727254
0.4797402629
0.3206614193
0.3804863956
0.3022988023
0.5152851624
0.6742877933
0.4346104203
0.287559966
0.3140893113
0.2875506765
0.293697441
0.9092024644
0.3762487994
0.9077668137
0.2874826664
0.3371658746
0.292405305
0.3281312534
0.5650793874
0.4065942474
0.3760874072
0.5347477998
0.8854295608
0.5927956042
0.6110357264
0.4107815509
0.3027305415
0.5336344035
0.5513157986
0.3561533963
0.3400990314
0.3664708814
0.3030948646
0.4597875462
0.4841827759
0.7526949412
0.2998337381
0.6680003922
0.6555977742
0.6363224044
0.2895641166
0.6896907665
0.889654333
0.3474137047
0.2949268445
0.4426655205
0.8222409281
0.7562535571
0.4761634775
0.9994241137
0.2909667176
0.5174815886
0.3844677893
0.3110596535
0.7748252197
0.3029486405
0.2879799856
0.3055238618
0.7723759988
0.3098267402
0.2900045559
0.6253975071
0.9528109399
0.8042919431
0.8688866096
0.9768339383
0.8921268021
0.5421163709
0.4024602915
0.4530753959
0.8079701328
0.7786854943
0.4715615854
0.5558192208
0.6914673622
0.4397024408
0.5800500752
0.608755075
0.5050208046
0.6376863731
0.3178909861
0.4193110816
0.3308144665
0.4486456416
0.3929713468
0.3237615964
0.6745119763
0.3380506184
0.3324858324
0.2991235979
0.5037178087
0.3384319306
0.8682194583
0.32387078
0.3042125369
0.9706102973
0.7701234039
0.99582183
0.4540872494
0.9612480953
0.4133559199
0.6695740576
0.6758565226
0.3092220659
0.7972553094
0.6274474642
0.5421163709
0.2909667176
0.542340184
1
0.3070452803
0.8616435756
0.3628133114
0.3834662401
0.2879347878
0.3480993515
0.7243516691
0.5067607995
0.799806383
0.6183326206
0.3374179453
0.3823029742
0.6745119763
0.3883448371
0.4690646303
0.2900045559
0.7861393262
0.2878911642
0.9718488834
0.2877571246
0.2873091087
0.5011170625
0.8294999407
0.7036232917
0.288539137
0.329404776
0.3416590511
0.3934903359
0.9531357523
0.8570163058
0.52918937
0.4967984707
0.8602788567
0.3547091533
0.3518603268
0.9728935707
0.4797402629
0.4822756333
0.4383259715
0.8031252596
0.9304752651
0.4852443458
0.3289396025
0.3060775467
0.5139693442
0.7885383534
0.2945718635
0.4914294982
0.2879347878
0.589378842
0.3443038263
0.303986043
0.2981878918
0.5492925135
0.3332108947
0.3198288318
0.295501522
0.6465407959
0.2876298973
0.3983809517
0.4784758396
0.7306035338
0.8519792742
0.3943574864
0.3210813969
0.6713710724
0.3903911438
0.2877825326
0.6379136598
0.5360849677
0.7676579723
0.2877697411
0.4311186997
0.3305780456
0.289398888
0.3751215533
0.3725670206
0.2888933692
0.5130929955
0.4438558438
0.3097398764
0.3524258372
0.576641904
0.2875326228
0.2906525299
0.5984933926
0.3243090271
0.3756039441
0.2910745596
0.7184978571
0.2875326228
0.2877084091
0.8995529907
0.4247907884
0.3098267402
0.2874528663
0.521445544
0.4033543752
0.295501522
0.7699182709
0.3042883631
0.2879055304
0.6881345798
0.2873169986
0.3863145911
0.3858095594
0.410964798
0.2883404239
0.8424187142
0.7470116815
0.3068823663
0.665975405
0.5871020025
0.474905367
0.3014531944
0.5795954853
0.8820984636
0.2881940267
0.325861896
0.2876298973
0.4841827759
0.3598211239
0.3098267402
0.904428908
0.4022817841
0.287310862
0.4221357541
0.2879200717
0.3834662401
0.2888699221
0.9969095544
0.704503191
0.3632665361
0.748488755
0.3425783844
0.4076814959
0.4385223622
0.6055621652
0.888409397
0.3061572965
0.8710453883
0.2875068562
0.287310862
0.924888944
