0.4975136645
0.9737813339
0.5827079575
0.8465564781
0.5940665919
0.6813322935
0.2903232086
0.2867394524
0.4333481256
0.9682250097
0.626587006
0.5738657284
0.4166000367
0.7647442542
0.3565859454
0.7911616063
0.4543875456
0.395824688
0.3674215106
0.9641102551
0.359826948
0.318939721
0.4756216519
0.6650123077
0.6930854067
0.3245044747
0.319560787
0.3601246685
0.6492468304
0.5432416092
0.8042496124
0.4670837298
0.2955900818
0.3305936487
0.5281102534
0.4953627188
0.289510232
0.8928329934
0.3820258625
0.7119515616
0.8491870938
0.6435944376
0.5675305909
0.7537697306
0.3132233232
0.5738657284
0.3370933467
0.3056445469
0.3942560601
0.8063693132
0.2889088372
0.6361192504
0.3528367889
0.4233674114
0.3092391177
0.4216643842
0.965782338
0.2960401671
0.6152210386
0.2988369593
0.318939721
0.9976542983
0.3115563147
0.3511364558
0.2935510596
0.4619320684
0.5630136233
0.3592330424
0.3241723078
0.2906912773
0.7749505188
0.8111554714
0.6506018654
0.7095539559
0.4578418209
0.4114207432
0.9741082203
0.8802488502
0.4323782312
0.9145368128
0.4674976812
0.3287116358
0.8023153851
0.8669174742
0.3877295796
0.3688215934
0.9043834588
0.4693637313
0.2883273975
0.5734128187
0.5981597107
0.7249415504
0.7879922714
0.8261700715
0.3267533393
0.2866189585
0.9540863601
0.7128222222
0.305404911
0.335461699
0.2897041484
0.2875212499
0.2879791641
0.3730810494
0.7597939888
0.289261363
0.6159033561
0.5026964279
0.7236494918
0.2872420387
0.294356367
0.3121062983
0.2979482219
0.2892310332
0.3438582152
0.7424328763
0.3172101166
0.5504097273
0.3825238667
0.2890819818
0.7141270015
0.2977003164
0.7633037902
0.5312131697
0.3561488396
0.873818826
0.3088058663
0.5100857709
0.2924248646
0.3345931238
0.4770899729
0.6557901198
0.5852050495
0.5329892861
0.2909203841
0.5459264295
0.4768800282
0.305404911
0.3508549284
0.9160442239
0.2867464471
0.3816944318
0.2944081428
0.5210445578
0.9176752959
0.3961744438
0.2893844132
0.2965010436
0.2898368829
0.6777675156
0.4233674114
0.2868086973
0.40813131
0.7747478448
0.2871555294
0.4147416829
0.3901157086
0.4239367189
0.3414737755
0.7032105127
0.8819923606
0.9269090135
0.4823582109
0.2909203841
0.3222077742
0.3511364558
0.3592330424
0.3782422471
0.6879958424
0.319560787
0.8447926989
0.3062093748
0.3053253571
0.2872420387
0.9192923588
0.8196585951
0.5872489723
0.3826900966
0.7362835127
0.6138563133
0.5513076162
0.2872570676
0.2868627251
0.6318092495
0.2866791203
0.3384927284
0.3102063346
0.2947223602
0.3469699004
0.9199619879
0.8061769591
0.4706107084
1
0.7984265076
0.2925149577
0.4554013338
0.5922479663
0.4979444659
0.2871146308
0.4064986
0.2884268643
0.4998855608
0.6467610135
0.2937483054
0.6456304441
0.5292176517
0.2875034309
0.4509544559
0.3027915444
0.7356450304
0.3388773469
0.8305822268
0.4747839732
0.32539685
0.4521636818
0.9251008953
0.5913388012
0.4222312411
0.5495122393
0.3281312291
0.8052141492
0.8394536931
0.3016272666
0.8980858025
0.2976387588
0.390286972
0.3507143648
0.7091175148
0.4169728422
0.3772653226
0.2900411661
0.9559520361
0.6181774913
0.3215638197
0.9004493091
0.4706107084
0.6598433003
0.3098523852
0.452971324
0.3430584175
0.5392221052
0.6413307955
0.3897735108
0.6168130601
0.3995181713
0.2866030428
0.2922910076
0.8932876518
0.2874338979
0.970502672
0.287013249
0.2875757526
0.2868532836
0.653986634
0.3754852771
0.2887147232
