0.3297060975
0.5109280444
0.6162962568
0.3520474136
0.438463591
0.3345650995
0.346597914
0.8134144845
0.2857789778
0.3004963984
0.2941448067
0.2963080731
0.3089974237
0.5875002452
0.3825222244
0.4222681236
0.4593000396
0.9578357567
0.2880864795
0.5212163664
0.430483275
0.8060202525
0.2896578066
0.3239605797
0.7711765345
0.6929569726
0.2878905359
0.6947153346
0.4192533769
0.4855424526
0.3546304016
0.7744079965
0.2891241405
0.4708397298
0.4883042482
0.8109617269
0.3015028514
0.2874991968
0.9053434108
0.3354390172
0.5166084011
0.400960618
0.5782202953
0.8599446063
0.6801461975
0.9084344275
0.3005672198
0.8151054431
1
0.7065242635
0.7314941262
0.69515458
0.444389557
0.9608011243
0.3163449852
0.306929923
0.4217010892
0.4673146525
0.845206375
0.6160695548
0.304714411
0.3686352409
0.9686571653
0.9135285087
0.3459140035
0.4554334867
0.7766206363
0.4497828513
0.5338054792
0.2957738056
0.332593848
0.2944702261
0.3782327519
0.293720366
0.7699607845
0.3121764573
0.4287504659
0.3207986314
0.5534385986
0.9518066718
0.4245443376
0.3455052816
0.31456503
0.5664795799
0.2888883431
0.3504898813
0.5843297133
0.4295197438
0.3727416912
0.7028182749
0.2861279609
0.4318358047
0.3833559427
0.4036418859
0.7272311946
0.6739252815
0.5856883143
0.3306594116
0.3687916738
0.4410227283
0.2896210258
0.2857467212
0.3410904406
0.9699127353
0.5438186853
0.295026071
0.8824411129
0.2857404441
0.2857423621
0.6069987371
0.4625756302
0.3617228983
0.5532143689
0.5236368251
0.3858739404
0.8227340413
0.2860822987
0.313790075
0.2951392593
0.6905356753
0.5954324559
0.3134063363
0.3496470727
0.6258123974
0.3332059243
0.5992873246
0.7550021473
0.2858016438
0.2858406974
0.3282936157
0.2863828884
0.2857345157
0.6242272355
0.3157460965
0.5216561114
0.7885569509
0.2907990556
0.8589362065
0.2858066999
0.2916247778
0.85691037
0.2936159456
0.3416176022
0.2857387005
0.6596290331
0.4685566658
0.8064020525
0.6569378768
0.7756158057
0.4196289445
0.9904479928
0.7244504308
0.3374626291
0.2873535685
0.301429895
0.3429451629
0.4232149806
0.3135978937
0.4675214917
0.3409589961
0.89579637
0.5755075989
0.3188999526
0.3321067751
0.7012891073
0.6465953587
0.900041553
0.7363731236
0.5456048668
0.359623895
0.2857423621
0.2981216478
0.8471252018
0.290967769
0.4359181465
0.7208026289
0.8505888974
0.738275317
0.4859667351
0.5155138499
0.2857674702
0.3802028964
0.4004271145
0.6323746891
0.6251330917
0.620829198
0.2893329647
0.6616453478
0.7447963762
0.3196324756
0.2879180092
0.8873790569
0.4200048783
0.3033028613
0.3818572851
0.2908409776
0.483424413
0.9588035183
0.2857517777
0.3568150942
0.3609704137
0.2862408851
0.5284909921
0.5318103076
0.3256454519
0.9502401366
0.593392095
0.9729049973
0.2868930161
0.311803362
0.3262144998
0.9543650103
0.8423980299
0.6260388156
0.4953557775
0.6296602719
0.4570583942
0.8878372478
0.2870167967
0.7849999861
0.3015028514
0.900041553
0.9642058704
0.8774115323
0.5258411194
0.5561311031
0.3315011773
0.2858469737
0.4836359622
0.2896578066
0.2859620304
0.3364462992
0.3738610855
0.6108543393
0.2865090145
0.9082949273
0.4794159354
0.6900950049
0.4400368394
0.3670776078
0.9898625721
0.2861518367
0.3782327519
0.4580762692
0.4103518265
0.4179417867
0.4433969563
0.5369142038
0.3892701042
0.285730854
0.2857319002
0.3437482945
0.5061442771
0.8429261516
0.3831889734
0.588859513
