0.5359908608
0.2956015526
0.335709454
0.8216679911
0.5770918667
0.8188759051
0.7803457974
0.3818098206
0.532437905
0.2964779423
0.9703899635
0.7110571803
0.4323454207
0.2904160457
0.6489366402
0.3172222181
0.8631364852
0.4631215228
0.5816202336
0.3924811248
0.7805459513
0.7153942362
0.3090106979
0.5522964136
0.2871139128
0.8238896957
0.3618480458
0.8702350682
0.304676172
0.3268283951
0.7511129307
0.8013976293
0.3416247048
0.3538943189
0.3002202935
0.7104052234
0.8964093719
0.3150339373
0.9543723926
0.8312174147
0.3011356267
0.2980862905
0.5507267607
0.508698292
0.4223878892
0.6142996416
0.4952961972
0.6502887254
0.5106586084
0.5167795995
0.6666817678
0.4229558636
0.5820733129
0.5277875383
0.4145229677
0.3031254476
0.739146567
0.8109710616
0.3720666906
0.6935545328
0.3000130231
0.2869491448
0.3122644739
0.424094241
0.4993835349
0.3921356549
0.2892624725
0.5019742154
0.9185113902
0.3162182592
0.2867669006
0.3238987316
0.9245364554
0.4317645701
0.2864199087
0.7775371381
0.5653433881
0.7158270364
0.616342635
0.2882302799
0.2978315046
0.7610561202
0.9229847848
0.5442370396
0.3888753169
0.5032721554
0.7492346986
0.3416247048
0.2866763731
0.8323060967
0.2864895288
0.3057189686
0.3668904391
0.7227287351
0.8502094814
0.4942236294
0.4338980787
0.4370194543
0.5827530082
0.8220390166
0.5417813132
0.304914388
0.5097869161
0.6441995254
0.343885382
0.2896040318
0.3468697253
0.4210657841
0.4963700475
0.6970737402
0.3546149573
0.287002502
0.3369700412
0.8890377268
0.3490813243
0.3926540211
0.9564973352
0.2861719132
0.5143709995
0.3752675181
0.7238031095
0.2919689286
0.8071626095
0.2947630122
0.2915696446
0.9833196397
0.9911787787
0.3645816453
0.7025543161
0.3290326015
0.3919630817
0.4212543837
0.458005194
0.8589372414
0.2911004318
0.9607024629
0.589781272
0.8094510639
0.3002897141
0.4965849702
0.2862042042
0.6753889555
0.2864089155
0.292014147
0.3137761919
0.4854786941
0.3911018365
1
0.6838327934
0.760232385
0.2861546326
0.3039702907
0.6081692219
0.2904549317
0.3162182592
0.3612461042
0.286112215
0.3579717239
0.4059204763
0.6439737707
0.6140726235
0.8115398911
0.6867115807
0.2887518533
0.316019322
0.6365157046
0.6446509881
0.3504809996
0.2903773315
0.4449139878
0.286197397
0.9699693135
0.5100047734
0.5893276051
0.3668904391
0.3780253178
0.798103429
0.3263711381
0.888884998
0.3888753169
0.3899006501
0.9331803771
0.5540917199
0.639229479
0.5047885681
0.298800686
0.905844207
0.2861204194
0.6045359262
0.3235671849
0.2864424182
0.9414586355
0.5752818668
0.3331086191
0.2861719132
0.4457104076
0.3037379236
0.3434835478
0.3465957027
0.2898172349
0.3343392416
0.3429496925
0.8546857463
0.3711157506
0.6610805689
0.4178736199
0.3538943189
0.2867513774
0.5404432739
0.292014147
0.6131645174
0.479771065
0.538215555
0.91569193
0.3693836295
0.6183852741
0.2865017422
0.4141525587
0.2865786823
0.4722284768
0.2879905211
0.6619777228
0.6909093965
0.3432163451
0.4032208811
0.330213984
0.4088247828
0.3023745486
0.286605723
0.2865017422
0.2866334604
0.4335094084
0.4317645701
0.3648878751
0.3080575693
0.286931707
0.3192762913
0.4535393536
0.8033261914
0.2863085735
0.2860680493
0.3287980805
0.2861204194
0.6545659755
0.5746033324
0.4888805035
0.8975918926
0.2864424182
0.9346348734
0.3966601067
0.4801923971
0.9869413929
0.5115309984
0.3130153154
0.5406662081
0.5262408197
