0.4324759122
0.3119124123
0.4180022611
0.3063424703
0.4438582532
0.5429956378
0.3342831461
0.2926179595
0.6482943237
0.2919859406
0.4406906187
0.289666075
0.4105999987
0.3736752148
0.5338436157
0.2938048747
0.5718497114
0.5026278668
0.288370491
0.633313225
0.3173498221
0.5517467245
0.2928815847
0.2875134601
0.9067889493
0.3035521315
0.3170509537
0.3559959879
0.2873119788
0.4044315792
0.4187508849
0.5968617136
0.540088135
0.4458484129
0.9112183217
0.6007357268
0.5076253685
0.6230714828
0.8772083208
0.8008212514
0.5519716378
0.8097301404
0.7629861961
0.4089559436
0.692048888
0.2878374736
0.7006702849
0.3193779326
0.3762439491
0.3919352428
0.4202526245
0.5365167638
0.4810054972
0.8850382294
0.4546970191
0.5548977391
0.4922829488
0.4676129562
0.7897833864
0.4330577415
0.8188683261
0.2898763832
0.4232738806
0.3201023586
0.2875695152
0.3898765956
0.6153245381
0.7296359288
0.3408558701
0.8651546843
0.4430644146
0.7101128149
0.5716230039
0.3235095202
0.3078167918
0.8019914967
0.2983018231
0.9768876067
0.3846324804
0.3101263382
0.3395620522
0.6780192249
0.7181803041
0.4255551618
0.7274839698
0.2872390824
0.4008578871
0.4155796729
0.4776332619
0.2909098098
0.3493263757
0.5078432159
0.9485325876
0.304002456
0.6360411703
0.7475255037
0.9815974888
0.3173498221
0.3213617305
0.2914694991
0.5432194985
0.9347210803
0.2890349859
0.733712029
0.3973258061
0.6589210212
0.7716257808
0.885982317
0.4290012914
0.5407586486
0.4157654556
0.5459080579
0.2905240708
0.3694104305
0.6986853829
0.3409860254
0.8031592995
0.3167534856
0.5750252303
0.8678357333
0.3915910376
0.2872154246
0.3352691727
0.6955921433
0.561665084
0.2882903428
0.2958015893
0.3177504885
0.2873881974
0.2880318175
0.3386647764
0.442271858
0.3180526173
0.5008955849
0.2880491485
0.3778648523
0.6351320302
0.9463853222
0.2901271421
0.2917042401
0.3186610564
0.6305837927
0.7039720008
0.2922341082
0.7039720008
0.3201023586
1
0.3291427259
0.3644718826
0.7763132311
0.3251601394
0.2903224897
0.5472538461
0.2871917662
0.4353927394
0.3356413095
0.2908381196
0.5859324403
0.2891381341
0.5394178957
0.8424044708
0.5287337006
0.517912329
0.8089612608
0.4008578871
0.4290012914
0.287915392
0.9214184854
0.7157876627
0.6748859585
0.4133577624
0.3247166565
0.9037367004
0.3325798827
0.3129218784
0.6007357268
0.4826973866
0.2896367252
0.2927490002
0.9529304193
0.924875686
0.2874144779
0.9953817088
0.3581859205
0.6210213642
0.2872988369
0.8156507059
0.7607068505
0.7384105194
0.4142818748
0.288194084
0.3444190698
0.9133286427
0.9662461355
0.3396907999
0.3225354864
0.3115500971
0.7203510508
0.3716107494
0.4326697694
0.2894642727
0.4191257596
0.7015515387
0.2906968133
0.8404311454
0.2975727281
0.386480955
0.2900634123
0.8432982866
0.6374045362
0.8683360037
0.2871821274
0.3391766566
0.9894749604
0.5098059065
0.3136680679
0.6507849794
0.2886958998
0.2873258213
0.3672341683
0.9637701162
0.3056250407
0.5256325326
0.35877484
0.8148905991
0.9909594064
0.9110768676
0.3163590425
0.289060512
0.4647188458
0.2872089406
0.7650524211
0.2872804379
0.942214613
0.8940282514
0.9476330353
0.3868185075
0.3316193905
0.4274661234
0.6153245381
0.5024111597
0.591850426
0.654856047
0.3257178755
0.7609143429
0.2887189882
0.4711448232
0.8129853369
0.2975727281
0.64874732
0.2871823026
0.3661551395
0.4247932876
0.5716230039
0.867334695
0.5137421863
