0.2939970321
0.3863373207
0.3256672239
0.2943156058
0.2996823884
0.2886929897
0.2885408234
0.4543619555
0.3843180262
0.7265027488
0.6681926413
0.3156894833
0.5058794091
0.317292672
0.7211375958
0.4235379708
0.3204046112
0.9691421863
0.2899158491
0.3200872364
0.6090508544
0.926831409
0.2895537785
0.3838157227
0.5920302611
0.3420105555
0.3075876284
0.4880382627
0.96348633
0.6330836098
0.7834135234
0.5863619374
0.2886011718
0.3378479475
0.286035466
0.4208904349
0.3242078207
0.6265165975
0.4130561161
0.3171913158
0.3945727502
0.2883350471
0.4983139359
0.2930284198
0.305107166
0.3905953689
0.3197712303
0.4082902623
0.6948058098
0.491877472
0.8136584207
0.2925909813
0.4026948817
0.2896605938
0.3108452389
0.8572252835
0.716609755
0.6706492325
0.2946402607
0.7535043796
0.2861985884
0.2925909813
0.4465216459
0.8700357934
0.2863948136
0.688856331
0.4055708341
0.667969164
0.2870720657
0.6576637909
0.5440103968
0.5698456071
0.3310316742
0.5820573742
0.4682924862
0.3526012096
0.6407706269
0.2884221999
0.4437353491
0.5121906927
0.4368374614
0.8568858851
0.3220119504
0.8083525985
0.6147245712
1
0.287948918
0.3377201747
0.8108229416
0.8177878597
0.8597601362
0.4574072131
0.3839830447
0.9070236077
0.5089215844
0.3675130875
0.7022617435
0.7685158671
0.4070184225
0.4050296331
0.4882510915
0.531551201
0.4117665707
0.5071821155
0.842511692
0.7103266498
0.7879745223
0.3212576211
0.3954448786
0.9034692286
0.2863702227
0.2859585162
0.8362846828
0.9627483103
0.5473630354
0.3644298184
0.3179040379
0.5804723676
0.4660176884
0.51393817
0.3281940684
0.3281940684
0.6036032172
0.4535526301
0.9106570848
0.2877685776
0.5009011963
0.343876337
0.2862080084
0.7717650829
0.4188227383
0.3144160814
0.3606457242
0.6020143556
0.4699518447
0.2860651271
0.8624431775
0.6203959085
0.9672479185
0.2905707947
0.958955438
0.5990638345
0.7144470749
0.6587862289
0.4092016699
0.7713597618
0.2977708953
0.7250033186
0.498098651
0.3127905976
0.3838157227
0.3841504793
0.804912531
0.2995460839
0.2861985884
0.9366364012
0.4030529633
0.2870720657
0.9053248947
0.286647479
0.3607955785
0.4401755798
0.9326699484
0.4643683249
0.3198764135
0.2917127653
0.6459614893
0.3747891584
0.3276135149
0.6650617352
0.890946548
0.3489359524
0.2870720657
0.8774455929
0.7586790227
0.6260634068
0.8886674948
0.4125028784
0.3116704612
0.2865001444
0.8014499939
0.2925432269
0.6846554017
0.3059178774
0.491877472
0.3322387324
0.2931772898
0.2888494727
0.4175127349
0.977675561
0.9821262676
0.2859552007
0.7934809122
0.3751112412
0.7290680107
0.3808232773
0.2886929897
0.5583536427
0.2862080084
0.5004694977
0.9782566986
0.5648825403
0.6051921201
0.4933751625
0.2863824311
0.2863117946
0.34161426
0.3276135149
0.5572296649
0.2867276732
0.4208904349
0.2917574532
0.5534121946
0.5163453137
0.3345718353
0.5453507323
0.5610532818
0.639867064
0.8949969332
0.303227574
0.2868829823
0.3804930605
0.5635304247
0.8680725783
0.6122283421
0.3150005433
0.9597276818
0.2859489188
0.7356638136
0.5200750732
0.3604959966
0.5041450388
0.3373377016
0.2863581886
0.3021744682
0.5684912518
0.7226426348
0.4625179373
0.838073648
0.3300764692
0.4874001058
0.9135444891
0.3229926591
0.5377689053
0.287948918
0.5006853228
0.3454969548
0.8189079687
0.4097496883
0.7170417883
0.2861893428
0.7198458604
0.3345718353
0.9948479491
0.4028738718
0.7114123912
