0.9361542869
0.436806993
0.2940154751
0.3880245186
0.8730677482
0.5141786419
0.5035050707
0.7155651203
0.3977078605
0.6017298956
0.5411684515
0.4290473119
0.2938642414
0.6541369324
0.7257186009
0.7658886558
0.2881036821
0.8890639202
0.424267931
0.3509552769
0.4071764405
0.9758416207
0.438964449
0.6208344539
0.5602426778
0.5176865438
0.9527140967
0.7803100206
0.5340390464
0.2876563911
0.3219555014
0.6626901691
0.2914867193
0.3970050451
0.9877281393
0.4657899245
0.6678517892
0.6816989986
0.5494490705
0.7784987811
0.7621855573
0.5113364391
0.5543895509
0.2989972844
0.3655282505
0.2867930357
0.3227114693
0.2901474497
0.8386400529
0.6527837879
0.2886276403
0.420484799
0.3318711021
0.2970581323
0.6700920325
0.4225610205
0.4612637135
0.3232559827
0.4231291768
0.3201505625
0.2866314767
0.332112168
0.2873839106
0.2875987589
0.643972954
0.3957791862
0.3081706151
0.3226030198
0.9023940303
0.425219366
0.5212048523
0.5209846614
0.4119247037
0.8286538432
0.303430046
0.584683725
0.8135333238
0.3653748047
0.7402319852
0.3516606793
0.3119783715
0.5656578996
0.9324813545
0.3584523364
0.3017358066
0.367534329
0.3322329188
0.5514687492
0.3422242536
0.2940662263
0.2889040467
0.3858256631
0.3067468703
0.6128759768
0.4273203678
0.4356344169
0.3009563011
0.5643030655
0.6602173355
0.4016032404
0.6512042786
0.9109627517
0.7561811667
0.4535256931
0.9262878986
0.2873178722
0.3587477152
0.3336932222
0.755141246
0.4427141644
0.5456398118
0.288368584
0.6570663704
0.3733571385
0.6194705355
0.9625796172
0.3910999664
0.4064518712
0.8249654259
0.7973584033
0.2914455319
0.89827927
0.8337667876
0.9141563829
0.3062555031
0.4240779132
0.7209777484
0.6491721966
0.2867510755
0.2876956834
0.837921661
0.2905828778
0.3029052136
0.5575394037
0.3300816767
0.387176576
0.6285588011
0.9405585003
0.7584641801
0.2903258619
0.2889614084
0.3438186871
0.2865700965
0.3681557803
0.8753388503
0.3159797995
0.6251520589
0.4711809005
0.3804942962
0.3578631239
0.8604446697
0.4600350874
0.2934197244
1
0.9696110734
0.2908098931
0.3866691458
0.8730677482
0.2886276403
0.5521424208
0.4592174065
0.3191094419
0.28743527
0.6428415914
0.3298455708
0.8372020214
0.9792099249
0.6859208085
0.3783619775
0.3284412704
0.4749386969
0.380329577
0.4961654383
0.3159797995
0.2941171473
0.5161505302
0.7594997081
0.3108861343
0.7492928694
0.3788523099
0.2903258619
0.7851153627
0.8434563351
0.9820167055
0.3435515666
0.3083411709
0.4884589037
0.291043102
0.28743527
0.3454329602
0.3240246337
0.3450275399
0.732361982
0.6484945248
0.4747293947
0.4856933411
0.3188000956
0.3297277376
0.5048061439
0.2869566588
0.4772451112
0.2956117659
0.9391453948
0.3650682865
0.8406091729
0.5141786419
0.3003333999
0.2868019519
0.3332041413
0.6174243116
0.9186492827
0.7580495816
0.6005926461
0.4413293063
0.3099934018
0.3624830864
0.6387657375
0.8074291505
0.2910825719
0.3770595622
0.3559624737
0.2866361981
0.5670133826
0.9930165999
0.2881975772
0.2866930269
0.3150990995
0.743403426
0.286829749
0.3341846096
0.3162761676
0.4238879855
0.5229677713
0.6199251969
0.506543538
0.9324813545
0.6430678935
0.4888852107
0.4419223367
0.8429240353
0.2905085833
0.2865718453
0.8840941477
0.4165521466
0.2876759502
0.2873341203
0.5835487625
0.28743527
0.7018134424
0.7511772533
0.8529143106
0.5338167745
0.4895250842
0.6575167556
0.3360477692
0.2877356721
