0.3984446792
0.2861212284
0.4110485791
0.8357662684
0.6553761934
0.3751202648
0.8708219491
0.3712852959
0.3056304422
0.2867486898
0.418278284
0.9665057413
0.4019954225
0.5520666671
0.6632254418
0.7300519534
0.6278477562
0.8782005977
0.3503335487
0.7556858927
0.8003528006
0.440588328
0.2867133214
0.4976814954
0.778302823
0.3630630853
0.2862185179
0.3668985986
0.6547022028
0.9280919025
0.3630630853
0.6210510298
0.3360615618
0.3034112361
0.5165739237
0.5435665659
0.4016385024
0.2931083321
0.681276401
0.6273948734
0.2864120149
0.3195365564
0.5154791847
0.3063706731
0.5163548946
0.3541792538
0.4596684339
0.9731736973
0.5624012022
0.3011031517
0.3041892188
0.8512375279
0.3055490002
0.4966065057
0.4893306787
0.9763200374
0.6681450125
0.6618817638
0.3278283986
0.9107026765
0.7655541938
1
0.9773520563
0.290819602
0.2923770188
0.6495291806
0.5137297385
0.2930086167
0.5554316412
0.3313783134
0.2961747359
0.7098213912
0.2881043739
0.696939776
0.7165350786
0.5902032417
0.3311375779
0.642993349
0.7968646451
0.6303379289
0.4666546341
0.5393310439
0.2877280894
0.475389348
0.3181855908
0.3312578733
0.6730525176
0.921184761
0.3793512522
0.3870264001
0.3954591754
0.4981118409
0.4192154694
0.8789914165
0.4380314162
0.9095943173
0.9834684087
0.5693888281
0.2921417455
0.2859491113
0.5172312532
0.706341136
0.6493040448
0.2880208868
0.4562052426
0.3176728726
0.2955884378
0.8943363533
0.425457894
0.3131369443
0.2859194621
0.2871405972
0.5176696737
0.3567959871
0.3534598607
0.2894363478
0.5218425071
0.8040107885
0.3968603478
0.794722265
0.3045842981
0.2868030461
0.4243156362
0.2881325488
0.4147381678
0.7565131767
0.4433570324
0.7294123516
0.28650038
0.7419120831
0.7507038992
0.3560649079
0.8208072487
0.28583295
0.4562052426
0.837019402
0.9405702729
0.5355503675
0.3449500054
0.8352280436
0.4910371715
0.5981403249
0.6409622702
0.8826005734
0.7772997818
0.5074108459
0.3393840781
0.3144826872
0.4701765683
0.3265597977
0.5203035181
0.8368406169
0.2878321381
0.3313783134
0.332225442
0.5791055868
0.3034883027
0.643670103
0.372078593
0.5597009974
0.3130419909
0.7257801011
0.7467380023
0.3614001175
0.2862540831
0.777098989
0.3501929638
0.7799044753
0.2860296815
0.4441509279
0.4802189824
0.3914686312
0.4264122069
0.3550468286
0.7573395787
0.8709843179
0.3796799582
0.2947958411
0.2904529515
0.4117834339
0.3635192515
0.2982281713
0.3219896773
0.9865909821
0.2984238439
0.3307775613
0.5236036216
0.4128885981
0.6131142868
0.372078593
0.8339694704
0.5806895754
0.4631517435
0.2867847535
0.5019937786
0.905241686
0.4214740634
0.9198740514
0.2876019247
0.332225442
0.9458471923
0.5711946477
0.9285920099
0.3053866004
0.2872941712
0.2896151609
0.7554789343
0.6167432474
0.6614336897
0.3055490002
0.3468589953
0.30442578
0.7919839669
0.2863565855
0.2953586184
0.8472537947
0.4439523368
0.6026777499
0.2867309187
0.3077187798
0.5831797384
0.3087567437
0.9231323741
0.3452210897
0.5087151874
0.4283274078
0.28770251
0.7429634972
0.3823260903
0.546917445
0.9486680572
0.9338667625
0.4310232427
0.6803892242
0.3017570397
0.5111106069
0.4250767867
0.4003925002
0.7728682526
0.3201687681
0.3460376038
0.4045052164
0.309996682
0.2890247479
0.8316220827
0.3024242003
0.6307905575
0.2867309187
0.2859555642
0.6723840552
0.9737239347
0.2922353444
0.3204869252
0.4349033522
0.3114517761
0.2917741611
