0.6662119041
0.3219204377
0.9189250967
0.3598801567
0.9816383936
0.391810074
0.8856820885
0.4946636577
0.2924534186
0.4578327246
0.8653060733
0.350303537
0.4356863827
0.2863403212
0.4212881537
0.9577146809
0.445943908
0.546431418
0.2862922669
0.3146908034
0.8036795559
0.3285873123
0.4650025181
0.2940961605
0.6370079695
0.5180861775
0.5054415934
0.2986206131
0.3741435763
0.400036685
0.3011242908
0.304792639
0.3747869082
0.4294838141
0.285588525
0.8687471702
0.8708583352
0.6290993527
0.6855374648
0.4916681452
0.4716291542
0.9841921244
0.393888345
0.9876965986
0.9874299789
0.7899073879
0.6603981305
0.531527561
0.8523693878
0.7289772052
0.294589337
0.2980281463
0.6516497796
0.2866230153
0.2905197736
0.2989555595
0.5237987569
0.3676593235
0.9356610561
0.2917892936
0.437054563
0.3615305818
0.7806083386
0.2857289757
0.5856032653
0.5045749767
0.3413040474
0.3105339898
0.2896525662
0.3505853849
0.2856087403
0.4352962139
0.3313249287
0.2916513164
0.5824352596
0.4435578114
0.285588525
0.910169251
0.5628012934
0.2954415728
0.3589863741
0.3415680406
0.28863633
0.7800100252
0.5718151656
0.8724723347
0.7433524604
0.2860495129
0.8118520785
0.619140203
0.3392120473
0.3906048825
0.3493212482
0.4876193614
0.4598726523
0.7236370045
0.5045749767
0.3083950654
0.4228005206
0.4229899707
0.2883814556
0.7039711262
0.3507265074
0.7508685231
0.7206342161
0.583566488
0.5969288555
0.2887017714
0.6766785532
0.304792639
0.8073067008
0.697635144
0.6877445163
0.8643159684
0.4427649342
0.6062226322
0.324570032
0.2992946404
0.6109828901
0.2879333131
0.3011242908
0.4048658142
0.3831521246
0.95476199
0.5704614667
0.4795817749
0.2901549887
0.7867576471
0.8452810092
0.5551623598
0.301342552
0.5286519093
0.3783586888
0.3062645304
0.299776289
0.5475486975
0.3616813758
0.4012815799
0.2880490211
0.28557894
0.5518000358
0.385837453
0.5899052305
0.6786759387
0.4641789025
0.3388237613
0.289394036
0.4816889362
0.6078094573
0.938236058
0.2856448129
0.567981096
0.8027208766
0.7642614843
0.2860118914
0.4025314679
0.8742376657
0.675123444
0.4132597093
0.3064312913
0.7946005893
0.3121040995
0.2856448129
0.2942590366
0.3907767291
0.9443462954
0.3189388233
0.285694998
0.4415779753
0.362892239
0.4066729568
0.3074453205
0.4918817719
0.5493376591
0.9093404453
0.4978842418
0.3435655345
0.7871522707
0.286441121
0.2856155367
0.6954432449
0.3622858063
0.3243459467
0.297196106
0.9287613302
0.6489519661
0.425079804
0.3405153853
0.3472383472
0.400036685
0.831425425
0.4574255794
0.6653185144
0.71460314
0.9903965676
0.2861156943
0.2888347201
0.3636530864
0.8440572112
0.8985460486
0.7020081223
0.3951077443
0.4592599422
0.4745488026
0.2938813528
0.7158983183
0.957034259
0.2885715776
0.337283211
0.3256993708
0.2859084231
0.7768095749
0.3225747508
0.2856270382
0.2869068247
0.2855791143
0.3803305441
0.6161951686
0.8852211557
0.4190304733
0.3157771304
0.6855374648
0.3288223095
0.2862457768
0.5202802711
0.7701592402
0.4833788284
0.2856270382
0.2998457557
0.3304836105
0.6132493332
0.5822090424
0.285588525
0.5284309426
0.9182661587
0.570010352
1
0.3135271253
0.7361930559
0.519182738
0.3184189181
0.2856026409
0.6677743932
0.3473762695
0.9146657356
0.2856653752
0.2857289757
0.8348443802
0.6137025826
0.7498287036
0.3099007121
0.2858282866
0.4582401511
0.7766090219
0.3906048825
0.4776903575
