0.3865118169
0.6755654142
0.7197720453
0.2973845259
0.4806328578
1
0.6568104464
0.510436732
0.3010507569
0.6879625129
0.3295295903
0.2912013897
0.9145276589
0.792255822
0.2997751856
0.5446431184
0.9374186407
0.5297553056
0.6594999061
0.4216641529
0.3675023509
0.7262011834
0.6475997033
0.5050063345
0.298619514
0.5727158112
0.5372933549
0.5677536121
0.3079598373
0.3668810939
0.4325727398
0.3273040898
0.7986727422
0.7485764103
0.6211762098
0.8715017706
0.4477390954
0.5781367617
0.9499415501
0.3579480973
0.814294016
0.5506783873
0.285818001
0.7389345669
0.3453203164
0.3090967537
0.3476512375
0.7697512534
0.3477895621
0.2877915046
0.5453127789
0.3711122604
0.4576274324
0.9308499835
0.3472370691
0.7667050816
0.343430144
0.3075297311
0.9441218739
0.2862755427
0.8734333383
0.9326717941
0.4030671703
0.301195772
0.55583338
0.3246811027
0.429097456
0.8705312887
0.6928057977
0.5477702138
0.5211570706
0.7766061634
0.2883493105
0.7665015338
0.3218107271
0.639488035
0.5132713151
0.7768067156
0.6007798592
0.2879897617
0.4175311421
0.5625742254
0.4252687555
0.290114245
0.4028880079
0.8088233798
0.2919277274
0.4802115429
0.3183142232
0.3225735635
0.949098553
0.4691346873
0.8299745007
0.2859986462
0.9899177595
0.3371545032
0.3493199624
0.8403592491
0.3550199776
0.4203443131
0.3190420873
0.2982230452
0.29330348
0.3435642699
0.718696671
0.3039177775
0.2855778889
0.6100739898
0.2993618504
0.363042823
0.3482053399
0.4141828606
0.762213648
0.596473395
0.3497401448
0.6956600332
0.2858272346
0.3843220197
0.2860744107
0.4793696162
0.3712706587
0.5108723524
0.5962467686
0.6724519236
0.4689273751
0.7677219428
0.5729415338
0.3866810396
0.512616545
0.986387562
0.3105328468
0.5176459232
0.2990219445
0.3363926633
0.7529413688
0.8152311314
0.2882570943
0.9467458567
0.2863230754
0.8219245363
0.5037072438
0.3203072017
0.3210552652
0.6601717845
0.2884746793
0.3944088577
0.291696065
0.4517539053
0.2871760823
0.893389489
0.610753982
0.3537191931
0.4077604898
0.3165777598
0.301856448
0.3743028548
0.3084812266
0.2858760141
0.9068300249
0.4028880079
0.6717840577
0.2867596142
0.4429614057
0.4103152615
0.4018151579
0.4816871633
0.500035664
0.2908973365
0.3793411533
0.6715613827
0.6191379242
0.9712701206
0.2914686573
0.4362706477
0.6123405391
0.3659528804
0.6704476132
0.3121967237
0.9886804474
0.9676297992
0.9324301968
0.2874457806
0.535294422
0.287060419
0.6356509045
0.2889693588
0.2987529955
0.3654904316
0.5408530034
0.2891780712
0.7814023374
0.5211570706
0.5792670064
0.3315653859
0.5424126703
0.2913788865
0.9194470999
0.512180242
0.538404935
0.4104984738
0.4239370009
0.3692208509
0.2902739753
0.38718937
0.9819562437
0.2857504007
0.3931924327
0.4156672435
0.7703588924
0.293510857
0.7169738372
0.8947254499
0.3004063121
0.3636517479
0.2857582412
0.3117294275
0.2856301692
0.7548047876
0.2939337198
0.4317980773
0.8550951301
0.2884116501
0.449140876
0.5446431184
0.8523662505
0.2890037143
0.9017235027
0.8739142665
0.2865471193
0.8858322917
0.4652068762
0.3245688373
0.2972580169
0.607353848
0.4985278712
0.2860232051
0.6868595507
0.4598709596
0.2855796316
0.2863721721
0.7276954862
0.3580958511
0.515456583
0.4271787496
0.2857207801
0.5822068994
0.2980270493
0.3222457322
0.3295295903
0.2856045523
0.8624896452
0.2857662559
0.2868420904
0.7904932011
0.2856437615
0.3104419051
