0.4453232622
0.4712017114
0.3623208644
0.2992733786
0.4227767631
0.4535513649
0.3094201039
0.286522751
0.399845764
0.4333256954
0.3098623213
0.3294232653
0.4073803613
0.5970980909
0.5076331244
0.9879831379
0.6273005077
0.3918032724
0.6557752309
0.3007110456
0.3596222514
0.739495764
0.3063541384
0.9432728951
0.7679758325
0.6390790946
0.3316869606
0.2957412045
0.9811066178
0.6817147732
0.2915342925
0.4433359563
0.7732620159
0.9391200962
0.3215432976
0.3342498056
0.4682943541
0.3273274582
0.3081173763
0.8854554568
0.7290750648
0.2868264679
0.6765992206
0.9029774492
0.2881265772
0.8681867646
0.2866494886
0.3150850392
0.8031275877
0.3606668316
0.6202666007
0.3386613307
0.382156198
0.286274104
0.2863195089
0.6417925261
0.8724374254
0.6399837947
0.556151107
0.2879251462
0.3006409317
0.9740374513
0.5313586137
0.2891701885
0.2863760868
0.5703523391
0.4132387516
0.8086899722
0.3158712352
0.2869662428
0.3489677789
0.7092174974
0.3168679368
0.9483847476
0.3600691653
0.7904522904
0.4955301914
0.4112136979
0.8514766744
0.2945773243
0.5061121087
0.3408664115
0.5631296958
0.9960003249
0.5911947255
0.7811148929
0.6384004281
0.448519086
0.2998805836
0.4220200103
0.4594460986
0.4134234239
0.286754913
0.8162649925
0.5148328655
0.5130831588
0.718111662
0.405029183
0.287084709
0.732277207
0.7673633266
0.6159525319
0.8807618755
0.2906312281
0.7416081026
0.3048993916
0.2909500152
0.472243104
0.3179821473
0.880129998
0.6055030946
0.3094201039
0.3076911322
0.2960292713
0.8590046662
0.5375791586
0.3644480087
1
0.6198125769
0.7922240844
0.908956042
0.904845818
0.3252795212
0.4616976078
0.3790218257
0.3391765334
0.5106817686
0.2863195089
0.560651194
0.3565261285
0.5074156998
0.3849955078
0.4419495288
0.3836552928
0.6091380897
0.2925201646
0.3453968285
0.4218310487
0.3385328812
0.4921009362
0.2889806872
0.8323365466
0.6143627315
0.4176970675
0.5111179957
0.4431376577
0.2941535356
0.2867008062
0.7348312958
0.646310189
0.5778173439
0.7957516904
0.9786180471
0.3156737543
0.6757080314
0.2864625172
0.2922888475
0.3686190854
0.4880463766
0.5651592608
0.287084709
0.2862644988
0.6451813567
0.8969810748
0.3649070107
0.8121128462
0.7738693699
0.3215432976
0.3138287276
0.3482739702
0.303117095
0.8703193924
0.3149874643
0.3823223098
0.2870159694
0.3106683259
0.3382764042
0.6100468034
0.8233540801
0.3242736369
0.3047409928
0.4848594322
0.9831972659
0.7146489732
0.3811619223
0.290361303
0.6202666007
0.2936897295
0.7303571793
0.395447046
0.4785242394
0.530250511
0.5087209234
0.2863684036
0.3071011304
0.2884495251
0.2925669395
0.7799128427
0.2871023291
0.3507873453
0.6220824536
0.7137816393
0.8268585693
0.286274104
0.6947632373
0.2898823639
0.9267663416
0.4435343338
0.8075439396
0.3470335979
0.9286658913
0.5780437823
0.3860053844
0.2867140715
0.6694577063
0.5577251783
0.4082891328
0.3103085142
0.286332606
0.2868868481
0.2928991332
0.3633813685
0.3052982275
0.3407355835
0.3748005408
0.2862094848
0.2972849888
0.67303185
0.3725605565
0.5203176382
0.3596222514
0.5692226662
0.2862031972
0.9464105758
0.7159487351
0.5030768762
0.2866877153
0.460059311
0.9515999826
0.4491204836
0.3233896957
0.2942584673
0.9102153399
0.3813273492
0.7369544313
0.5651592608
0.3496649403
0.9482759554
0.5313586137
0.4360523567
0.4619027062
0.2873672805
0.3103085142
0.7489613373
0.4149042364
0.7041987715
