0.2873366245
0.5549581998
0.4435094928
0.6386099205
0.6069563876
0.3337079308
0.4197345012
0.3855130006
0.3381920094
0.31323464
0.3050316421
0.7448607413
0.8907511881
0.3100724928
0.4787375696
0.307850331
0.8509955983
0.8321677488
0.3408930092
0.2961639776
0.3651220008
0.582811896
0.9696599688
0.4051953825
0.8904422317
0.7095336045
0.8962499879
0.7727316557
0.3963175969
0.8266317695
0.9455730525
0.5803113726
0.4981416983
0.9130077735
0.863731161
0.5105165727
0.3196189634
0.3003297339
0.8245850053
0.3148405761
0.3335860377
0.5556341009
0.2872617917
0.2919769912
0.3795388683
0.310160129
0.2915012571
0.6103762434
0.8385396973
0.5590166861
0.3312977103
0.2898167845
0.810010433
0.3117649023
0.4350501215
0.3074354868
0.7005262018
0.3554556952
0.5610486002
0.939942492
0.6213168679
0.2970741757
0.5076806784
0.3076839081
0.7574619805
1
0.3070246897
0.3952699377
0.4490978991
0.5775851997
0.2873432838
0.2996685038
0.5538321703
0.6408808454
0.3153215617
0.7965964361
0.3488104022
0.406458828
0.3199294659
0.488274988
0.3345652368
0.7318630614
0.4460964635
0.8268173921
0.9753605244
0.2872467191
0.2897867372
0.6005732439
0.287493102
0.3921502327
0.2873059562
0.4055558608
0.64791185
0.559242369
0.5464160742
0.489341897
0.3583719995
0.9203065793
0.7071231636
0.3307042862
0.2929134965
0.5055045296
0.3356778804
0.5809931943
0.2879791571
0.3479834143
0.381513673
0.9799001648
0.3070246897
0.2876244979
0.3126787322
0.6823371761
0.3218214777
0.4762147221
0.4757951155
0.8369102195
0.2912352077
0.5725923101
0.8953417686
0.2875030889
0.7197786869
0.365274916
0.2883816104
0.5208309354
0.2872134182
0.5450708023
0.2876365853
0.3337079308
0.3663488255
0.4658016806
0.6870157513
0.7624482941
0.2872433891
0.708657618
0.657864174
0.440344095
0.457185268
0.578948058
0.3228939766
0.2926498427
0.5443985449
0.4035782689
0.503767015
0.3956187292
0.2885924701
0.7393428396
0.5379136901
0.8737193448
0.6630516331
0.7543295234
0.4802133024
0.3289460794
0.9868650295
0.304722214
0.2907635582
0.3890658984
0.4515115164
0.6648533019
0.5853137467
0.365274916
0.2910138958
0.4180478059
0.6051324951
0.7870777538
0.4000145136
0.2898470054
0.9353182003
0.2920177549
0.3543038417
0.9728281767
0.9998531192
0.7729358382
0.2917360237
0.2877670814
0.6892389157
0.472656106
0.4447018155
0.8956448764
0.3588139314
0.8199000308
0.5105165727
0.6172150387
0.2872372548
0.4695315491
0.3194127315
0.5078985496
0.2873238316
0.6422427668
0.294373898
0.8890474387
0.2872703794
0.2972496506
0.4445028963
0.8044122857
0.4383763089
0.4121129719
0.2982111159
0.6306525
0.2884019114
0.2872467191
0.9077522683
0.8985060081
0.3528759134
0.6049045135
0.6787638933
0.3785577553
0.9570573707
0.3058166472
0.2872577607
0.2878537749
0.2874457941
0.9701977732
0.7418937332
0.3383192132
0.7526539378
0.2996032985
0.6630516331
0.4407386356
0.3626924736
0.3489487081
0.3228939766
0.287493102
0.4256015295
0.4580004985
0.3239816605
0.5184086476
0.7860776976
0.380688807
0.3271073623
0.2974859771
0.5891825448
0.4497002732
0.2877127837
0.6197218908
0.4319419154
0.3732376525
0.6158474665
0.2874195107
0.3877065914
0.2938368871
0.8134555815
0.8260744541
0.8956448764
0.3890658984
0.7438022232
0.3083534764
0.3945736436
0.4691160534
0.8550023258
0.9292687846
0.2874641919
0.8948864175
0.3643593075
0.9998161127
0.4156249537
0.5682862719
