0.744545629
0.3309405759
0.8763054657
0.3871370683
0.3361667384
0.6790251436
0.3267738943
0.3017074416
0.312994464
0.5859596208
0.5907426853
0.457511929
0.9253735649
0.5506261266
0.4458165947
0.4297395817
0.6666796123
0.5307236545
0.4991454351
0.6037397544
0.8178404466
0.6639762589
0.2875001889
0.3019176816
0.9082569094
0.300813671
0.2895636108
0.8125073537
0.515920709
0.2939990061
0.3634050165
0.2929900909
0.342973002
0.967135737
0.5225273023
0.3076551509
0.8212390663
0.3099448489
0.5436668619
0.4146230528
0.5909705421
0.7235457104
0.7332443541
0.882594302
0.9108335059
0.2940948348
0.4103887848
0.4961262687
0.3328537758
0.7185542703
0.3783389124
0.4245721945
0.4153646866
0.3252056967
0.4440250455
0.7005854553
0.4205987197
0.5650684479
0.8753261103
0.3003440581
0.648374786
0.9676034136
0.9710695126
0.3821172581
0.5845937825
0.3785019029
0.5725475629
0.2913687822
0.2877833744
0.3431052229
0.3371685361
0.2972864365
0.65449043
0.3112675306
0.7447575343
0.8865547062
0.3048629364
0.6185683345
0.2874849308
0.5006587689
0.7938091516
0.7880399883
0.2885876604
0.3340684919
0.37049838
0.4446215137
0.367073032
0.3021294136
0.3124429153
0.4500215861
0.3055618551
0.2884887023
0.4659277744
0.7370977344
0.5689189595
0.3743026323
0.3267738943
0.8204858532
0.288628466
0.5305014738
0.5868703765
0.4890507636
0.2945842295
0.7272203281
0.2962096281
0.9084008615
0.4056652137
0.2919048836
0.3816209437
0.8455979802
0.8693844745
0.658334221
0.2947847664
0.4516324265
0.4100230388
0.3561440945
0.6551691462
0.5589644829
0.2890749123
0.4353609668
0.380138257
0.2938565457
0.3555651245
0.3175113122
0.7987385005
0.3417892946
0.8157519852
0.296431247
0.3138324825
0.6700541036
0.8373266254
0.9197430592
0.2877833744
0.3069181082
0.3932941045
0.3375465721
0.8165124315
0.2930341505
0.4406587228
0.2884503418
0.2884503418
0.7965746772
0.5875535421
0.6458797645
0.719858549
0.5400856947
0.3002113835
0.2896465176
0.5698257101
0.2874265263
0.5039098304
0.300813671
0.8653616441
0.8167023637
0.4801341746
0.9617143892
0.4264784448
0.3785019029
0.3200543282
0.9919490488
0.5939333354
0.7126666625
0.3720749954
0.4444226113
0.6345174779
0.8132726436
0.9485263496
1
0.7157232024
0.7038915191
0.3131795823
0.4118557119
0.3056403302
0.8967391149
0.9945351908
0.8423811629
0.2912949588
0.9630028329
0.3521356902
0.6308754019
0.4308966562
0.4826712307
0.9578450837
0.372867862
0.5124126075
0.8935416767
0.4124074286
0.37049838
0.4326381429
0.293167359
0.2917871577
0.5918820443
0.9088321485
0.6553953476
0.587325811
0.2956674535
0.3371685361
0.4118557119
0.9963467904
0.2928155696
0.8427398517
0.6105842094
0.5957571363
0.398709095
0.5648421143
0.3527019502
0.7194239573
0.3754252919
0.445019557
0.368934001
0.7840299653
0.2907975599
0.3832793585
0.4688280466
0.4939759805
0.287455466
0.9012362966
0.7789823361
0.7868396347
0.4748768606
0.3258741778
0.7183367441
0.2985474868
0.2909362139
0.294886058
0.2944849846
0.5194396631
0.9454417117
0.5481537155
0.3333379176
0.2875624458
0.2879588456
0.2874186335
0.3138324825
0.3548443715
0.3237759434
0.5082614454
0.3367917872
0.7584202268
0.3361667384
0.2897881734
0.3584809011
0.6662292807
0.3263228368
0.2874249478
0.2878180861
0.4952655196
0.920150965
0.2876886984
0.289618708
0.8423811629
0.6651030514
0.4100230388
0.4630408342
0.4835188204
0.6890642827
