0.7234463361
0.850561861
0.5503945982
0.5138327636
0.6309590561
0.4242010284
0.3266497489
0.3822329018
0.5985148315
0.4029626276
0.7658291404
0.7191422359
0.5919338268
0.9069411999
0.3111874342
0.3112789881
0.2868410566
0.4131471151
0.3934428948
0.338306625
0.486232382
0.3581965405
0.627334494
0.2929945564
0.2876362259
0.6652082527
0.4202298216
0.393096204
0.2898327954
0.7672585871
0.3130484364
0.3045373211
0.6901119185
0.4051188638
0.783785163
0.735401638
0.3546898635
0.2990067678
0.6316383771
0.6616236143
0.9369612458
0.3889695909
0.9635146912
0.371042928
0.5125218661
0.5580268986
0.384402694
0.4486199092
0.6182639306
0.9828671187
0.5629786144
0.4416541548
0.2954295752
0.3308648767
0.2861770112
0.8971207459
0.2913394475
0.5939757894
0.8237280268
0.4402725534
0.4072895265
0.2861550237
0.7383672814
0.2949250316
0.9086288729
0.5765261383
0.4887845722
0.5040394704
0.7574004136
0.4255335637
0.3536811684
0.5005797545
0.6535378034
0.2875195194
0.4939123333
0.7387901611
0.3458451404
0.3760013255
0.4538548174
0.4967024584
0.2994088154
0.9510694696
0.2926076761
0.8762034079
0.3403772538
0.3374120193
0.8713671866
0.7146044723
0.7056930829
0.3625321548
0.338820922
0.4166715815
0.5593764064
0.286374871
0.3525362329
0.2875195194
0.3122031994
0.7215116516
0.8343114153
0.287831975
0.7309354871
0.3293208474
0.3193179323
0.2917770316
0.2865358786
0.7861687916
0.2917770316
0.7377325926
0.8402175262
0.2860878358
1
0.2864212753
0.5199698873
0.5715522831
0.4035003243
0.8190883796
0.4191025623
0.363138505
0.6474568545
0.6967173097
0.3737479119
0.3330432544
0.5197501644
0.7311486343
0.3702539419
0.9461091933
0.8851734975
0.5747167004
0.2891394812
0.3025387235
0.8612940583
0.8368274183
0.66341667
0.342749303
0.4324543317
0.2938527553
0.3864224334
0.3061493886
0.698034657
0.456490881
0.4532482368
0.3093013712
0.3479029376
0.8677709722
0.4478190372
0.287831975
0.5492744903
0.5501705272
0.2881463943
0.2912115051
0.9053821366
0.2908778542
0.4924135788
0.3313449091
0.2960061629
0.3109137202
0.4324543317
0.5173358138
0.3598285154
0.2860686382
0.6055524856
0.2864212753
0.6683398486
0.6282408631
0.3028390248
0.3115545968
0.3164557161
0.8502158003
0.414071291
0.5272419619
0.4454237652
0.2860600864
0.3646631275
0.8149676032
0.4986390998
0.8602861791
0.5358856853
0.945224068
0.286858143
0.287831975
0.3972845583
0.38239913
0.3281499413
0.6723589938
0.4042186685
0.3004400004
0.8014335005
0.2909189614
0.5383325368
0.9828019482
0.930912271
0.6062335984
0.3225173527
0.3167566138
0.7596710837
0.9470970235
0.3007919839
0.5064250066
0.9258921477
0.3306257317
0.899031697
0.459547496
0.3012916778
0.433036085
0.2862005685
0.2862005685
0.48602006
0.3184878804
0.3164557161
0.2860119152
0.4872948277
0.5051231112
0.8418134506
0.5758475017
0.2906348094
0.391369198
0.3146795905
0.6105471628
0.2861412375
0.2865632623
0.5794681753
0.4243911235
0.3366507168
0.3237245304
0.6164486264
0.9722615431
0.421926882
0.3000921406
0.2860686382
0.2979638642
0.7813924257
0.8235433296
0.363594582
0.6316383771
0.286445523
0.6834769899
0.5443536165
0.7072192412
0.9960682646
0.5598264062
0.6153139131
0.5290108461
0.9773026194
0.4560845401
0.5991958122
0.2903203518
0.4997167509
0.3590847938
0.4340073594
0.2862806583
0.4092918198
0.2861346061
0.2964795223
0.7505486107
0.6037361951
0.2863527146
