0.2882878865
0.8166498933
0.597503882
0.5579637446
0.4435119434
0.860296018
0.7369235871
0.8642187391
0.5965912258
0.9157787606
0.2887107284
0.5355138896
0.4571905691
0.997736972
0.3068698249
0.36063257
0.6845975986
0.8941083065
0.3243091458
0.400554172
0.5266206061
0.4254127221
0.6084601249
0.2951750946
0.9250334069
0.5713215968
0.6283126598
0.9016591521
0.6607856263
0.2887305326
0.7651341118
0.5545793436
0.3158437591
0.3673058074
0.3055990645
0.9893608599
0.3116441068
0.3993150264
0.3049793741
0.7216186267
0.9379355311
0.6689039162
0.4670510641
0.3202572872
0.3694800466
0.3043701784
0.8631996949
0.413221898
0.8019890108
0.28953367
0.2935788559
0.3204650302
0.8183590714
0.2876493357
0.5424429281
0.3491426244
0.2886716443
0.3097945532
0.4823418378
0.8829943139
0.3956287254
0.8799436398
0.5724565458
0.4957948318
0.3991384265
0.3656145858
0.3855289089
0.4263666788
0.4705813128
0.2876247657
0.7445935442
0.566332879
0.354925546
0.2967873252
0.4148859816
0.3241996999
0.4850993919
0.4962254794
0.3947579919
0.4945041566
0.4880800502
0.3542082985
0.4900020666
0.6328701938
0.9991232539
0.5593189442
0.4079138896
0.4718318476
0.3325827359
0.2955900615
0.3011401891
0.3007349078
0.9426422724
0.3134710374
0.3836889904
0.3355103306
0.3033294158
0.2887706651
0.2876058112
0.7231375376
0.8939549422
0.4167441195
0.714867261
0.291191118
0.3776027436
0.2878335863
0.2926602447
0.3021795958
0.5548048055
0.3557906023
0.3395428754
0.4025117521
0.8012063566
0.5317273828
0.5829151474
0.3166237861
0.2882124804
0.8135970342
0.3178125823
0.3004017593
0.9365800353
0.4323308521
0.5602228502
0.3055210301
0.3310320342
0.7183568164
0.3397997557
0.5435632773
0.7190099338
0.3671514355
0.4080955331
0.9310360793
0.7302692292
0.3224692155
0.2894310684
0.7643059628
0.7445935442
0.695720154
0.8902468499
0.6048074469
0.6381064713
0.9418088997
0.3767925889
0.6727270648
0.7859344175
0.4863754387
0.6449267792
0.8168400896
0.3078502471
0.2959620926
0.3040695242
0.4664300923
0.4311699047
0.5747276269
0.4672581901
0.4678799727
0.3055210301
0.6399263673
0.3633328823
0.7074180595
0.4000224793
0.6650738836
0.2881835435
0.3868756689
0.5557068922
0.2878335863
0.2899147193
0.2881553071
0.9741406163
0.2999423665
0.9431162327
1
0.2891399989
0.2930446557
0.6360581811
0.3465397284
0.2876087948
0.6185041652
0.3662278242
0.7384199124
0.807437101
0.600242299
0.2876624979
0.321407484
0.2924938694
0.3203610818
0.4973030142
0.8448854796
0.4435119434
0.7102716001
0.3117339409
0.7764274495
0.4682948305
0.4327185282
0.3447873309
0.2945731044
0.3184153906
0.6963849322
0.3019687246
0.2881009361
0.3612290572
0.4764370092
0.9309078238
0.8362189582
0.7994414481
0.3104908107
0.2882724552
0.2877177767
0.9828065076
0.3088540114
0.4635403585
0.8868019301
0.4145155076
0.2878072675
0.41285317
0.4026903374
0.4707895715
0.9024014882
0.2913701719
0.2878614834
0.5856478032
0.3513725613
0.5895215101
0.6587516966
0.4821301323
0.964006574
0.2876993509
0.3199468282
0.3973782482
0.8029658067
0.8489737663
0.7500926758
0.7881395981
0.2888530269
0.3363799149
0.2896124505
0.4208654378
0.6262606882
0.2876247657
0.403405712
0.9796678953
0.3192278251
0.2880877813
0.5263990111
0.6868283587
0.2876247657
0.2877669102
0.3274348534
0.3713629097
0.287600897
0.5735918935
0.5754092468
0.288303493
0.7166133484
0.287682504
0.6883880843
