0.7609296611
0.977012329
0.7420301831
0.8346989616
0.7945744442
0.3280822969
0.5207062776
0.5169648262
0.6611446571
0.3219872517
0.6770990729
0.6973437989
0.9099235134
0.3789540098
0.3704589692
0.3889671216
0.6624974681
0.295671474
0.559796739
0.2971288139
0.8790809012
0.2950894038
0.5114847472
0.5652213305
0.7866225601
0.8965659026
0.2878061685
0.3877778988
0.7525826407
0.9295681021
0.4993126856
0.7390529071
0.2877525606
0.4792470314
0.901942947
0.8840332926
0.3164517038
0.5487612946
0.9803094484
0.2994637526
0.3216679569
0.2888035538
0.3045478636
0.3110132441
0.2929673695
0.3148984819
0.2889216434
0.4368883709
0.6114006136
0.4123727715
0.4140331748
0.8766541425
0.3955170104
0.3183480279
0.3494286931
0.9066209315
0.9104927418
0.8988209512
0.3550880589
0.3394043626
0.4011530534
0.2891708852
0.548087595
0.4291269456
0.374744637
0.3172433142
0.2990789692
0.4589012678
0.2872662428
0.7401173242
0.371088307
0.6218868853
0.34873636
0.5311086616
0.8833990681
0.4273997743
0.4184989273
0.9362302432
0.8264122672
0.3007218962
0.4183117635
0.3168462625
0.3372415153
0.2965547635
0.7164328411
0.6951319784
0.6811233
0.7860220359
0.2983891955
0.7153437226
0.2880321225
0.288394564
0.497370741
0.3103049865
0.4706579873
0.491356178
0.4420054878
0.8771410723
0.775930822
0.3207183261
0.3630611584
0.5355591976
0.5776914298
0.4868732046
0.6214311412
0.6661011007
0.8049482497
0.5947576563
0.6737388136
0.3942986491
0.3556656712
0.4858094893
0.955134514
0.3054782783
0.4841105368
0.6066119574
0.5902017424
0.4410171256
0.3699882487
0.3071630084
0.3906754474
0.6782178163
0.4858094893
0.6332712573
0.465267713
0.2877268064
0.3002513665
0.7244597693
0.2927036671
0.3532253922
1
0.4505873669
0.6371366901
0.2903090429
0.2881865746
0.2895490566
0.823242198
0.2873766765
0.3488745558
0.3323159105
0.310217174
0.2966682219
0.8118851607
0.453007798
0.8992694614
0.5342226243
0.8695888641
0.2956177093
0.3158645494
0.9882731859
0.3206135772
0.8267838045
0.7767437557
0.2891708852
0.2928787824
0.3064321978
0.2875764695
0.4040112053
0.4183117635
0.2872679959
0.4475772617
0.813414362
0.7706234596
0.4347403455
0.3214558571
0.2880485849
0.5498846554
0.4746250786
0.287952433
0.4118210544
0.3930855782
0.7813992445
0.5792817685
0.4748345121
0.6757556862
0.6282646065
0.6918079577
0.290507566
0.6264429687
0.6793358709
0.4524016732
0.3824117469
0.3240412476
0.4621787883
0.3378733813
0.3397902951
0.5277798587
0.5103920094
0.2872962192
0.299270608
0.3839092141
0.9401153672
0.7636234927
0.2964419816
0.3508234832
0.331239643
0.9480234365
0.3506833986
0.6275815514
0.7177384261
0.8035889968
0.2981434028
0.3347498435
0.2873766765
0.3057936442
0.2921948092
0.913035349
0.2936066734
0.9987551613
0.3346267704
0.6911422677
0.2963858444
0.3177431285
0.9743701694
0.5525833431
0.4487792253
0.7673376412
0.6425878695
0.9645343347
0.3114610943
0.4915702613
0.599771816
0.618696247
0.2914397931
0.3409557066
0.5550602683
0.2927036671
0.3213500365
0.2874557235
0.2872995499
0.9566081597
0.6102604747
0.2876537442
0.787222514
0.8412165874
0.2878918285
0.6815698728
0.7183906587
0.564768846
0.8824450602
0.5156471654
0.889055495
0.2952986869
0.3709307896
0.6982275665
0.2875764695
0.2886236736
0.2873894718
0.3587324577
0.3715615898
0.3381271249
0.3230614697
0.2996584019
0.3734656335
0.2873146252
0.5845113218
