0.3383074842
0.9752312465
0.8773496158
0.5411944242
0.3037551552
0.4421879753
0.7698809175
0.8037795516
0.3472027742
0.2931684538
0.5512618558
0.674655408
0.2956543171
0.2916906577
0.8582361369
0.3089230813
0.3126275748
0.3826900322
0.4617400275
0.2906579306
0.4304621844
0.3496970667
0.8919721033
0.6246359352
0.3677182077
0.2873340322
0.5501406492
0.6513319011
0.5340705316
0.3159002567
0.3340336776
0.3206129459
0.929504817
0.7676380758
0.819898096
0.3735520115
0.9228545817
0.3381794451
0.5137861839
0.9680220083
0.4347269147
0.3411598269
0.6594326324
0.2936155012
0.2886759484
0.6402687563
0.2866391644
0.9911900042
0.6105572421
0.456431497
0.570856762
0.5812685492
0.3081456854
0.8565349854
0.287059265
0.7596299118
0.6897532381
0.3209315443
0.2862294929
0.8955770874
0.2885322819
0.3158014296
0.4007701377
0.4832093209
0.4580598114
0.3660159869
0.9866737682
0.4621503309
0.8250932658
0.419797057
0.290016951
0.7857740335
0.4256665059
0.291140272
0.3221114196
0.3250848114
0.4417923725
0.3650938009
0.4298838308
0.286233161
0.3530900804
0.6162362438
0.5699527836
0.5267587831
0.6377802352
0.3294535319
0.4592840287
0.823984911
0.5436502952
0.3561211818
0.6005603415
0.61759887
0.4335597425
0.598288668
0.5072449208
0.6461438155
0.5774175507
0.5280853972
0.4699973283
0.6965876722
0.3193522581
0.3427440663
0.2862296676
0.28683816
0.2974977386
0.2927826404
0.4902229579
0.3174012436
0.3167966743
0.3014489462
0.3106066703
0.5765119373
0.5048565543
0.450768946
0.3666332517
0.289663135
0.7785791582
0.3089230813
0.2864102568
0.3616003557
0.286339528
0.7157979716
0.4279616148
0.8510357872
0.4895828631
0.9938819368
0.3039093393
0.3628079436
0.4306551411
0.3023968948
0.3706932808
0.2898025942
0.286339528
0.2866634306
0.2867952231
0.7771707992
0.4298838308
0.9053578884
0.5747013331
0.5199257026
0.4521791759
0.5921570991
0.7361733888
0.7007600604
0.2922699463
0.7237817311
0.8080004611
0.5683714323
0.2946581291
0.6228205098
0.2864794075
0.5634068888
0.4254758209
0.299569111
0.6616781007
0.9272332289
0.7684544751
0.305486961
0.8093363936
0.3830230822
0.2904260295
0.4304621844
0.5810419293
0.2863727102
0.3583213247
0.7199050899
0.6289455261
0.2869603252
0.9521090349
0.3732324591
0.9290028154
0.7575627054
0.2872194267
0.5107286888
0.6400425948
0.3214655785
0.9735667381
0.6994438599
0.4020171506
0.2867812594
0.3599531352
0.9781939391
0.3528044176
0.3122544578
0.3117916055
0.7170966033
0.6717540351
0.6039682687
0.3211447029
0.7014176699
0.3066298557
0.3075500116
0.2903501038
0.9224627426
0.9282468154
0.3434100405
0.2874548991
0.4810961931
0.4364833123
0.2881530496
0.3295713714
0.3220034012
0.2863054712
0.2868236734
0.4090555046
0.4718697064
0.3848629442
0.443376689
0.5508132996
0.723996683
0.786171353
0.2862453878
1
0.8792602973
0.2866883943
0.8813158162
0.6144191777
0.4731208243
0.8595910587
0.3525192819
0.319248193
0.3274727247
0.2865385999
0.3196653705
0.3296893573
0.8302298377
0.4737472341
0.5305208021
0.3896072433
0.8142680689
0.3894363126
0.2899448099
0.8631221881
0.2872380927
0.4578560228
0.6230474631
0.9351623381
0.7755575772
0.3556846457
0.8123769645
0.6775522115
0.7827860463
0.3954833787
0.6587585721
0.2866391644
0.9482541743
0.5059414843
0.3525192819
0.2949293629
0.3953087818
0.9746817815
0.9050720261
0.3202957162
0.7321313185
0.2878078002
0.2863334154
