-3.4551e+00,-4.8990e+00
-1.2389e+00, 2.1982e+00
-1.3799e+01,-6.3146e+00
-9.3161e+00, 1.4534e+01
 6.6410e+00,-5.2829e-01
 1.1025e+01, 1.7039e+00
 6.6723e+00, 2.0804e+00
 3.8594e-01, 1.1462e+01
-5.5514e+00, 7.8236e+00
-3.5715e+00,-1.7255e+00
 7.3742e+00, 3.4810e+00
-1.4648e+01,-2.3222e+00
-4.3127e+00, 7.7930e-01
 7.6861e+00,-4.5395e+00
 3.9953e+00,-1.6629e+01
-1.5291e+01, 5.2715e+00
 5.1492e+00,-1.1971e+01
 2.6629e+00,-9.5792e+00
 2.8627e+00,-1.1830e+01
-2.8819e+00, 3.2561e+00
 1.4121e+01,-4.2559e+00
 1.1695e+01,-7.1472e+00
-3.5808e+00, 1.7049e+01
 1.0946e+01, 1.3255e+01
 2.1641e+00, 7.3847e+00
 5.2815e+00, 6.9972e+00
 2.7021e+00,-1.5425e+01
-7.8675e+00, 6.2537e-01
 1.0512e+01,-4.2651e+00
-2.8784e+00,-6.6090e+00
 1.2180e+01,-1.0646e+00
-7.5524e+00, 1.1745e+01
-4.1220e+00,-1.4193e+01
 1.4935e+01,-7.5007e+00
-9.3881e-02,-2.8567e+00
 3.0552e+00, 3.1578e+00
 1.2681e+01, 8.3380e+00
-1.2384e+01, 1.6649e+00
-1.5477e+01,-3.9156e+00
-1.0546e+01,-7.5353e+00
 1.5194e+01, 2.1238e+00
-4.8201e+00, 1.3311e+01
-1.2409e+00, 4.3105e+00
 5.3763e+00,-9.8166e+00
 1.9599e+00, 5.0590e+00
 1.1694e+01, 1.0494e+01
 7.5781e+00, 7.7889e-01
 7.7613e-01,-1.0568e+01
 7.5002e+00,-1.3417e+01
-8.1282e-01,-1.0984e+01
-1.2659e+01, 1.0529e+01
 5.0492e+00,-1.3641e+01
 2.0415e+00, 1.0762e+01
 3.2588e+00,-3.7258e+00
-4.2468e+00,-1.0941e+01
 4.8968e+00, 1.5985e+01
-1.1893e+01, 6.1041e+00
-9.7000e-01, 7.1522e+00
-1.0143e+01, 8.2981e+00
-9.4287e+00, 1.2165e+01
 9.9736e+00, 1.1654e+01
 1.0981e+01, 4.2928e+00
 5.8815e+00, 9.7856e+00
 1.8680e+00, 1.2028e+00
-1.4562e+01, 6.7822e+00
-6.6854e+00,-1.1279e+01
-6.2949e+00, 6.3560e+00
 5.2515e+00,-7.7789e+00
-1.4631e+01, 2.2792e-01
 1.5665e+01, 4.6929e+00
 4.3482e+00,-1.1363e-01
-9.7168e+00,-3.9586e-01
-3.2732e+00, 6.9003e+00
 6.5251e+00, 1.1855e+01
 9.9910e+00,-1.1740e+01
-1.0639e+01, 1.1164e+01
-7.5361e+00, 5.2281e+00
 1.4881e+01,-2.3909e+00
-3.0287e+00,-1.3149e+01
 3.9135e+00, 9.7838e+00
 3.0912e+00, 1.3402e+01
-1.2957e+01,-2.3436e+00
 5.7624e+00, 3.6039e+00
-1.4354e+01, 2.7838e+00
-8.1032e+00,-5.7600e+00
 1.1147e+00, 9.0253e+00
 8.0371e+00, 1.4413e+01
 3.5448e+00, 6.7701e+00
-8.1804e+00,-8.1415e+00
 1.6601e+01, 5.1616e-01
-1.1402e+01,-3.0500e+00
 1.3034e+01,-2.6775e+00
 9.2974e+00,-1.4362e+01
-7.9475e+00,-1.4368e+01
 8.8381e-01, 1.4254e+01
-1.5767e+00,-4.7662e+00
 9.5716e+00, 1.0194e+01
 6.2053e-01,-6.8694e-01
 4.6061e+00,-5.8764e+00
 5.3398e+00, 5.4538e+00
-3.5707e+00, 1.2202e+01
 1.1798e+01, 6.4888e+00
-1.9236e+00, 1.0616e+01
-9.0759e+00,-9.3682e+00
-1.6298e+00, 1.2448e+01
-1.5623e+01,-5.4441e+00
-7.5461e+00, 1.3398e+01
-1.0844e+01,-5.5773e+00
 1.4529e+01,-4.8095e-01
-2.1476e+00,-1.0290e+01
-8.2718e-01,-7.4371e+00
-1.1134e+01,-1.2057e+01
 6.2108e+00, 1.4772e+01
 6.8934e+00, 7.3778e+00
-4.1141e+00, 1.5081e+01
-5.2960e+00,-5.5706e+00
-1.6000e-01, 5.8032e+00
-4.8811e+00, 3.7651e+00
-3.4475e-01, 1.5719e+01
 3.5026e+00,-1.5817e+00
 1.4900e+00, 1.7409e+01
 7.4359e+00,-1.0342e+01
-1.7864e+00, 5.8453e+00
-2.7489e+00,-5.4720e-02
-9.6791e+00, 3.4097e+00
 1.2462e+01, 1.2170e+01
 1.0002e+01,-7.0119e+00
-2.3229e+00,-1.6046e+01
-9.3573e+00,-1.3257e+01
-1.5812e+01, 2.4176e+00
-2.8733e+00, 8.6347e+00
 1.4390e+01, 3.8501e+00
-5.9163e+00,-6.5662e-01
 4.3483e+00, 1.9435e+00
 9.3109e+00, 3.1252e+00
-1.4306e+01, 1.0002e+01
 9.9768e-01, 3.0059e+00
-7.3933e+00,-9.9564e+00
 6.7958e-02,-1.2833e+01
-5.3837e+00,-8.1849e+00
 7.5499e-01,-1.5945e+01
-1.7255e+00, 1.4162e+01
-7.2513e+00,-2.4393e+00
-1.1810e+01,-8.3797e+00
-5.9817e+00,-1.4396e+01
 5.1560e+00,-3.4490e+00
-1.2977e+01, 8.4878e+00
-1.6976e+01,-3.2835e+00
 1.5413e+01, 8.0283e+00
 1.2472e+01,-5.4075e+00
 1.5816e+01,-5.9633e+00
-1.3309e+01,-4.4220e+00
-6.6734e+00, 1.4784e+01
-8.7562e-01,-1.6561e+01
 9.1882e+00, 6.6662e+00
 3.7304e+00, 1.1540e+01
 6.9381e+00,-1.1814e+01
-6.7975e-01,-1.4548e+01
-2.8972e+00,-8.5899e+00
-1.7451e+01, 1.2265e+00
-4.6108e+00,-3.5111e+00
 5.7985e-02,-5.4377e+00
-1.0762e+01, 1.9056e+00
 9.4501e+00,-2.4155e+00
-1.4432e+01,-8.9699e+00
-7.6966e+00, 3.6654e+00
 1.4048e+01,-5.9854e+00
-7.2235e+00, 9.0131e+00
 6.0215e+00,-1.6162e+01
-5.8858e-02,-9.2243e+00
 1.4868e+01,-9.0645e+00
-8.3024e+00, 6.9687e+00
 3.9873e+00,-1.0541e+01
 7.7175e+00,-2.4540e+00
 4.1006e+00, 4.4886e+00
 1.6245e+01,-1.4361e+00
 4.1217e+00, 8.1885e+00
 1.3732e+01, 9.5684e+00
 1.1522e+01,-9.8002e+00
 1.1618e+00,-3.6809e+00
-1.0397e+01, 6.3035e+00
-1.7661e+00,-2.1038e+00
-1.7297e+01,-1.7082e+00
 7.6547e+00,-8.0546e+00
 5.5851e+00,-1.8175e+00
 1.3431e+01,-7.6712e+00
 1.0556e+01, 7.7375e+00
-2.5551e+00, 1.4580e+00
-5.8828e+00, 2.2210e+00
-1.6322e+01, 4.1108e+00
 9.8500e+00,-2.5876e-01
-1.1989e+01, 3.9226e+00
 2.8706e+00, 1.5540e+01
 1.3090e+01,-1.0993e+01
-1.0040e+01,-3.8297e+00
-4.9994e+00, 1.0394e+01
 2.1712e+00,-1.3374e+01
-1.2927e+01,-1.1295e+01
-9.0207e+00, 9.7589e+00
 7.9853e+00,-1.5340e+01
 9.5497e+00,-8.4739e+00
 7.8432e+00, 1.0190e+01
-1.4529e+01, 8.2875e+00
-1.2761e+01, 1.2807e-01
 1.1637e+00,-6.7541e+00
-1.2098e+01, 1.2005e+01
 1.6345e+01, 3.1783e+00
-3.6756e-01, 1.7387e+01
 2.8817e+00,-7.0785e+00
 6.5469e+00,-6.0011e+00
-4.6623e+00, 6.1387e+00
 8.1077e+00, 1.1815e+01
 7.5972e+00, 5.9000e+00
 8.1299e-02, 1.3918e+00
-8.7673e+00,-2.4347e+00
-8.7616e+00,-1.0910e+01
 1.2630e+01, 7.6646e-01
-5.4468e+00, 1.6269e+01
-1.3598e+01, 4.7327e+00
-7.9197e+00,-1.0340e+00
-3.8827e+00,-1.6408e+01
 1.2516e+01, 4.4020e+00
 1.5680e+00,-2.1053e+00
 8.2899e+00,-5.9308e+00
-1.0121e+00, 3.6297e-02
 1.6797e+01,-4.8154e+00
-1.0865e+01,-1.0317e+01
-1.2310e+01,-6.7717e+00
 2.2154e+00,-4.9665e+00
 8.6904e+00, 4.5639e+00
 1.7280e+01,-2.6520e+00
-7.2103e+00,-1.2741e+01
-6.9335e+00,-1.5995e+01
-2.1939e+00, 1.6369e+01
-6.3580e+00,-4.3242e+00
-1.3172e+01,-9.7881e+00
-6.4894e+00,-6.7012e+00
-7.2623e-01, 9.2050e+00
 1.1518e+01,-2.9608e+00
 1.4707e+01, 5.9668e+00
-5.5443e+00,-1.2606e+01
-1.4273e+00,-1.3095e+01
-1.5554e+01,-1.0853e+00
 9.2775e+00, 1.1929e+00
-2.7053e+00,-3.3304e+00
-8.0062e+00, 1.5475e+01
-8.0094e+00,-3.8457e+00
 1.0682e+01,-1.3392e+01
 1.0758e+01,-1.6504e+00
-5.7219e+00, 1.2069e+01
 1.6045e+00,-1.7344e+01
-1.1310e+01,-5.6814e-01
-1.3280e+01,-7.9590e+00
 2.7967e+00,-2.2410e-01
 9.9328e+00,-1.0047e+01
 9.2279e+00, 8.4987e+00
