0.3153922456
0.9296972974
0.5140210123
0.3393780919
0.3408063063
0.3937426262
0.3177829115
0.4921526044
0.5627763215
0.316676108
0.4216754405
0.7068535512
0.8127149104
0.2972688568
0.6839347966
0.2987757101
0.361318367
0.710344845
0.3270723501
0.297698406
0.7975045704
0.8185635276
0.9418996523
0.6739114331
0.6600149355
0.6989627013
0.3740419677
0.2934763677
0.5079104277
0.3201573368
0.4226207144
0.8115749646
0.2866794223
0.6319966289
0.6901411215
0.5037840819
0.8412431084
0.3364468692
0.2914387057
0.508345746
0.4691659016
0.5901808858
0.4770988042
0.386888678
0.6665263565
0.7035715365
0.8274808006
0.3268436871
0.5394407811
0.2940780562
0.5120531599
0.5247930319
0.6421920089
0.320578549
0.90443499
0.9687890785
0.3107908273
0.286751429
0.9646367394
0.4689583875
0.4020150292
0.3195301008
0.2864918593
0.4779390841
0.6104141984
0.8129046524
0.9318233178
0.5499534227
0.6126880901
0.6010906582
0.3069006211
0.5490564142
0.408323053
0.3879055636
0.4079592888
0.4343316562
1
0.45358889
0.5063882491
0.8488291743
0.3133739854
0.7754336398
0.3019316203
0.406327267
0.7376729583
0.422053277
0.3212149386
0.9167466014
0.3480603711
0.7953529137
0.4627638626
0.3986429882
0.3258220581
0.309283125
0.2878143289
0.3626741255
0.7522004585
0.3040233821
0.5919983427
0.4079592888
0.6049564093
0.3290398704
0.288061945
0.4425784434
0.2869803382
0.2907977655
0.7118691184
0.3635836385
0.7323509627
0.3218568008
0.4117984217
0.3692913225
0.3599728813
0.2925738277
0.6905834767
0.2948645358
0.6004085249
0.6748046873
0.3145188311
0.4783595885
0.38286146
0.2999011746
0.3064884469
0.7607138305
0.4675076259
0.3823626387
0.5672913853
0.8526528362
0.6340376527
0.2879019371
0.2917756482
0.3637356636
0.9613248958
0.4112473355
0.456427821
0.4287236066
0.5223666221
0.7689288562
0.4023721464
0.5650329422
0.4079592888
0.4032667283
0.9294452747
0.8817785152
0.9955756823
0.5499534227
0.6582154333
0.9431658577
0.9230153612
0.5492806282
0.286482244
0.3835281478
0.2868236037
0.6788189296
0.8578030066
0.288330587
0.315882931
0.3029614402
0.4699966096
0.2970872781
0.2884334838
0.8935158169
0.2896480363
0.2930411782
0.4463557466
0.5232484246
0.3257092881
0.6462624268
0.8813045452
0.7567800477
0.6083675611
0.2865189565
0.5107432035
0.891240741
0.427764048
0.6195078907
0.6315429515
0.3852027922
0.2964929266
0.2889017547
0.9918113559
0.3101644356
0.8157421978
0.8588241001
0.526560521
0.3080761406
0.286751429
0.3005164333
0.311333927
0.7697452736
0.3635836385
0.3123444121
0.4983808982
0.3257092881
0.286618596
0.9834255586
0.2873646152
0.4186659611
0.3331019923
0.3477845986
0.6514558824
0.3657233625
0.8900189635
0.2864901111
0.4515698971
0.9858912358
0.6480698635
0.3421193393
0.4167970944
0.4243279143
0.5510752484
0.3324940787
0.66203774
0.7838768469
0.2894521281
0.287007069
0.8151759804
0.8444366315
0.2907207407
0.4983808982
0.3084177893
0.2866327543
0.7605072896
0.2924824058
0.9487638847
0.7155626943
0.6861541545
0.3346994409
0.2865986691
0.6885918593
0.2872624509
0.2879923273
0.5381032957
0.4662666945
0.2864859153
0.2869936163
0.2864958802
0.9340427481
0.2878359701
0.7621580447
0.2878797742
0.6106415961
0.7635994922
0.3879055636
0.3911519153
0.8356833884
0.3413298495
0.5105250307
0.316676108
0.5863203556
0.7175133009
0.6557389674
0.4891617319
0.2871209705
0.3727645416
0.55534369
