0.7171409209
0.6723449086
0.7220927318
0.6903013943
0.8259242735
0.8666842113
0.3376912689
0.310068386
0.374133333
0.2858871196
0.3007992904
0.3136916826
0.5553993036
0.6874329876
0.3079581846
0.6698919987
0.2970682881
0.4537466225
0.9809385112
0.3041715087
0.4946459074
0.2992040466
0.6676593902
0.4376137801
0.3560441776
0.320256022
0.6602746697
0.2955135249
0.5462149884
0.5659727018
0.5401904203
0.9369110035
0.5237934312
0.8622101113
0.7760489206
0.309532251
0.3722159394
0.9825188848
0.2861249695
0.3084771379
0.436830493
0.8746438694
0.3380752535
0.7882012326
0.7714071733
0.4003691891
0.5477801184
0.9455722379
0.522912477
0.5045609793
0.4689040904
0.3993052537
0.7177880991
0.6876538286
0.728516482
0.2990694598
0.3610783705
0.5259983847
0.7653053817
0.547556451
0.4246713077
0.3998367578
0.4197544446
0.2884977508
0.2860048329
0.4193787647
0.3138839214
0.3326933181
0.3527232024
0.3670322531
0.6108101765
0.8995841807
0.5413045441
0.2860848679
0.3580991873
0.7244528099
0.439577694
0.2858461337
0.6918436195
0.4250520384
0.4261963533
0.2894194966
0.5023968184
0.329804704
0.5625935874
0.6447601732
0.8991471279
0.5867696512
0.5743236455
0.8647033824
0.2858429943
0.9728002269
0.3678091667
0.5833722097
0.3044872296
0.2901217986
0.440168443
0.3197280693
0.3247275991
0.2878418237
0.3583948138
0.4152707066
0.2866619577
0.9620234326
0.2972549587
0.2858211923
0.4515264364
0.2968831199
0.794480845
0.3147567066
0.2860658625
0.301013792
0.3422493009
0.5740976798
0.8174086068
0.7401841011
0.8979775479
0.2862496199
0.6019620399
0.4543536622
0.3090898367
0.640924953
0.2861249695
0.2895262624
0.6153466809
0.3570685311
0.4703569363
0.298603625
0.4600504152
0.5664235497
0.4461151377
0.6654243055
0.2862496199
0.365180181
0.2858278202
0.333551486
0.4292632755
0.5448744702
0.4084650158
0.8242705309
0.9071659063
0.5707098728
0.8102574048
0.3267700994
0.8715821787
0.4075555029
0.3218626158
0.2861460655
0.6411506744
0.2859593192
0.3368002331
0.5123895746
0.3692152932
0.7548137825
0.2862374172
0.865530222
0.2925031931
0.4012586273
0.4839922745
0.3127398611
0.3930005347
0.9613700862
0.2963966911
0.3181670658
0.6490411013
0.2868804119
0.4216383217
0.3150504336
0.7850364817
0.2870193964
0.4547587178
0.7028100636
0.3070217178
0.28778911
0.310701083
0.8235335889
0.2868997458
0.9622091389
0.3954361515
0.9942313078
0.7575019361
0.9398255369
0.4791384733
0.2859968115
0.3077008642
0.2949457342
1
0.3077864778
0.6779076038
0.9131208286
0.3763917996
0.3213233039
0.9078674326
0.3190995474
0.6663186312
0.4525345109
0.6560118074
0.5145741697
0.7338379532
0.2968831199
0.9577320214
0.3572153826
0.3553163723
0.2876100654
0.4635358534
0.8321164924
0.8853405856
0.353009241
0.9004557614
0.4736894282
0.8744835136
0.4431329534
0.6973379445
0.3560441776
0.3046460625
0.4880246628
0.3603288149
0.8190870038
0.4344885333
0.2953414224
0.3132138174
0.5330777936
0.640924953
0.5569712471
0.8244545796
0.2864096314
0.8887126093
0.2860566212
0.3461540097
0.2862619967
0.508033236
0.5448744702
0.2866966288
0.6465634084
0.2859889645
0.6289431797
0.2858163086
0.3673426516
0.744389998
0.2859968115
0.2889089016
0.5949301698
0.2859737932
0.2881726386
0.4026870371
0.2866619577
0.2862018541
0.5233528799
0.3160395992
0.2861045702
0.4880246628
0.2868048135
0.9305222437
0.357951566
0.3548812449
0.5202732257
