0.2861676458
0.7438633654
0.9075226205
0.5776684873
0.6438597075
0.3172672568
0.3218727159
0.5173456981
0.2865549582
0.5731450958
0.2862311643
0.4268785934
0.9967419686
0.4010065659
0.4148202685
0.4036874717
0.5136239883
0.286160491
0.3169640398
0.9732456644
0.7432325671
0.6456649844
0.5414623117
0.2959534024
0.2864509959
0.5740493476
0.441662593
0.3317127933
0.3827392392
0.487304138
0.2865687374
0.5504051141
0.2878627236
0.2863262578
0.4361598522
0.3881251965
0.5539935769
0.2949306665
0.8562408844
0.596483461
0.2948203972
0.2885799827
0.4225022752
0.5459283993
0.2927089684
0.6214517544
0.3125832625
0.4179866073
0.6497229993
0.9708853465
0.4291804092
0.7398606305
0.4131550088
0.3334172318
0.3860920707
0.2933979146
0.2877138283
0.2915180007
0.328156211
0.3490194936
0.6912281321
0.6382120352
0.6300651879
0.2992798545
0.6273464799
0.8805052416
0.8375594772
0.8576001328
0.3282726436
0.2862578614
0.3276919512
0.3297996097
0.3898315893
0.8891853877
0.450635988
0.9058257807
0.7729623554
0.4773734307
0.330512692
0.7474291636
0.6763825219
0.8277882475
0.3080888388
0.2873689092
0.3147829587
0.4047662178
0.5454812985
0.3418280401
0.5248234873
0.2864509959
0.9179486214
0.3688484336
0.3261994061
0.2958370742
0.729242562
0.382572781
0.7039600548
0.413709239
0.3392145984
0.2884040795
0.3392145984
0.3662071678
0.7741753722
0.3191155991
0.3208001394
1
0.3074913637
0.3037614036
0.3073220988
0.2888869788
0.8486707163
0.4468281997
0.8094979042
0.3101967031
0.8996337024
0.758241377
0.6144178088
0.9265460939
0.6116939036
0.6641013766
0.4526509638
0.7286017128
0.3260856306
0.6203175981
0.2955491945
0.7206644214
0.3331720119
0.8370225415
0.3372912265
0.7043969103
0.5140612156
0.6368553077
0.8339666799
0.5055665516
0.441464978
0.2860173798
0.7689034307
0.3724777925
0.9219097575
0.3642113908
0.3484634656
0.4646854882
0.3219808052
0.2884040795
0.8910085212
0.338956323
0.4875167976
0.2893118776
0.2915180007
0.2866550699
0.5243824048
0.3925844727
0.5153738986
0.4657164209
0.9658009819
0.9089261823
0.6436339772
0.311101982
0.8448265703
0.3089559647
0.492209085
0.2879137419
0.4189230116
0.5292422249
0.7223857532
0.6180488431
0.4365507851
0.3311109288
0.3336630263
0.287063058
0.397467986
0.4896464125
0.3605823054
0.3112849355
0.3188040938
0.5144986103
0.4518440842
0.4091171186
0.6160065231
0.3729558717
0.2860882406
0.2936520284
0.9621401303
0.2969081825
0.9589908557
0.7315887656
0.4345994339
0.5978453005
0.2860269795
0.7354156887
0.3432890622
0.7861838123
0.2876180328
0.8519591167
0.7474291636
0.5544425543
0.5815172147
0.3039164502
0.5217390329
0.289483058
0.7617440063
0.5343407698
0.3685358623
0.3528284196
0.9122556917
0.3901741806
0.8202217699
0.3809144529
0.9685194845
0.8321586753
0.4746497361
0.462628672
0.4223130742
0.514279892
0.2887930665
0.913489982
0.9552208603
0.5708854698
0.2861901571
0.2884620223
0.9349508368
0.2903646061
0.2878374743
0.3054217886
0.3426228932
0.2863803425
0.7637967521
0.7455432447
0.3083472997
0.8274220709
0.3008686233
0.6627571068
0.3086941509
0.2865279224
0.8257705459
0.2867476705
0.360732069
0.4864540539
0.6144178088
0.2863581856
0.7528534748
0.6912281321
0.6348193635
0.9171458311
0.3462608798
0.4494305803
0.6309711113
0.4947793626
0.7930832311
0.3663615547
0.5860489501
0.3682237786
0.2872626156
0.4085701429
0.6894628923
0.3278077954
