 1.1617e+01,-1.2796e+01
 9.8851e+00,-5.4696e+00
 5.1531e+00,-1.6622e+01
-1.5430e+00, 1.7171e+00
-1.1650e+01,-6.9945e+00
 8.3569e+00,-2.2233e-01
 8.3052e+00, 5.8525e+00
 1.3285e+01, 8.1621e+00
-1.3109e+01,-3.4266e+00
-2.3320e+00, 6.4055e+00
-1.9664e+00,-8.7330e+00
 1.4565e+01,-3.8680e+00
-1.4023e+01, 5.8140e+00
-4.8330e+00, 6.9043e+00
 1.5010e+01,-8.3414e+00
-2.7489e+00,-1.2729e+00
-7.8781e+00,-2.7806e+00
-9.1376e+00, 4.6128e+00
 3.0394e+00,-1.7169e+01
 8.0483e+00,-6.6135e+00
 6.7942e+00,-1.4474e+01
-1.5974e+01, 1.9519e+00
 1.1373e+01, 3.7040e+00
 5.9023e+00, 1.0677e+01
-5.0617e+00, 1.2684e+01
 2.8545e+00,-9.9025e+00
-7.0604e+00,-1.4195e+01
 7.4200e+00, 3.1735e+00
 8.9893e+00,-1.1733e+01
-6.8585e-01,-1.2158e+01
-1.0595e+01, 2.2988e+00
-4.5131e+00,-6.6053e+00
 4.1490e+00, 1.2907e+01
-2.9272e+00, 1.3055e+01
-7.1865e+00, 2.2130e+00
 9.1290e+00,-9.0253e+00
 2.0900e+00,-1.3682e+01
-5.4495e+00, 4.6458e+00
 1.2591e+01, 2.3983e+00
-1.3161e+01, 9.0898e+00
-2.0651e+00, 1.1567e+01
 5.4869e+00,-6.6221e+00
-4.5461e+00,-1.1009e+00
 1.3656e+01,-7.4622e+00
 1.0537e+01,-1.4530e+00
 1.3330e+00, 4.0736e+00
 5.7793e+00, 8.5026e+00
-1.0717e+01,-3.3318e+00
 2.9325e+00, 6.1432e+00
-4.6136e-01, 1.5871e+01
 1.0893e+00, 2.2775e+00
 1.1792e+01, 1.2559e+01
 7.1928e-01, 1.3873e+01
-8.0932e+00,-1.2888e+01
 1.0767e+01, 7.0541e+00
-2.6679e+00,-3.8838e+00
 4.1477e-01, 6.1019e+00
 4.3877e+00,-5.3662e-01
-9.7723e+00, 1.2587e+01
 1.2062e+01,-1.5367e+00
 3.3032e+00, 7.6326e+00
 5.3582e+00, 6.9942e-01
-4.9033e+00, 1.5672e+01
 6.7091e+00,-9.3696e+00
-1.7453e+01,-7.2187e-01
 5.2688e+00, 2.5874e+00
-3.9112e+00,-5.0403e+00
-1.0255e+01,-1.0463e+01
-1.0499e+01, 1.1216e+01
-7.8480e-01, 4.9416e+00
 1.5140e+01, 8.0048e+00
-3.5703e+00,-1.6838e+01
-9.9377e-01,-7.3535e+00
-4.6698e+00,-1.4503e+01
-5.6424e+00,-1.6380e+01
 2.9381e+00,-3.7436e+00
 1.1440e+01, 9.3467e+00
 9.8640e+00,-1.0435e+01
-1.3858e+00,-1.5498e+01
-6.4021e+00,-9.3572e+00
 1.9602e+00, 1.0348e+01
 1.3112e+01, 5.5757e+00
 1.6351e+01,-4.0388e-01
 1.9383e+00,-7.2676e+00
 3.5766e-01,-8.7928e+00
-7.9400e+00, 7.5676e+00
-6.4172e-01,-5.3674e+00
-6.5850e+00,-4.3784e+00
 1.1964e+01, 9.1356e-01
-1.0823e+01,-8.0687e-02
 7.3228e+00, 1.3828e+01
-1.7164e+01,-2.2688e+00
 1.0423e+01, 2.0492e+00
 1.3818e+00,-1.6657e+01
-1.2823e+01, 1.1726e+01
-1.1995e+01, 9.3474e-01
 4.6270e+00,-3.5507e+00
-7.4213e+00, 1.0159e+01
-1.4346e+01,-4.5849e+00
 1.0962e+01,-3.9343e+00
-1.2957e+01, 7.0903e+00
-5.0686e+00, 2.4295e+00
-6.0225e+00, 6.8193e-01
 6.6886e+00,-5.3964e+00
 4.5017e+00,-9.1850e+00
-7.4258e+00, 5.1101e+00
-1.4469e+01,-6.3926e+00
-7.4065e+00, 1.4067e+01
-1.4078e+01,-8.5628e+00
 7.6038e+00, 1.1731e+01
 1.4904e+01,-5.6538e+00
 5.0462e+00, 6.7611e+00
 1.0794e+00, 1.1914e+01
 9.0731e+00,-3.4341e+00
-7.3746e+00,-1.0612e+01
 2.9518e+00, 1.5688e+01
-1.2328e+01, 4.7935e+00
 1.0176e+00,-1.2449e+01
 7.5820e+00,-3.8626e+00
 7.0526e+00,-1.2630e+01
 1.8574e+00,-1.9240e+00
 4.1124e+00,-7.6347e+00
-6.6379e+00, 1.6018e+01
 4.1642e+00,-1.1785e+01
-1.5190e+01,-2.8271e+00
 1.0621e-01, 6.9274e-02
 9.5614e+00, 1.3255e+01
-4.2573e+00,-1.2387e+01
-1.2210e+01,-5.0474e+00
-9.7775e+00,-5.8626e+00
 9.8258e-01,-5.7069e+00
-1.3076e+01,-1.1605e+01
-1.5921e+01,-1.2643e+00
-6.4456e+00,-6.4216e+00
-4.4084e-01, 1.0770e+01
-1.0686e+01,-1.2585e+01
 8.6227e+00,-1.3461e+01
 1.0142e+01, 1.1667e+01
 4.4192e+00, 4.0586e+00
-2.7601e+00,-1.4832e+01
 1.6752e+01, 3.1595e+00
 1.4575e+01,-5.3280e-02
 1.4530e+01, 9.6460e+00
-3.5880e+00, 9.4400e-01
-2.5701e+00,-6.0519e+00
 1.5092e+01, 4.7311e+00
-1.1725e+00,-1.5051e+00
-9.7065e+00,-1.4417e+00
 1.1684e+01,-9.1483e+00
-2.2441e-01, 8.4168e+00
-4.4945e+00,-8.7777e+00
-7.4520e+00,-1.5783e+01
 4.2833e+00,-5.1795e+00
 6.7080e+00, 6.2643e+00
-2.3643e+00,-1.2078e+01
 1.3306e-01,-3.6156e+00
 7.1517e+00, 9.3011e+00
-1.5806e+01,-5.5140e+00
 1.6691e+01,-5.1538e+00
 4.3321e+00, 1.0051e+01
-2.6417e+00, 1.5407e+01
-6.9797e+00, 1.1763e+01
 5.4194e+00, 1.4246e+01
 1.1903e+01,-6.4755e+00
-4.2880e+00,-2.9556e+00
-1.0549e+01, 7.3127e+00
-4.0148e+00, 3.8803e+00
 9.5442e+00, 4.3919e+00
-1.1383e+00, 1.4409e+01
 1.5006e+01, 2.1718e+00
 1.7851e+00, 7.8955e+00
-1.7116e+01, 3.1182e+00
 5.2783e+00,-1.3314e+01
-7.3178e+00,-4.2966e-01
-6.6967e+00, 8.8231e+00
-2.3154e+00, 4.7477e+00
-1.7279e+00, 9.1259e+00
 1.5983e+01,-3.0801e+00
-3.3043e+00, 8.8774e+00
-3.8299e-01, 3.0744e+00
 5.1009e+00, 1.6423e+01
 8.3886e+00, 7.6638e+00
 1.3431e+01,-1.0819e+01
-1.3326e+01,-1.6273e+00
 1.4095e+01, 6.8477e+00
-9.0521e+00, 6.5317e+00
-8.7844e+00,-9.1772e+00
-5.2721e+00, 1.1016e+01
 6.2307e+00,-1.2760e+00
 8.7014e+00, 1.4739e+01
-9.9463e+00,-7.5402e+00
-1.5901e+01, 5.6850e+00
 2.6768e+00, 1.3708e+01
 3.5921e+00,-2.2466e+00
 5.7699e+00,-1.0830e+01
 1.3798e+00,-1.5154e+01
-1.6858e+00, 1.7322e+01
-1.5628e+01, 7.6043e+00
 6.8639e+00, 1.3201e+00
 2.9969e+00, 3.2484e+00
 2.6759e-01, 1.7331e+01
 7.1744e+00, 4.7271e+00
 3.9085e-01,-1.0995e+01
 1.3837e+00, 1.6197e+01
-8.7754e+00, 1.6788e+00
 1.6529e+01, 5.5454e+00
-3.7999e+00, 1.0462e+01
-1.3344e+01, 3.6511e+00
-5.9147e+00,-7.8611e+00
-1.7078e+01, 8.4049e-01
-3.0639e+00,-9.9073e+00
 1.5931e+00, 4.1319e-01
-1.5089e+01, 3.4698e+00
-1.5772e+00,-1.3717e+01
-9.0825e+00,-1.4161e+01
-4.8319e+00,-1.0515e+01
-6.0732e-01, 1.2852e+01
-5.8051e+00, 1.4045e+01
-9.1635e+00,-1.1655e+01
 9.9923e+00, 1.0128e+01
 3.4882e+00, 9.5951e-01
 5.6742e+00,-8.2397e+00
-1.1881e+01,-1.0685e+01
 3.5914e+00,-1.4619e+01
-7.6952e+00,-7.4660e+00
 1.7159e+01,-2.0949e+00
-9.0881e+00,-3.8451e+00
-1.0574e+01, 5.4862e+00
-1.3988e+01, 1.7136e+00
-5.8483e+00,-1.3081e+01
 5.2120e-03,-1.7402e+01
 1.7257e+01, 1.3623e+00
-9.5056e+00, 1.4615e+01
-2.1824e+00, 1.5924e-01
 7.5629e+00,-1.0884e+01
 1.2899e+01, 1.0247e+01
 1.6020e+01,-6.9408e+00
 5.7109e+00, 1.2628e+01
-1.4979e+01, 4.3752e-01
-1.1201e+01, 3.7303e+00
-2.8466e+00, 2.6538e+00
-1.1511e+01, 1.2857e+01
-1.1930e+01, 1.0484e+01
-6.2142e+00,-1.7243e+00
-9.0060e+00, 1.0967e+01
 1.3826e+01, 3.8514e+00
 1.0214e+01,-7.3968e+00
 1.2703e+01,-3.2254e+00
-1.0580e+01, 9.3974e+00
-8.8458e+00, 9.1340e+00
 5.3261e+00,-1.5021e+01
 7.4093e+00,-2.3286e+00
 2.5337e+00,-1.1624e+01
-1.9044e+00,-1.7037e+01
 9.7339e+00, 8.3573e+00
 3.0600e-01,-1.9942e+00
