0.7008642338
0.937154969
0.4168080302
0.3089786585
0.3822016829
0.9392877713
0.3250108053
0.6459903822
0.3511225311
0.6176568262
0.2877807446
0.457252602
0.293700693
0.4079693141
0.7015222565
0.9270243237
0.2939032102
0.3870641917
0.2875263768
0.98516114
0.3021684656
0.9228886566
0.8709647663
0.8796662642
0.2970830529
0.6927223548
0.300667567
0.3388488251
0.3465409849
0.7857390785
0.4169945109
0.509656147
0.6301432097
0.8460192483
0.6194742711
0.2971437212
0.3663391837
0.3171439422
0.5314309809
0.5901595115
0.3737244857
0.4832207537
0.3034365539
0.5425606949
0.299774931
0.3580442136
0.7258350733
0.2896601123
0.6117483201
0.616747989
0.4304679751
0.3678879884
0.6550125971
0.308545772
0.7236856761
0.4962343614
0.4847036635
0.6453126117
0.2960197225
0.5107463307
0.5969741944
0.3495791059
0.4214979359
0.3045946846
0.5203857121
0.6149301148
0.2918688909
0.3825339765
0.638980229
0.6878592477
0.3083737375
0.966424682
0.5835779218
0.491517698
0.3174465982
0.8636880028
0.9231501019
0.843374014
0.2982006891
0.8016396284
0.4279673797
0.5048727071
0.3525396092
0.5083493929
0.8165288223
0.7589472575
0.7991170627
0.286941785
0.2878255731
0.5203857121
0.4270095403
0.2866024202
0.4224428119
0.9572784437
0.3121203173
0.6653491764
0.9928265067
0.3298415795
0.2886092206
0.2966037433
0.8170928521
0.3075231856
0.5265598723
0.2964855945
0.8922325142
0.647797058
0.2870303136
0.3620685915
0.3396228993
0.400422041
0.8859456751
0.67563612
0.5819904104
0.7352381235
0.9687313825
0.3186710914
0.4439784556
0.4908764982
0.5926576404
0.8958413705
0.4196150387
0.9062041861
0.9599503274
0.289971712
0.4014892438
0.3016600957
0.3278548579
0.7443377408
0.538767941
0.2923138495
0.4372720719
0.3568697412
0.4687609792
0.4421942071
0.3417117159
0.4155053001
0.4646263157
0.3616168614
0.6778650468
0.3623703762
0.3787402953
0.3447765712
0.4576598691
0.3248989783
0.3312694565
0.3865567965
0.540328633
0.4090619248
0.2918253354
0.4186770442
0.7616311531
0.5369861117
0.5274442614
0.844963311
0.3063594304
0.7390583806
0.6131120146
0.4794206516
0.4291196758
0.8062663022
0.2871088808
0.438056197
0.810472269
0.7624550568
0.2867364022
0.3092403084
0.4281592107
0.7382107992
0.6860869904
0.9515971907
1
0.546809374
0.5325403715
0.2909104551
0.5131485751
0.8907132336
0.8320705168
0.5103101249
0.4032761197
0.843374014
0.286941785
0.2902237191
0.8986606652
0.2962513132
0.9170375535
0.3209733224
0.4214979359
0.7356633719
0.5618630898
0.3234588573
0.3088050241
0.3538262755
0.2890788577
0.3229117252
0.2884176962
0.2866024202
0.3970672102
0.5544356753
0.7441271706
0.2863616491
0.3419753239
0.3276239235
0.6860869904
0.2869852648
0.5035720136
0.3051476812
0.2877148053
0.325910795
0.3018769819
0.8230682906
0.9888702022
0.290297271
0.6711701595
0.5548851475
0.2907530338
0.955658622
0.4132828559
0.6199285801
0.3852086545
0.6727344464
0.3345585489
0.5118376108
0.5138046348
0.2892982499
0.7967784149
0.4308539807
0.2890482075
0.8039579229
0.2867479302
0.2865346343
0.336809427
0.3164431549
0.8152102229
0.5688598204
0.2924966164
0.3605672562
0.3968916868
0.2929654752
0.4289274085
0.4129137861
0.6097026357
0.287987946
0.6482485613
0.6471196778
0.3629754572
0.47668814
0.6308235757
0.7377867144
0.3718134617
0.5343171195
0.879348554
0.2870303136
0.2913991965
0.5774576257
0.3040496585
0.7360884277
