0.6200847884
0.297183695
0.2873157788
0.3024309527
0.9937833145
0.3925504892
0.4437841779
0.710570062
0.7543622583
0.4785945679
0.3637701735
0.3087049938
0.3514563397
0.3062030677
0.4691874487
0.3928961327
0.4874854943
0.3000454223
0.3058002244
0.6180373306
0.3150048962
0.4013195104
0.2970049709
0.7994185325
0.5432946381
0.5419532403
0.3390499513
0.3408624942
0.3886069547
0.3126352733
0.3012845384
0.9621234598
0.3203504543
0.3852253564
0.7379348445
0.9338058808
0.5103455789
0.300727191
0.4268214525
0.3238964129
0.6432429611
0.29835069
0.3441672071
0.7255260911
0.6171272288
0.3186909888
0.8382649272
0.4823923455
0.3003842326
0.3983084354
0.3513153043
0.7554044551
0.849094681
0.341385408
0.7913668795
0.5372667636
0.7690313988
0.6216769611
0.3843869704
0.9254421274
0.5675935242
0.4153240285
0.375837842
0.2888617777
0.3082779369
0.395502195
0.4031047026
0.3099220724
0.4047201177
0.7820026837
0.8625032985
0.6155343964
0.292176656
0.5370439354
0.6606295541
0.6389378561
0.9584728112
1
0.2870906994
0.3409930131
0.5617204245
0.4364926925
0.3899720388
0.9241370845
0.6112102373
0.7024712333
0.9243988834
0.3381540287
0.2915048925
0.4239626915
0.3221565201
0.4162534431
0.30079628
0.6409777363
0.8843322845
0.6368969279
0.5466525758
0.5397199211
0.2895007708
0.2984137859
0.3205606455
0.2937496586
0.810232243
0.9282783461
0.3402119992
0.2881700369
0.3475580282
0.2874972643
0.3055604665
0.3152958373
0.2878555659
0.5950516003
0.3784349017
0.3030199713
0.3804023361
0.3268058506
0.9055654907
0.464842282
0.6642277631
0.8808562234
0.5830047551
0.430471142
0.4020323541
0.5852759462
0.7274617569
0.8395226241
0.6932173871
0.4876984195
0.9425449971
0.4650485242
0.2893481787
0.3922052794
0.8337420737
0.4156955095
0.3109901966
0.8056242785
0.8693473524
0.2888890018
0.6938803977
0.2934577277
0.2879355933
0.5246189134
0.9739485181
0.945978305
0.3475580282
0.494540945
0.8198886181
0.4758639059
0.2874972643
0.3085336893
0.327262414
0.2874339765
0.4807020606
0.2886245736
0.3133828609
0.4268214525
0.2979137043
0.3764842825
0.817633373
0.28699939
0.4418025781
0.5832318288
0.4532020413
0.4788050462
0.9923743978
0.6765500796
0.2907270519
0.286789443
0.9797470838
0.8651911438
0.8686859493
0.2870184574
0.5199888019
0.7826045747
0.9631806211
0.3061221746
0.6484472764
0.5471007667
0.9341756776
0.2869633531
0.4570563696
0.6958676055
0.6592787965
0.2887020786
0.3378993237
0.3371386122
0.3946308243
0.3014962729
0.3393071993
0.5432946381
0.375837842
0.7181814631
0.5310398227
0.5131861688
0.6330392147
0.2879974429
0.5328163027
0.3577925465
0.4762833313
0.46649411
0.351880245
0.8475155052
0.2876498684
0.4423962195
0.402568067
0.629178443
0.4013195104
0.7866027351
0.9045548821
0.3993677286
0.7059798135
0.8844892609
0.2868200638
0.2874972643
0.3583810945
0.6421105261
0.5759711504
0.3213011234
0.9374629036
0.4642239633
0.2870906994
0.6901193999
0.9807762163
0.2883301939
0.6841270391
0.9345445665
0.4943262852
0.5861846929
0.6055197564
0.3235672371
0.2887020786
0.7917622114
0.5789193123
0.6823472382
0.7011530799
0.8117592561
0.2867490218
0.2875974305
0.9787720617
0.2877783264
0.6432429611
0.3544487251
0.9065714698
0.2870483696
0.2894086959
0.7749396189
0.8025301401
0.2872879753
0.5966441043
0.7463981443
0.3157838618
0.3718407299
0.2868015165
0.8221333419
0.7398460258
0.3355079882
