0.5383301938
0.4451484358
0.3313090669
0.3511364558
0.9764257252
0.4940746323
0.9198282575
0.5492879307
0.3616209185
0.6483431304
0.3476558986
0.5048641803
0.303768472
0.3552781446
0.3028657091
0.8826236967
0.4981599425
0.2883767835
0.8684091117
0.4722769605
0.414927091
0.4554013338
0.8340441613
0.77027389
0.6074865582
0.5883847857
0.3460152108
0.726876634
0.7201962995
0.6835565046
0.4891546774
0.3098523852
0.9732877242
0.9619231124
0.8358550964
0.3321503502
0.2901106416
0.4158555578
0.2884268643
0.9299633016
0.3694470389
0.2923800745
0.7537697306
0.2922910076
0.3868826516
0.3604228998
0.4203449222
0.3921780774
0.7674119512
0.740317088
0.5513076162
0.8736562807
0.2886876864
0.5777176989
0.4691561298
0.4760408638
0.9119056011
0.7462286068
0.4562136747
0.4951479075
0.3493160864
0.441182506
0.3288281596
0.4501498071
0.3045387643
0.8356743505
0.291728765
0.3014846965
0.5454786831
0.2876894623
0.3560033979
0.2894156084
0.3601246685
0.6061215178
0.2866040922
0.439211563
0.5967951749
0.7266618041
0.5756779336
0.3469699004
0.2869022382
0.5929299064
0.8526662461
0.2867761739
0.5347675318
0.5245726279
0.2868086973
0.9152234508
0.295757598
0.3646513625
0.4289043834
0.9172688392
0.3193531514
0.2962692577
0.3291786142
0.9458347731
0.3000953593
0.5405608794
0.3259594451
0.3397797184
0.9721206804
0.2903232086
0.2872570676
0.4701947896
0.364346057
0.6886606679
0.3360864038
0.4834163011
0.2875034309
0.6681527311
0.5645937277
0.5743186955
0.33422303
0.6408778962
0.6701690714
0.6149935925
0.2869337075
0.3730810494
0.4110536835
0.8254305027
0.2979482219
0.7160814124
0.4119720618
0.8794527986
0.2868532836
0.2893844132
0.286707101
0.7818051703
0.3246154971
0.2871280892
0.5111768736
0.3418680612
0.7749505188
0.3250610861
0.9038049423
0.4586576122
0.9271657284
0.8119171754
0.9098038419
0.3245044747
0.2866126622
0.5232484583
0.4515587321
0.3003679286
0.6994773506
0.5292176517
0.6454042828
0.8038633156
0.6868871687
0.2886076172
0.4749932995
0.4335423594
0.303314142
0.6833342172
0.2867195171
0.3249494642
0.2875574107
0.7653607394
0.3930420161
0.585432116
0.7633037902
0.2874857861
0.4152981927
0.3333645168
0.2920713349
0.3995181713
0.5190643824
0.7253718819
0.3117390096
0.9939010115
0.4596789482
0.3427929237
0.8143848562
0.3374732962
0.4343201412
0.6031640028
0.3002313122
0.3473810925
0.6902108086
0.3268673478
0.2866268288
0.3283629491
0.8102017501
0.3135061235
0.3596782795
0.2866030428
0.7119515616
0.9746760584
0.5347675318
1
0.6895466555
0.297394204
0.6277226797
0.3823577511
0.3012015367
0.4477431468
0.5457025427
0.5452548509
0.2987723927
0.2881600204
0.364346057
0.637706092
0.2867761739
0.2869125533
0.850059929
0.9417169155
0.3021314546
0.5519812919
0.2985157949
0.5616599977
0.3686655378
0.3631298473
0.4290966384
0.2867259873
0.4382291446
0.3085478375
0.5747717193
0.6494727129
0.7710894749
0.2920713349
0.2867011552
0.5472703169
0.3906298274
0.2893533911
0.8815179238
0.8274614337
0.7180324657
0.315232569
0.2991622927
0.2872876488
0.5915660827
0.67218338
0.3878992988
0.6159033561
0.8342256018
0.9621155466
0.522807371
0.4527693021
0.2866555109
0.2867536166
0.2913159871
0.3272102643
0.2883767835
0.378079134
0.3053253571
0.972956466
0.3552781446
0.3102063346
0.3835229547
0.7864014316
0.2981988049
0.7907663455
0.2868627251
0.4578418209
0.4949331482
0.9799852441
