0.3169267506
0.3418495383
0.5906234178
0.2862573674
0.3743880604
0.2999362444
0.9150723132
0.2881542657
0.487498451
0.5403528818
0.2888811304
0.3669770153
0.6187922521
0.8400453656
0.4054650477
0.3565923032
0.8451806505
0.3601359976
0.8871666676
0.9391771334
0.3290144725
0.3430421906
0.7666881154
0.4954074087
0.6876062388
0.3230112722
0.3310278613
0.6651044471
0.4215316239
0.3759990208
0.6500402921
0.724709188
0.4809302719
0.337827833
0.3301937066
0.2870692423
0.595618929
0.6731567713
0.8441236625
0.2884474968
0.3195907972
0.7446951302
0.4562710389
0.410923019
0.4943343933
0.3529802626
0.6966529588
0.3622370888
0.2991294737
0.4809302719
0.8141555791
0.7551455455
0.2882060204
0.2879541851
0.6933497168
0.6110688901
0.3071581313
0.306990975
0.5609805188
0.6516183253
0.3341883433
0.3303124342
0.7100023561
0.3138869773
0.9716964262
0.3085185081
0.9611433832
0.7520243355
0.2969133011
0.5990262768
0.427043799
0.2885311076
0.3171279839
0.3078331866
0.796875645
0.6700291739
0.3093895532
0.5046870044
0.3833925152
0.6802857249
0.8748643149
0.2908432222
0.2940002637
1
0.4817746688
0.9391771334
0.8249860399
0.4135001593
0.926555689
0.3144636435
0.3207490522
0.2949024149
0.2902275142
0.4136849616
0.2968529901
0.3076634592
0.8949142877
0.2866195852
0.7106552206
0.6194734893
0.4033069689
0.6997288919
0.9892839594
0.5917585152
0.6655526322
0.3743880604
0.8615260634
0.4595313763
0.3449196027
0.9578252387
0.2896558461
0.758668101
0.4438151511
0.3322318683
0.5303489306
0.4665186663
0.8236920553
0.2986049121
0.3804071008
0.9566247952
0.4136849616
0.5736239025
0.3587984534
0.7119598719
0.4817746688
0.8293946652
0.572266818
0.3068244624
0.3602852512
0.5919855536
0.2865062574
0.5268081527
0.5949375709
0.2872095326
0.2878347746
0.4911231993
0.8572967848
0.4750462595
0.8897755677
0.4151668102
0.2882849527
0.5634596933
0.4558647819
0.6339907223
0.3787646005
0.6813970014
0.2868797057
0.2885877139
0.2890033402
0.3393686633
0.629004473
0.3026479532
0.9672312714
0.7289965011
0.3043261701
0.6017526668
0.3818951864
0.7949214686
0.4906959436
0.3329612226
0.2876748928
0.5044701843
0.8703173705
0.961620949
0.87807021
0.8828127931
0.4702491828
0.2875446269
0.2870524895
0.3020573218
0.5614311031
0.2863087238
0.4902689033
0.6825075405
0.2864790143
0.3099198348
0.2865759324
0.3230112722
0.2862563193
0.3867526407
0.2867026935
0.8437706947
0.7195409157
0.5345649361
0.9308400469
0.5849506792
0.764845036
0.4619884399
0.4232342236
0.5987990953
0.3125633513
0.5112128641
0.3178371599
0.3939527554
0.8711343144
0.3047185851
0.6666726798
0.7421676985
0.4954074087
0.2884199729
0.2988658625
0.3534093892
0.4388767093
0.8341213322
0.2886162768
0.7294242292
0.3182457908
0.4809302719
0.3599868712
0.2874005592
0.5243791714
0.4868604386
0.3970967248
0.5051207847
0.2862573674
0.9172397852
0.5681988386
0.3278499121
0.3759990208
0.3860770308
0.3815636994
0.2867943468
0.4538378415
0.9753226486
0.4735827498
0.5558047124
0.6169753967
0.7945298354
0.9235922289
0.3400166417
0.2887030041
0.3068244624
0.7590814704
0.6083422492
0.3251152795
0.3901572555
0.7197567603
0.2942081333
0.446203173
0.7768406609
0.2891283156
0.3500096944
0.2880779344
0.287191387
0.2979641951
0.3628419473
0.9931186131
0.3899859805
0.7945298354
0.2867026935
0.3461406734
0.375514493
0.9189825171
0.5899424386
0.287191387
0.4033069689
