0.8450718113
0.6602713496
0.2865347324
0.8869890988
0.3203792478
0.7604912483
0.6875046422
0.3042436283
0.5533834482
0.3653092726
0.4085676323
0.2968203353
0.9795043425
0.8796203894
0.5301688972
0.5818383677
0.3748953167
0.593415267
0.2875036114
0.424584014
0.7342684377
0.6147817965
0.3474076868
0.6839566879
0.3173863083
0.5337191182
0.3068937177
0.4542655987
0.5410674148
0.8646342389
0.2905593624
0.2873339522
0.7062097475
0.9665487789
0.7900041848
0.2867288488
0.2863984203
0.3281285117
0.3074784913
0.3637813418
0.4650982954
0.3812564927
0.6586976149
0.7536482091
0.2985590817
0.411127006
0.851884418
0.5189134961
0.4189182436
0.2864316267
0.4502303055
0.7670687082
0.303857533
0.4759105395
0.5014723823
0.4504313618
0.3186091112
0.7062097475
0.4721481952
0.8702579596
0.4262995876
0.310341104
0.5092857716
0.2866773104
0.2865873285
0.299477517
0.3338614197
0.2877301154
0.6225067843
0.3099848603
0.2881708945
0.3003594987
0.6390622794
0.5257435621
0.3228442013
0.2941462088
0.2995443665
0.3027237514
0.7984411017
0.3612126465
0.4690286253
0.5662220728
0.3336158731
0.7051166281
0.2971212008
0.3275507327
0.4644799199
0.3910374656
0.6047794012
0.5021211659
0.9207687003
0.9678886622
0.9074586067
0.5504653321
0.2916475705
0.537500395
0.3482347616
0.3710699469
0.9338917587
0.6687953343
0.7575954549
0.4089320801
0.4153729039
0.4274472932
0.8992182048
0.3792803616
0.2864387921
0.8050243165
0.7521890349
0.3037808033
0.2889943992
0.3745739109
0.3929343888
0.6852880978
0.4103938002
0.2888755893
0.6643131847
0.8653009767
0.384251595
0.3414925079
0.3239408624
0.2900444355
0.4624230835
0.5732297119
0.2864316267
0.2996785636
0.9290471979
0.2889644372
0.8274225806
0.2870074466
0.4080217007
0.7027084499
0.4973736822
0.8383169419
0.6467510459
0.3607631381
0.7009542306
0.2937384066
0.5657705155
0.286845016
0.2931954341
0.9746221074
0.3670043478
0.4174213469
0.3314319465
0.7484249099
1
0.3308336404
0.4973736822
0.3503236396
0.6250045838
0.5211127105
0.5475514119
0.3121603961
0.7287161274
0.4185434609
0.8248411799
0.3381232261
0.7919771239
0.5468795888
0.339278791
0.5441947096
0.3648495841
0.3319132087
0.8944589609
0.2868575925
0.6068254939
0.2864062851
0.8281574194
0.7870326353
0.4911532378
0.4219297857
0.8352583308
0.8411750025
0.6406466311
0.8964038365
0.459759493
0.3619643617
0.3974696046
0.9665487789
0.5066746335
0.9579020649
0.642908801
0.7561434972
0.4665435233
0.3025014162
0.2885357838
0.4114941923
0.3753783136
0.3731334705
0.2865792908
0.3123458041
0.9305540897
0.4937218837
0.3221934417
0.290674092
0.2866773104
0.2865955409
0.2864316267
0.3202738993
0.3673141493
0.5628371663
0.4536584182
0.3162849318
0.3191251466
0.3879618835
0.642908801
0.3273206555
0.3133768069
0.4713148951
0.351026622
0.2890548425
0.3385071471
0.8646342389
0.6832905725
0.424584014
0.7153533232
0.5513627777
0.5859218508
0.2885906855
0.2866392223
0.2921713274
0.3421512654
0.6077348696
0.3580901894
0.2868963687
0.6478802405
0.6275014592
0.4022544137
0.2864080328
0.286398595
0.3184037717
0.7814473792
0.4243938409
0.2887025684
0.9167494337
0.286687269
0.5529342433
0.3133768069
0.6663313332
0.4692361439
0.4717314175
0.3550244909
0.286687269
0.5626116551
0.2864964625
0.4799035562
0.7768228718
0.4375241543
0.9653679047
0.3456324283
0.7699277857
0.2875233328
0.9743020201
0.4748634133
0.7042414512
