0.3257004351
0.5865314377
0.6743397842
0.9584556075
0.3293825474
0.5569032356
0.2952365732
0.4485432557
0.9625441628
0.3654062599
0.2909459699
0.7588323275
0.5157590786
0.4314102112
0.2976903144
0.4582478706
0.9175339406
0.6653869828
0.8553855827
0.89439576
0.3730730402
0.3131768616
0.3112345543
0.9970574533
0.3148000078
0.8893817157
0.9592488687
0.3204643065
0.3811923594
0.4523643082
0.5616334607
0.4147409323
0.307728696
0.3365636072
0.4531721813
0.6310720798
0.7222473808
0.6047125647
0.7548892267
0.6910069189
0.8500269564
0.7913987857
0.3112345543
0.5620844278
0.3718013976
0.4199682903
0.7446309622
0.4743617896
0.5756461394
0.2865667571
0.3401457725
0.3571567397
0.3431704305
0.3878950201
0.8063918599
0.2897068464
0.7929749451
0.749042802
0.8050455005
0.2890711254
0.7492523184
0.2897742199
0.4834111117
0.2897068464
0.2990936094
0.5210309064
0.3019959021
0.3071415132
0.9196828158
0.2880776682
0.365713422
0.4394078717
0.4827761937
0.2988324601
0.9142639613
0.4747801918
0.3088400621
0.3404058614
0.3195214158
0.4578401578
0.3414518024
0.3683442714
0.8100290496
0.3022875007
0.8954465075
0.8083093202
0.2924290024
0.3595169084
0.2875218065
0.8438832263
0.6092606282
0.9658984025
0.3053475703
0.3497168177
0.3511198174
0.8768185471
0.4034349847
0.3127080983
0.6624690042
0.4046923479
0.3240268666
0.4233670597
0.603120783
0.5092030831
0.5456814974
0.4398015598
0.9699810446
0.3548296903
0.6362870939
0.4806635965
0.5267673031
0.2981912549
0.6752327997
0.4352939567
0.3469510978
0.2899456739
0.9107985921
0.2935669696
0.6732229141
0.550387118
0.2869087663
0.5656949121
0.3098015773
0.5569032356
0.5997101148
0.286999268
0.2916824559
0.3234765086
0.4996612851
0.4285198722
0.4764562848
0.5533056941
0.9858644388
0.2878719495
0.4145556073
0.4453468701
0.2988974976
0.6615703982
0.5100749531
0.309013445
0.514007041
0.3008558606
0.3385970186
0.3708527212
0.6401376123
0.7070528295
0.3619098249
0.9042662668
0.911357087
0.9999728195
0.7265505179
0.5212510627
0.5105111544
0.2866475106
0.6936574175
0.9152234701
0.604485164
0.6794686202
0.3872166702
0.3105129798
0.2878065059
0.3554083275
0.7970922946
0.3562801952
0.9474182365
0.6133535415
0.2943800694
0.2883996602
0.6696445592
0.2864744572
0.8562424843
0.7007012928
0.8836423553
0.6433056864
0.8753696556
0.6738931158
0.3022875007
0.2965435452
0.8067759095
0.8198522651
0.3632700906
0.7908066484
0.2985097723
0.3133654678
0.2875603893
0.3724362585
0.5465769133
0.4863808953
0.6219905128
0.4699838348
0.6626936002
0.2867153232
0.7828561665
0.2865312719
0.3982793929
0.3349382536
0.6685249954
0.293128727
0.70552259
0.3505570154
0.7094536755
0.2869087663
0.9636777032
0.7269798497
0.4453468701
0.9542837111
0.5055057054
0.306975196
0.5412110647
0.3977510386
0.3862024836
0.5908463218
0.2877426278
0.2868844793
0.9704109952
0.6299376409
0.4314102112
0.4910698721
0.5690839148
0.8333070151
0.3772585162
0.3153836731
0.4099537316
0.4275607777
0.3356854191
0.3504166483
0.3511198174
0.7494617825
0.3388537386
0.2911449714
0.4370526062
0.2875218065
0.5808588272
0.2864807508
0.3870473605
0.7544730174
0.3018510898
0.7613124234
0.2885313143
0.2868158077
0.2881736168
0.4568221257
0.313839731
0.5901648444
0.5203706716
0.4691531494
0.9493924065
0.3375757823
0.7693162712
0.374994849
0.2872219833
0.289162074
1
0.584034731
0.7760192248
0.6660598079
