0.8906885603
0.4131471151
0.3059852732
0.837722294
0.4211717225
0.7208659677
0.465707523
0.3271086911
0.3794244877
0.532777006
0.3465276915
0.2861412375
0.313333005
0.5704228246
0.4410615602
0.2874515777
0.472761181
0.3326769422
0.2862005685
0.6019199585
0.5272419619
0.2952036493
0.7467867227
0.2950916967
0.7292286293
0.4312931142
0.8321427764
0.6647604975
0.3805768857
0.4307136557
0.388117781
0.7135213382
0.3708848897
0.2974583937
0.7339152554
0.5692937497
0.2948147644
0.3414259567
0.6368431401
0.6533128228
0.3209005843
0.9211069948
0.5998768179
0.3782777393
0.6415894643
0.9828019482
0.3756779948
0.6479077388
0.4402725534
0.5828651974
0.6643126482
0.4076526936
0.8268564421
0.3539687135
0.3369039188
0.3314652798
0.2960647456
0.4113059441
0.4855955841
0.4926275294
0.3037556
0.7139547154
0.3671283205
0.286433312
0.3324334544
0.5711004545
0.3101907766
0.3125772904
0.8614617436
0.5445770144
0.3137146208
0.8925006956
0.8836207576
0.3286165441
0.6995699396
0.778589522
0.9252534205
0.514051394
0.2860878358
0.2867744508
0.5338865262
0.7115691201
0.7717324326
0.5530853296
0.3371576865
0.9788319152
0.6953986964
0.2907555607
0.2863418978
0.28930635
0.3822329018
0.3860846942
0.4102058725
0.3468016603
0.4416541548
0.9028062373
0.6892289214
0.7021977145
0.4761059601
0.8570746628
0.5582517648
0.2866201196
0.4779943029
0.3842351102
0.9489399414
0.4478190372
0.9957071604
0.3581965405
0.7392128433
0.9693556949
0.3412943829
0.3529645987
0.6830336635
0.3037556
0.3251745588
0.6645365846
0.3226263446
0.8306908731
0.4172311822
0.767462561
0.5907996044
0.5923875576
0.3357689742
0.4111223567
0.3620787097
0.8582613613
0.3180765288
0.7861687916
0.2894775273
0.3071476071
0.3275699957
0.2860124388
0.8880988717
0.292047777
0.562528068
0.4006431932
0.6082769152
0.2945420489
0.966759036
0.2931424405
0.6019199585
0.7400576128
0.8932518561
0.9486169083
0.6413635884
0.2863312554
0.286243319
0.2875195194
0.7641920155
0.4355657507
0.4986390998
0.4446278125
0.2941144862
0.2861550237
0.5560040589
0.5096868824
0.2903203518
0.3324334544
0.4161128228
0.488997612
0.3924041096
0.5614020345
0.9514903514
0.2978364962
0.483899937
0.286445523
0.4340073594
0.9270355962
0.4692249983
0.8628001896
0.3248376978
0.2965995387
0.8729879829
0.363594582
0.5638799311
0.7879504751
0.2947598838
0.3252871437
0.3700965068
0.3117391243
0.286858143
0.7451093467
0.6203057465
0.6250679601
0.3017263988
0.3345214313
0.2992741366
0.878908895
0.4733871146
0.2860119152
1
0.8419903798
0.7946338027
0.74971411
0.2950916967
0.3358945116
0.3972845583
0.356580074
0.2860930714
0.2863637056
0.2904369867
0.3434161473
0.2862171455
0.4144416274
0.288012355
0.2903590585
0.8246503945
0.2962415008
0.343015628
0.3574598532
0.4733871146
0.4761059601
0.2871752205
0.6021469834
0.5033898471
0.2862087698
0.5109944264
0.35267889
0.5618523903
0.426488033
0.3097440882
0.7255917703
0.5880781441
0.5704228246
0.3146795905
0.6920967341
0.2865913427
0.3030659664
0.9700316467
0.3552691299
0.2911270654
0.7938514701
0.286290429
0.2865494834
0.3948339292
0.4692249983
0.5053399787
0.9115491872
0.8496960988
0.4650887746
0.2881463943
0.4900636253
0.2910433102
0.5230500511
0.2875890228
0.8004671855
0.2949250316
0.2860255291
0.7701088868
0.6132711852
0.9312823237
0.3308648767
0.4894238547
0.4962726466
0.2869826187
0.9963142497
