0.9883497423
0.3063494389
0.5000792316
0.5540221305
0.4616891408
0.5450414
0.3858477403
0.2975244022
0.324246981
0.7119706162
0.7067230612
0.6725770268
0.3424279918
0.7454759036
0.7679625476
0.4610738825
0.2942158813
0.5436979786
0.3438877445
0.3746682291
0.6915181945
0.4135945344
0.3091062497
0.7909641865
0.3620737103
0.656611246
0.458211068
0.4925479885
0.9815770753
0.4055612804
0.5216969667
0.4139641853
0.2876786848
0.8676701255
0.6107528756
0.4625104616
0.3725928351
0.346040845
0.9593855836
0.6879693072
0.5274421455
0.888424097
0.32761997
0.4953378864
0.3323248458
0.5859377949
0.4509147483
0.3375154271
0.8277591179
0.3024371468
0.2884063478
0.2875721281
0.6752634959
0.4147046406
0.9034819169
0.5356598297
0.4001956697
0.8571846432
0.3012280055
0.933507842
0.5784410693
0.3365072234
0.4964132872
0.2963539218
0.3137097429
0.3166095095
0.7307933815
0.34989287
0.3372625212
0.3649550423
0.3030226529
0.530102157
0.315238755
0.8449644872
0.720665102
0.3493360822
0.6990314555
0.646891691
0.8236765589
0.3461765807
0.6613452228
0.5702786839
0.6941743986
0.9599866478
0.2937722903
0.3375154271
0.3134275334
0.421059698
0.44371639
0.2873726232
0.4535384973
0.4252288274
0.5172954815
0.8656659795
0.2934368259
0.3033939406
0.9012822749
0.6935107953
0.4227599242
0.2999332702
0.6178130832
0.3644970743
0.2875576044
0.9389996712
0.2882533866
0.3527089692
0.7397581932
0.2874219791
0.6712323956
0.2928360322
0.9389996712
0.4112012419
0.8791137165
0.3236979476
0.6897447741
0.77571792
0.3450945318
0.3203785465
0.339688031
0.307497525
0.9615707557
0.5227998148
0.3207986289
0.2883178961
0.3299430032
0.7386953921
0.5549224019
0.6036914575
0.8296028449
0.385343319
0.4145193828
0.5203748402
0.3931878177
0.4812701677
0.9799513645
0.3114014578
0.2872718015
0.307001603
0.8791137165
0.3317239047
0.6667438421
0.3278496099
0.4429228409
0.2872513205
0.4113847576
0.719798654
0.2913624932
0.3685033737
0.2938696729
0.5748110356
0.2977665764
0.2869986774
0.9405479039
0.9049366121
0.5757182175
0.2942660211
0.8803943013
0.3525668976
0.2906150922
1
0.8609422349
0.8075715077
0.4519223839
0.5436979786
0.3493360822
0.4134098535
0.4240874334
0.2914410246
0.5784410693
0.5135671569
0.635099227
0.2872124576
0.2909057751
0.7228282192
0.3025825353
0.618951522
0.7734817488
0.363432878
0.2871678155
0.7913604619
0.691961225
0.4658067687
0.5349918086
0.6059692927
0.940666284
0.2873847
0.362525627
0.294066484
0.5759450479
0.3078313709
0.2896235522
0.2884063478
0.5407907882
0.4557683921
0.2871054873
0.4531340218
0.2956840349
0.8096846866
0.3407245423
0.6205451377
0.3924964515
0.8651630305
0.5677886198
0.6671931318
0.2869668068
0.500295329
0.6068804531
0.289327678
0.812933791
0.2909057751
0.3450945318
0.4071888239
0.3582052231
0.5137861306
0.3476786828
0.4393678022
0.7615736703
0.8486722069
0.9106608095
0.5675623529
0.2889689878
0.6723529853
0.6635962182
0.5745842756
0.992691977
0.2898409789
0.7403952855
0.7001329801
0.651190417
0.4711999682
0.5845738904
0.4602545202
0.2889164103
0.2946217642
0.3082523071
0.8299706849
0.2869619035
0.2955747556
0.2872929821
0.7769345799
0.2870102346
0.5369967429
0.3200650926
0.872298537
0.2978275399
0.294316331
0.2870850019
0.3830028315
0.2871851474
0.287899276
0.9388798627
0.328774098
0.4134098535
0.9296058546
0.5122542229
0.2871594119
