0.6888299123
0.693243275
0.3965587053
0.70224765
0.4345627417
0.8463616281
0.8375060739
0.2874303662
0.6445454463
0.3427474992
0.3061844115
0.517753219
0.8546739712
0.9074295903
0.7211419121
0.9865389109
0.3352717125
0.329329115
0.3013351051
0.6463511248
0.2869852181
0.522809624
0.5849016802
0.319754076
0.2894170953
0.4069012187
0.4153423677
0.8346307862
0.3865703542
0.4708590125
0.5009873296
0.7585171363
0.5447854762
0.5749366996
0.322640811
0.325863662
0.3078583857
0.978192099
0.7854772888
0.4520084121
0.4040138902
0.2930089361
0.3512513245
0.3999087406
0.3485901957
0.9297788074
0.3228590287
0.4648544863
0.9362493651
0.4762882115
0.6855113819
0.3485901957
0.86262899
0.9172109074
0.8428432047
0.7804913275
0.8262547348
0.3267747891
0.9380290279
0.4758690889
0.6752921093
0.3397265688
0.3014790814
0.6961047378
0.4400469153
0.2862790521
0.3191276301
0.3043391378
0.7388614707
0.2997948767
0.8690884514
0.2873257714
0.2919334374
0.7232934825
0.3082869104
0.5270017499
0.8293689998
0.2861580656
0.5192899362
0.2902404542
0.4038342859
0.3671137975
0.2864733244
0.2947090247
0.5014193854
0.4054543507
0.3896310851
0.5018516342
0.5969274382
0.4783874755
0.3111238515
0.3061024031
0.4378847515
0.286420092
0.2902783168
0.3268893467
0.3719772593
0.5701893304
0.6445454463
0.4386698555
0.569511673
0.3200693587
0.8667846116
0.2889920421
0.8401835033
0.6562624188
0.3590738313
0.3672688557
0.6980823085
0.5389840566
0.3399863372
0.9099551972
0.374051232
0.6343711237
0.2897995146
0.7663267556
0.2867895029
0.6806316283
0.300978044
0.3210234237
0.5674795679
0.2972000237
0.6934635929
0.4420209846
0.5794635254
0.4874813621
0.2957713699
0.2874303662
0.2870741634
0.5329809508
0.437100956
0.2921595717
0.9121741487
0.2918887226
0.2989884864
0.4447980141
0.3521016537
0.6364081374
0.4623862248
0.9817156923
0.6690428357
0.7624321931
0.2883115441
0.2904702067
0.7786868137
0.374051232
0.4845089055
0.2888980956
0.428183599
0.7213572661
0.942092222
0.4045533086
0.997655476
0.331712725
0.5593654778
0.3683576952
0.2887752522
0.6923616658
0.9616423813
0.6917001064
0.3697664181
0.3262042223
0.2960027663
0.9082748941
0.2861213994
0.4735683252
0.5452325244
0.722433381
0.3315921633
0.5252350329
0.5980627265
0.4318450918
0.2862942395
0.5429983797
0.3970851494
0.6688192735
0.2862942395
0.4552441439
0.7916045022
0.7772798465
0.2883115441
0.6107808776
0.3567165713
0.9017070279
0.2957713699
0.6790759629
0.381881026
0.3399863372
0.8624616624
0.7053083247
0.5016354857
0.2892501626
0.7728385014
0.5274437879
0.5638703388
0.6280280113
0.2861292566
0.294227072
0.2861292566
0.9313921189
0.3565703371
0.2908264234
0.3974366371
0.8575725906
0.3039493465
0.2930089361
0.3892892434
0.3518176815
0.8782930071
1
0.9772306771
0.5363131919
0.362822388
0.5790106239
0.3301567495
0.4098139633
0.3161776676
0.4289518489
0.3353965861
0.8392929889
0.2870560264
0.381881026
0.6228121715
0.5794635254
0.5432216697
0.4241733321
0.3019881747
0.3353965861
0.2907460632
0.5072706787
0.9743924909
0.291450971
0.2863806453
0.2909482495
0.4904646661
0.9452521372
0.7953289028
0.3462502464
0.3448920985
0.9031518278
0.6198623822
0.3383078551
0.3596682715
0.3066798482
0.3004850787
0.2879674143
0.2906663891
0.7810917142
0.4542309682
0.301407011
0.3281592278
0.7947424266
0.3658777623
0.975945334
0.2892832042
0.6180466291
