0.2884815755
0.4434399279
0.3417555945
0.2943541816
0.3025753639
0.4217408771
0.29499436
0.3960665039
0.4765395558
0.8582328792
0.7142685193
0.6930320059
0.5317210605
0.3886422679
0.9034489034
0.3944961199
0.6279553277
0.4261086127
0.584333457
0.3388923361
0.2865637393
0.9966797101
0.3091926299
0.394844349
0.3189182722
0.5156221842
0.2864062851
0.563965007
0.2897312437
0.7282877275
0.310341104
0.2870519781
0.6861750896
0.8666303677
0.2878625323
0.4223078758
0.3183013325
0.5673512723
0.3371056531
0.851884418
0.338763799
0.4854023755
0.2944065986
0.8838776328
0.9629516127
0.3654627508
0.4309093059
0.6521672688
0.4314890331
0.6263666383
0.5379458485
0.4379162673
0.3228442013
0.3946701811
0.6703617841
0.8905226178
0.6453954752
0.3129058097
0.9852242824
0.8226169095
0.3592730499
0.2864120525
0.6620686109
0.7530231706
0.2968203353
0.2984305409
0.9351092847
0.5763991868
0.286687269
0.8073288326
0.3421512654
0.2900089467
0.4002959296
0.3666950394
0.5136518544
0.3938009445
0.3334933158
0.2905593624
0.8687789665
0.3869446292
0.7678867554
0.3765094386
0.3191251466
0.2866301367
0.2866773104
0.4044050539
0.4784299035
0.5549563993
0.9210335225
0.5655447635
0.2919940045
0.8094324804
0.3117914738
0.3453613534
0.793550768
0.4746541742
0.5421836631
0.4022544137
0.3534415809
0.2933904975
0.4721481952
0.6195538167
0.9579020649
0.2936381541
0.3932806886
0.5605829332
0.2874076153
0.510157588
0.7332031499
0.4738178417
0.2868703435
0.5650933134
0.4442341364
0.3327609999
0.3238305194
0.7939435214
0.6708091146
0.6186450178
0.3079859986
0.3333709025
0.4211746986
0.3004976731
0.8940079314
0.3201687033
0.3074784913
0.5990963461
0.5995509378
0.9748610223
0.5075442874
0.2864744434
0.2872117468
0.3444168984
0.4769592067
0.2929554353
0.3063168431
0.4516392753
0.4074766597
1
0.6487832953
0.7101370006
0.6388358895
0.3131879367
0.4040455985
0.2911484761
0.8692727387
0.340837226
0.2900089467
0.6225067843
0.3037808033
0.4538607383
0.2910676948
0.5743613563
0.7621410706
0.3434791656
0.9395259188
0.6919281725
0.2909478104
0.4293671573
0.4045849332
0.9511870657
0.8233595211
0.6921490059
0.2905974336
0.2874646908
0.8209417101
0.5453129339
0.2949400812
0.5829723476
0.3978214327
0.3809259862
0.3829158888
0.3740926926
0.8989235351
0.4314890331
0.7617289528
0.8003855112
0.2882209396
0.6499117285
0.947828396
0.5219934887
0.470274712
0.2973649108
0.5021211659
0.3260658285
0.4935075388
0.6899391886
0.7231328363
0.7864365917
0.5215530225
0.6084168965
0.7606976727
0.291478463
0.5119033349
0.9372753074
0.2869644844
0.307731522
0.4150016872
0.2863984203
0.7588378419
0.5594565665
0.5984144824
0.445427805
0.9467236089
0.2864047121
0.5437476134
0.8153149025
0.622733892
0.2938393385
0.8849707357
0.3009864914
0.5441947096
0.2884547314
0.6958980197
0.2865279173
0.7609040411
0.3479585299
0.3855945255
0.2864120525
0.3905224033
0.4406702027
0.7129654032
0.7057726138
0.6318117089
0.9671770831
0.2865347324
0.4015407983
0.3317926754
0.2885085929
0.8038683192
0.5119033349
0.3420192364
0.7856409739
0.3288267126
0.8804136593
0.5433006291
0.3141385621
0.2874076153
0.3246060712
0.3154957129
0.3246060712
0.4999602572
0.2899384864
0.395367492
0.286687269
0.6002328475
0.3307144161
0.2884280607
0.6768378302
0.3728146851
0.3287099778
0.850497001
0.3400554899
0.2871296839
0.3717027128
0.2936381541
0.7334163024
