0.3458359577
0.3063822855
0.7723195121
0.2904260295
0.9184957268
0.3024709629
0.3930487185
0.3248608125
0.9308770618
0.2886759484
0.2981267182
0.5600271014
0.8919721033
0.3515254674
0.5519348721
0.4213034142
0.3149189765
0.7948469728
0.2865385999
0.2863872051
0.3689655125
0.6779974564
0.4226262654
0.4241435192
0.4829977468
0.9869707956
0.853279987
0.300389724
0.2863334154
0.7282863063
0.2975598849
0.3476154602
0.2882314545
0.3167966743
0.30971341
0.5616037894
0.9323602063
0.2929260441
0.7108061433
0.2974357594
0.9486891748
0.8221317026
0.2936155012
0.86194927
0.3669426242
0.6739862594
0.6645938802
0.4499647446
0.4640000857
0.2865815509
0.3596552926
0.2891967568
0.7153647607
0.3147245876
0.7954338699
0.9691516137
0.5416406893
0.3208251929
0.4970803145
0.8420994773
0.3168970499
0.3657080959
0.6212316491
0.7639527935
0.5044229081
0.3361500365
0.9090395547
0.8836688711
0.2963487661
0.920622452
0.2862294929
0.3716418694
0.5821751355
0.4895828631
0.3845274091
0.3841923241
0.3264413186
0.8316865154
0.4992340247
0.3170982644
0.3669426242
0.4218698055
0.8236148633
0.4241435192
0.9922726137
0.6144191777
0.4362878249
0.568597291
0.5577764207
0.3229810013
0.3264413186
0.5199257026
0.2957112626
0.6862134086
0.3724356673
0.6684008564
0.5501406492
0.4020171506
0.2906579306
0.3262137472
0.451775881
0.9605731183
0.5919300758
0.8475563002
0.4318146822
0.3176040007
0.7645683035
0.837284672
0.3028437606
0.4038072789
0.6223665827
0.6314390452
0.2866272928
0.2870090114
0.4294986933
0.2959985147
0.4112514792
0.2878789191
0.6974671364
0.3867163963
0.6235013486
0.5020412282
0.4243335802
0.9779719883
0.9582311063
0.2966452607
0.5046397078
0.3795488343
0.643433517
0.3051662421
0.7509108709
0.638911582
0.6598818994
0.5812685492
0.7425198519
0.5113831549
0.5039894493
0.7612796596
0.8241698232
0.3140491403
0.5219057603
0.3598041502
0.299234231
0.3193522581
0.5022575064
0.3920117249
0.3680293001
0.7020749494
0.7739404711
0.6904160388
0.5851226496
0.5272008454
0.3593579602
0.5035561789
0.7289281834
0.3082314228
0.6481750161
0.4300765291
0.6350637068
0.4425838962
0.3764493252
0.5523836697
0.2862593611
0.5291918792
0.8226884438
0.5445441818
0.4190460838
0.6497538901
0.2863334154
0.4859649909
0.8419221756
0.5418638651
0.4648239648
1
0.9591165463
0.2864701529
0.4186711516
0.3156042409
0.2895944396
0.313003208
0.838717249
0.2862410211
0.4921461493
0.6549353823
0.2949841164
0.2928302714
0.569274965
0.7672295261
0.7183937209
0.8839810918
0.336527788
0.6681771103
0.2880009217
0.2862736835
0.2877382439
0.2863334154
0.8026225843
0.5573265367
0.3556846457
0.3171991032
0.2875820246
0.2963487661
0.8992756901
0.7723195121
0.5150990893
0.2908960133
0.2869287386
0.9749179248
0.3551044178
0.2864348793
0.3376686986
0.4088731423
0.3300441921
0.2876479335
0.7885498922
0.6941662761
0.5753802101
0.9010303531
0.2884760271
0.3492783296
0.9316204433
0.2862504532
0.2862312396
0.4034484403
0.5980615175
0.4872400588
0.390120692
0.3296893573
0.4485602948
0.3057292004
0.2883114194
0.2863657246
0.9233756535
0.9067815162
0.3319587946
0.4376579696
0.4072363164
0.2863334154
0.4335597425
0.7340481309
0.2869132066
0.3130975089
0.2993008751
0.2870255885
0.3319587946
0.4588756741
0.2875604026
0.4619451448
0.2901264535
0.7625146054
0.3632628642
0.4607154773
0.3294535319
0.5942005656
0.9402571343
0.610784434
