0.3124564947
0.9840805839
0.5675530648
0.2871856411
0.2869880225
0.8386877714
0.4973871831
0.8905376321
0.2946929605
0.2864273371
0.3867895438
0.36136027
0.9002234875
0.628336054
0.5017004549
0.5189178744
0.4338407663
0.5729755321
0.3292541041
0.7690790199
0.7136700569
0.5017004549
0.3015903715
0.4888219116
0.5484358602
0.3886572058
0.650944933
0.7625309393
0.938503745
0.735990685
0.6206235664
0.5399452336
0.3386083892
0.3960845011
0.5790856143
0.7496804518
0.3315146771
0.3052505015
0.9012431876
0.2875106524
0.3044570105
0.2864371128
0.2866826882
0.3643910361
0.9120162287
0.3983687764
0.3713912752
0.3627179018
0.3750637963
0.9209216031
0.2997655852
0.804542076
0.9686521015
0.9830435669
0.6619626039
0.6500434716
0.7425462977
0.3257926285
0.8010708114
0.8174510029
0.2965120194
0.6441772878
0.5484358602
0.6966346568
0.3168184022
0.6369431553
0.7833897631
0.4845716566
0.4204451306
0.5856576853
0.2866299841
0.3212787135
0.7075815922
0.2950761394
0.2931938252
0.5189178744
0.4943798205
0.7829908945
0.6272024446
0.2930956951
0.3878066107
0.8123647335
0.2861951273
0.6060899005
0.4705040783
0.4532783125
0.2941075518
0.6092700108
0.3589720267
0.3732995071
0.4144686602
0.8329315281
0.8700198335
0.4713361691
0.3168184022
0.5470926363
0.7917070267
0.3834283243
0.318342159
0.6603917015
0.2903921626
0.7315232457
0.2864674866
0.3262464706
0.4640907473
0.8168884609
0.3489132263
0.2884324669
0.9358921215
0.4232790966
0.3517214409
0.863242254
0.6108599828
0.2986329254
0.3001078372
0.7389571642
0.3429249141
0.981502909
0.5502282515
0.4100499446
0.2916182658
0.2994947638
0.9159813191
0.2870932044
0.9672543648
0.2913183832
0.3819304852
0.443068384
0.5488838069
0.4290074045
0.2862946542
0.4037070618
0.2868114666
0.5797650717
0.4452536468
0.6680112818
0.7084532763
0.2921518366
0.8903855836
0.2899449744
0.8178256675
0.2971770533
0.3955598871
0.3487742177
0.3934709915
1
0.6853786501
0.2862564164
0.9941974678
0.4255608637
0.2861987943
0.2874043063
0.9118780544
0.3061420479
0.3235591923
0.7423355729
0.3294895782
0.8825109842
0.4389231748
0.2961578246
0.5235384501
0.3260192525
0.8394016898
0.2861584563
0.469673015
0.5770478808
0.3934709915
0.2870574476
0.5935990674
0.6811640509
0.3811023369
0.3437259498
0.3597148538
0.488608872
0.303297258
0.7829908945
0.4526723014
0.5208960393
0.8055023546
0.6979531032
0.440695364
0.4567247688
0.6430479267
0.4019173778
0.4017389698
0.2881336193
0.3050107511
0.6074528207
0.8769721177
0.6831618005
0.3530024504
0.395909524
0.8191346972
0.9701913731
0.4342297274
0.2861743473
0.7743551116
0.924699837
0.4705040783
0.5833905008
0.3270464041
0.2875988564
0.4202569282
0.30180809
0.5257445781
0.3354400249
0.2873835584
0.3467052385
0.3487742177
0.2883488847
0.4065915567
0.4058680282
0.5743324944
0.4986790902
0.2864674866
0.3819304852
0.3163181947
0.2876668329
0.3129255267
0.3677823936
0.303297258
0.3039887124
0.3174237472
0.611541371
0.6310557572
0.3133035781
0.3000390559
0.8880939322
0.4051460984
0.9343257869
0.4734208451
0.286521598
0.3225737007
0.2861987943
0.7338659545
0.5255238002
0.5097301435
0.5603383844
0.290585795
0.8024233891
0.3512968168
0.7408590913
0.8125540472
0.5506765985
0.2899449744
0.3047724598
0.33260378
0.2863899787
0.4675998979
0.5165044839
0.955184332
0.3361923545
0.4395131772
0.2869377814
0.286176792
0.3222479142
