0.4155080572
0.6531224272
0.3112109304
0.7852513053
0.5975121832
0.3425479105
0.2904123377
0.4708461549
0.6391029307
0.2901275189
0.562595064
0.9307720322
0.3322904448
0.726704078
0.7344094944
0.5105517793
0.3637581088
0.6488327582
0.3308507838
0.2874336711
0.9927925136
0.3301388303
0.6350223728
0.7361135546
0.2993110037
0.35371468
0.4601147424
0.6409151795
0.2993110037
0.6977575646
0.3848838168
0.3604438675
0.4809073203
0.813294735
0.4517865886
0.9814120163
0.4775378254
0.7563120993
0.3015022355
0.3169279621
0.4764880411
0.9522419859
0.3605931832
0.3528573154
0.4076098888
0.5459581891
0.3232027309
0.30713085
0.9889608198
0.2939151239
0.935223861
0.7494226094
0.310224381
0.7662264891
0.7737785852
0.8915159379
0.4619589415
0.2937653944
0.7424760677
0.2925319749
0.3039389047
0.6250330846
0.4996987525
0.3440120094
0.5786582563
0.3327749818
0.9400165224
0.7862480271
0.592509741
0.9579399592
0.3790816133
0.4298915374
0.4552249116
0.9367993113
0.3792454347
0.302076506
0.5506661956
0.4529976759
0.3270005272
0.2878261857
0.5621438289
0.3179354036
0.4022079412
0.336986584
0.5455104166
0.3083091872
0.5475262423
0.4642205729
0.5477503564
0.2957748038
0.2869948069
0.410344605
0.2968710405
0.2881076548
0.2958309835
0.465870576
0.4475691251
0.4293139548
0.3097823172
0.4347348277
0.9116796463
0.506631246
0.4777479658
0.78104787
0.8547877845
0.6170763727
0.4441798207
0.2871722348
0.2934219819
0.5434968068
0.5637234904
0.3096066084
0.6252603039
0.9498738026
0.6141194999
0.2866811069
0.365131498
0.5109882901
0.6813719303
0.3620933338
0.8607629588
0.8357229662
0.287229213
0.3884317175
0.2952767878
0.3114833245
0.7882366918
0.2903400983
0.6782529656
0.919077288
0.4186794666
0.3438782193
0.3380015427
0.6931257273
0.6940091414
0.9060193007
0.4337619109
0.2868426938
0.2866197161
0.8291645747
0.9667524423
0.2905959524
0.4014945959
0.9799690552
0.8366259736
0.3838792245
0.7984729564
0.4750209325
0.8420030635
0.6565042956
1
0.3155435906
0.295386275
0.8444881101
0.3326536302
0.5811533557
0.4481695638
0.6981978963
0.286649625
0.3324113616
0.3037861439
0.2882474786
0.3066355193
0.2866858291
0.6708797628
0.287229213
0.5950106529
0.2888973922
0.5479744968
0.3424156407
0.3566066899
0.4781684292
0.2887587311
0.7794393291
0.4625749251
0.5296916706
0.5468540589
0.2866246136
0.9224060397
0.8575319146
0.2867120628
0.2891579037
0.3711986554
0.813104902
0.6544756931
0.726704078
0.8530619925
0.349058346
0.6497363746
0.5571856173
0.381716637
0.7093770209
0.6120721277
0.2879524402
0.4960363187
0.2870063453
0.5217356734
0.3937580159
0.2913329345
0.5736726381
0.9044360717
0.2868607042
0.8707662803
0.287066657
0.2921756869
0.4896098453
0.6057017411
0.40489755
0.8276937623
0.5707298133
0.2871180493
0.3120323905
0.3970737865
0.3432113372
0.3551541457
0.3970737865
0.2867493132
0.3082239748
0.3807250418
0.3300206836
0.3984813433
0.3418879496
0.669536129
0.3548652034
0.2869189289
0.3093442432
0.3371129572
0.3040923193
0.9342458518
0.2872587492
0.7399363779
0.7305642853
0.4000728557
0.7063179539
0.9074486641
0.8344555074
0.2882474786
0.4179308122
0.7654052646
0.3040155303
0.3215825268
0.308054032
0.9107001076
0.3874130111
0.2946340822
0.5001305808
0.3672879267
0.3377469524
0.5659817517
0.5077188094
0.7339830023
0.5623694367
0.2869834432
0.5691463061
0.2871584266
0.3920284196
