-2.7557e+00,-9.3877e+00
 1.2083e+00, 8.2735e+00
-2.8403e+00, 3.4198e+00
 7.1610e+00,-9.8894e+00
 4.1408e+00, 1.5261e+01
 1.2981e+01,-1.0340e+01
 6.9292e+00, 1.3802e+01
-6.7097e+00,-1.9005e-01
-9.2345e+00,-1.4733e+01
 2.3698e+00,-8.1178e-01
 6.4556e+00,-2.9381e-01
-3.0213e+00, 6.1823e+00
-9.7600e+00, 8.5605e+00
-9.1877e+00, 2.3261e+00
 5.5744e-01,-1.1137e+01
 3.6645e+00,-1.0442e+01
-9.9315e+00,-3.2246e+00
-1.3332e+01,-5.7092e-01
-5.4322e+00, 1.5372e+01
-9.2745e+00, 1.3163e+01
-2.6127e+00, 1.3277e+01
-1.1487e+01, 1.5486e+00
 4.8570e+00, 1.1993e+01
 4.1649e+00,-1.1669e-01
-1.1291e+00,-7.1897e+00
 1.2303e+01,-5.8906e+00
 1.2506e+01, 7.2867e+00
 2.3021e+00, 1.5900e+01
 8.6845e+00, 1.0402e+01
-9.7339e-02, 9.0207e+00
 4.2785e-01, 1.5943e+01
 4.6831e-01,-4.1550e+00
 4.8330e+00,-6.4353e+00
-8.2657e+00,-5.7877e+00
-8.1272e+00, 1.1546e+01
 1.0323e+01,-2.8651e-01
-1.3413e+01, 6.8846e+00
 1.2183e+00, 1.5602e+00
 7.3954e+00, 9.5285e+00
 1.1922e+01,-3.9950e+00
-1.4598e+01, 3.7397e+00
-6.9479e+00,-1.3914e+01
 8.6731e+00,-5.6034e+00
-6.1190e+00,-1.2491e+01
 5.4573e+00,-1.4475e+01
-8.0690e+00, 8.7629e+00
-2.0376e+00,-1.5786e+01
-1.1266e+01, 6.4858e+00
-5.0444e+00,-1.0752e+01
-1.4405e+01,-8.8434e+00
 5.9292e+00, 6.6169e+00
 5.1409e+00,-1.1932e+01
 6.9490e+00,-3.4990e+00
-4.0062e+00, 7.5376e+00
-1.5904e+01, 1.1783e-01
-7.0352e+00,-1.1256e+01
 3.4449e+00, 8.1203e+00
 1.2583e+01, 9.2874e+00
-7.4981e+00, 1.4210e+01
-6.8976e+00,-8.7479e+00
-8.9960e+00, 4.5829e+00
-1.0961e+01,-1.1874e+01
 1.0747e+01,-5.6276e+00
-1.2603e+01, 4.7218e+00
-6.5280e+00, 9.1946e+00
 9.1990e+00, 1.2947e+01
 1.0102e+01,-3.1668e+00
 9.9588e+00, 7.2753e+00
 5.5771e+00, 4.5741e+00
 8.1633e+00, 1.1680e+00
-4.1059e+00, 1.2554e+01
-1.6039e+01, 3.1647e+00
-1.1315e+01, 1.2386e+01
 7.9206e-01, 1.2195e+01
-5.2809e+00, 4.5763e+00
-1.2197e+01,-2.4262e+00
-7.1613e+00, 4.9445e+00
 2.6922e+00,-7.6555e+00
-6.1595e+00, 7.4572e+00
-2.2346e+00,-1.8573e+00
-5.7207e+00,-2.3185e+00
-1.2503e+01, 1.0451e+01
-1.2547e+01,-9.5486e+00
 1.3447e+01, 3.8563e+00
 4.3527e+00, 6.3520e+00
 8.5498e+00,-1.4223e+01
-4.6403e-01, 6.0732e+00
-8.6950e+00,-1.1119e+01
-1.6053e+00, 4.5095e+00
 1.4432e+01, 6.2513e-01
 1.5515e+01, 5.2978e+00
 6.2192e+00, 1.5955e+01
-8.1778e+00, 7.3169e-01
 2.9786e+00, 1.1074e+01
 5.1355e+00, 3.0086e+00
 1.2603e+01, 2.6117e+00
 1.0618e+01,-8.6291e+00
-1.4113e+01, 1.4146e+00
 9.2449e+00, 1.4536e+01
-4.8795e+00,-4.6628e+00
-1.1833e+01,-7.2011e+00
 1.3797e+00,-1.5545e+01
 1.5554e+01,-4.7133e+00
 8.0531e+00, 3.7182e+00
-3.2460e+00, 1.0045e+01
 2.4992e+00, 3.9092e+00
 6.2117e+00,-5.1442e+00
 1.2657e+01, 6.1712e-01
-1.0287e+01, 1.0194e+01
 1.1192e+01, 6.1766e+00
-5.5444e+00,-1.5174e+01
-4.7463e+00,-6.8289e+00
-9.2549e+00,-7.7694e+00
 3.9122e+00,-1.2902e+01
 1.2390e+01,-7.6878e+00
 1.4409e+01,-1.2844e+00
-9.1442e+00,-1.2739e+00
-1.6803e+01,-1.1532e+00
-1.5658e+01,-4.4509e+00
 1.1780e+01,-1.4126e+00
-1.6395e+01, 5.6116e+00
-1.1165e+01,-1.3366e+01
 1.5806e+01,-6.6994e+00
-1.7508e+00, 8.9040e+00
 5.2054e-01,-1.3506e+00
 8.2927e+00, 6.1341e+00
 9.1475e+00,-1.2279e+01
 5.4497e+00,-2.2884e+00
 4.2494e+00,-1.6156e+01
-7.5845e+00,-2.5787e+00
 9.1230e-01, 3.0941e+00
-6.6237e+00, 1.1140e+01
 3.4077e+00, 1.3103e+01
-3.3164e+00, 1.5566e+01
-2.1856e+00, 1.6902e+01
 4.9980e+00, 1.5141e+00
 2.7485e+00,-6.0425e+00
-1.5727e+01,-7.4773e+00
-3.5910e+00,-1.3752e+01
-8.5303e+00,-9.4466e+00
 1.4627e+00, 1.3692e+01
-7.0855e-01,-8.6820e+00
 1.6780e+01,-2.7423e+00
 5.7545e+00, 1.0522e+01
 1.6537e+01, 2.0176e+00
-5.3519e+00, 4.7612e-01
 5.0318e+00, 9.0904e+00
-9.8163e+00, 7.0217e+00
-6.5380e-01, 1.6434e+00
 1.6670e+00,-1.7069e+01
-3.6055e+00,-1.2190e+01
 5.9574e+00,-8.1482e+00
 1.0780e+01,-1.2611e+01
 5.3882e+00, 1.4232e+01
-1.4101e+01,-7.1557e+00
 1.4158e+01,-6.9576e+00
 4.3313e+00,-3.8192e+00
 6.9853e+00, 1.1743e+01
 2.1224e+00, 6.8156e+00
-5.1253e-03,-1.6140e+01
-1.0228e+00,-5.3625e+00
 2.2379e+00,-1.3236e+01
 5.6450e+00,-1.0238e+01
-4.3362e+00,-8.5517e+00
 8.0361e+00,-1.5478e+00
 1.4086e+01, 7.5946e+00
-3.9361e+00,-3.3176e+00
-3.6109e+00, 1.5061e+00
-1.4198e+01,-2.2749e+00
 1.3707e+01, 5.4403e+00
 7.5964e+00,-6.7897e+00
-1.8109e+00, 1.4979e+01
 1.0948e+01, 1.3270e+01
 1.0120e+01,-7.0630e+00
 2.8465e+00,-4.2642e+00
-1.2797e+01,-4.5133e+00
-1.3528e+01,-1.0990e+01
 8.7843e-01,-6.2087e+00
 8.1149e+00,-8.3489e+00
-5.2618e+00, 1.0059e+01
-9.8608e+00,-5.9922e+00
 1.3858e+01,-8.5838e+00
-6.3519e+00,-5.6726e+00
 3.8316e+00,-2.3604e+00
 1.0383e+01, 2.8938e+00
 1.4659e+00,-2.6311e+00
 8.5094e+00, 8.2114e+00
-4.8332e+00, 3.0011e+00
-1.7455e+01, 1.1756e+00
 1.7407e+01, 6.2208e-01
-6.3205e+00,-3.9262e+00
 3.4748e+00,-1.4418e+01
-1.6204e+00,-3.4956e+00
 1.2826e+01,-2.5510e+00
-1.1449e+00, 7.4530e+00
-7.8713e+00, 6.9298e+00
-2.0750e+00,-1.4234e+01
-7.1713e-01,-1.2790e+01
-3.6132e-01, 1.7350e+01
 7.9910e-01,-9.6068e+00
-7.0240e+00, 3.2933e+00
-6.6944e+00, 1.2680e+01
 4.2540e+00,-7.8680e+00
 9.7162e+00,-9.8568e+00
-3.3094e+00,-5.3076e+00
-1.4394e+01, 8.3058e+00
-2.0019e+00,-1.0790e+01
-2.7301e+00,-2.9564e-01
 1.1731e+00, 1.0691e+01
 1.5856e+01, 3.4166e+00
-1.6445e+00, 1.1095e+01
-7.6311e+00,-1.5482e+01
 1.1616e+00,-7.8023e+00
 1.1425e+01, 1.0530e+01
-1.0772e+01, 5.0690e+00
-3.3725e+00,-1.6725e+01
 1.4711e+01, 2.1658e+00
 1.6653e+01,-1.0825e+00
-1.1491e+01,-4.3510e-01
-8.7784e+00,-1.3255e+01
-1.6954e+01,-3.0457e+00
 1.1235e+01, 1.6526e+00
 6.8443e+00,-1.2821e+01
-1.0426e+00, 1.2556e+01
 1.1305e+01,-1.0948e+01
-1.4719e+01, 5.5982e+00
 2.3358e+00,-1.1578e+01
 1.0450e+01, 4.4810e+00
-1.1416e+01, 8.2414e+00
 1.2094e+01, 1.2298e+01
 1.2983e+01, 1.0768e+01
-1.0669e+01,-9.5183e+00
 3.2404e+00, 1.2743e+00
 6.9057e-01,-1.3554e+01
-1.2440e+01, 3.1396e+00
-2.1573e+00, 2.0099e+00
-7.3265e+00,-7.2652e+00
-6.5722e+00, 1.8287e+00
 1.4404e+01,-3.4124e+00
-5.0637e+00, 1.3873e+01
 1.2538e+01,-1.2044e+01
-7.1711e+00, 1.5926e+01
 1.4442e+01, 9.6816e+00
 1.6337e+00, 1.7267e+01
-9.6272e+00, 2.7983e-01
 7.7914e+00, 1.5510e+01
 1.2789e+00, 4.8966e+00
-1.6157e-01, 1.4535e+01
 6.9162e+00, 5.2550e+00
 7.1287e+00, 7.5865e+00
 7.1492e+00, 2.4024e+00
-1.4221e+01,-5.5733e+00
 9.7777e+00, 9.2740e+00
-8.8632e+00,-4.2936e+00
-4.5457e+00, 6.0348e+00
 2.5296e+00,-9.3316e+00
