0.2913841356
0.7435217834
0.3153239398
0.8933081292
0.2906681737
0.3362500315
0.3965830716
0.7218391192
0.4708874688
0.3066772653
0.3580388972
0.6025627607
0.7589245842
0.7709874399
0.90441415
0.6961910979
0.7246295582
0.3119727092
0.6572946741
0.8493221453
0.3043244251
0.5810238021
0.3548230091
0.3852409324
0.2924313249
0.5544123739
0.9319767047
0.4144444595
0.384736721
0.3697763814
0.8767751543
0.7640604445
0.4828408865
0.3704060861
0.6166309807
0.289525533
0.9272590923
0.6050590427
0.293879892
0.2873929813
0.462621515
0.3626753946
0.2880468955
0.312065798
0.3168184899
0.6173114281
0.8039681833
0.9353598624
0.6320393176
0.5955290005
0.3033906735
0.5318775027
0.6749592443
0.7659006208
0.3489985017
0.2909569949
0.3901663929
0.2860587386
0.3362500315
0.2871099764
0.5873660533
0.6514505955
0.318657699
0.2893155627
0.5667872472
0.9700234846
0.3896525787
0.293879892
0.2928166754
0.4652963385
0.9749893562
0.3218329517
0.7638556926
0.3652692758
0.3920587327
0.5250235146
0.598705208
0.4116760262
0.4058428726
0.4585289575
0.3007304644
0.4418550687
0.4609811744
0.3592237353
0.4311033009
0.4779939619
0.2866979121
0.3102339674
0.8378893616
0.3275414751
0.4992812905
0.6130012829
0.6084630722
0.6050590427
0.3067608157
0.8426792592
0.37975048
0.6143625348
0.8740544111
0.493480791
0.6266053635
0.2921494551
0.4702638989
0.312065798
0.5114236074
0.4815734859
0.384736721
0.8604116609
0.3759976164
0.2908736188
0.5844205497
0.3729441353
0.4087469126
0.4969136829
0.3116943866
0.6539247087
0.4917693117
0.6021089035
0.7685503503
0.4597538127
0.3501175306
0.423255184
0.8037761721
0.7093013325
0.316516799
0.7673286245
0.2883587779
0.9778245362
0.5539635574
0.8402027909
0.5643076484
0.7153715968
0.3061793392
0.5112055405
0.4234448379
0.288754322
0.9316095299
0.3651157005
0.2911684286
0.6563964621
0.286307252
0.4832638144
0.3672769756
0.618672187
0.2878072892
0.6680457105
0.3411441783
1
0.2874159655
0.2858860406
0.5595800251
0.4591410703
0.3230313308
0.7378309033
0.5676894325
0.3459654266
0.3424655608
0.9810432145
0.3357466836
0.4534528972
0.2866320313
0.2860022235
0.3802444925
0.287680235
0.2861644318
0.3115096252
0.3191773997
0.4026063319
0.9022649717
0.3784381783
0.9328299195
0.2909989396
0.2858897043
0.325822317
0.2861084476
0.8936072664
0.6959714781
0.3391881193
0.287965469
0.6220731755
0.5352055569
0.3941379547
0.6731775304
0.2892811701
0.3200168515
0.3410128011
0.2876553439
0.3251439839
0.6626767683
0.755619257
0.8726037786
0.2859619278
0.7872083903
0.2921494551
0.7435217834
0.3290582143
0.3311990834
0.5175465547
0.2859226767
0.8805728311
0.5631812691
0.308901642
0.2860746109
0.4958395004
0.9734334031
0.4251557404
0.2862716802
0.8698444787
0.3660390055
0.699700192
0.4174209268
0.7770424358
0.3193863485
0.4291756241
0.8089360567
0.8072217547
0.4571031594
0.3141534107
0.9365488867
0.5094625679
0.2870894219
0.4607764411
0.7547907225
0.2859263402
0.2872806624
0.9179269941
0.3937903486
0.4686038718
0.2925745565
0.2893848644
0.4297530253
0.9794631675
0.6059667934
0.3660390055
0.3038546235
0.5823822359
0.2970788605
0.8348441551
0.3981658176
0.8204027462
0.2861450733
0.2863963488
0.5103337057
0.322702695
0.9905972427
0.5116417172
0.6849474916
0.2859226767
0.741628888
0.3245827963
0.2902701319
0.2871516064
0.8512232946
0.5044674001
0.5208397606
0.2864097734
