0.3204716142
0.3491243618
0.3017499363
0.6270815925
0.4222507971
0.3908062725
0.5263056989
0.3904629249
0.6200501401
0.3792174178
0.6268548877
0.6426981471
0.4014832897
0.2862536293
0.6386299389
0.7545343364
0.3802037768
0.5801063012
0.3714780433
0.3644736465
0.3867150155
0.3823550547
0.8007229964
0.5973437914
0.3661628903
0.2962181305
0.9515841274
0.3470497213
0.3575740891
0.6261747219
0.3047137349
0.8394181991
0.5555076401
0.4562302942
0.2882113164
0.7234626757
0.6114235365
0.307077733
0.3128652308
0.2864019918
0.5891734112
0.6887863819
0.515966774
0.5050676465
0.3064120398
0.9062399181
0.3927024307
0.2983805237
0.4644130823
0.2881308671
0.3795457431
0.3947858014
0.2923714928
0.2882384792
0.6245873798
0.3011727531
0.5735434159
0.6885653836
0.2916931367
0.2872669951
0.8239912713
0.8991725225
0.5365016887
0.6765857513
0.8739130583
0.2952979896
0.7210963399
0.3126771829
0.3843579029
0.480251599
0.4607170673
0.9959886162
0.2973046446
0.9489200644
0.4013051208
0.4855385477
0.2906877693
0.3008881101
0.2872270715
0.8447289096
0.2934357413
0.3219694274
0.2878002763
0.317160225
0.5425175975
0.321323871
0.7980074162
0.4160596782
0.3614409561
0.3001880432
0.7451374954
0.2861033181
0.4953572613
0.3243828781
0.2864663898
0.5393955357
0.3128652308
0.9273318555
0.7050453924
0.8016896202
0.3411406373
0.3644736465
0.3399648519
0.4513752833
0.2899619041
0.9215325053
0.3529344323
0.4327864293
0.7796406688
0.2862761473
0.4425867898
0.4623570045
0.6909945773
0.7332991114
0.5203558899
0.7948877494
0.5726390615
0.5577554182
0.9918352031
0.5024686122
0.4192364978
0.8515250447
0.8541059906
0.8284029532
0.6898908881
0.5133411242
0.3705298729
0.7407163394
0.7644362337
0.2869670822
0.9359511975
0.8668949423
0.2963361728
0.8938372357
0.2884620142
0.5282949009
0.9716730847
0.3201545243
0.3572802201
0.515090892
0.9543876932
0.3031628193
0.2891990165
0.3984684292
0.3230574318
0.3157610025
0.3496826991
0.8466582002
0.3360018558
0.4437764017
0.9200844983
0.4201759512
0.5980249322
0.7419818019
0.6609377007
0.2879492163
0.5300654642
0.292325075
0.2894327074
0.2922788277
0.9361901992
0.6555463785
0.5485541026
0.3427258394
0.7551569464
0.5146531992
0.7820416862
0.3509467619
0.8722952242
0.3265254819
0.3735472277
0.9010695321
0.7070092608
0.2916055917
0.8734286227
0.2864442263
0.2893315195
0.3358762783
0.294799353
0.3008881101
0.6828083562
0.3527915981
0.8817135536
0.2880260268
0.7586757486
0.4525850785
0.8274874259
0.6086984102
0.4808841177
0.9707607162
0.5830514677
0.6750266188
0.3860393214
0.4640013242
0.7526635794
0.6602644543
0.9819907395
0.4266243288
0.3785621544
0.7760224408
0.5018199199
0.9172872218
0.2882113164
0.3071616684
0.4279647074
0.4716616982
0.3280223165
0.3296621046
0.4214950332
0.2861845002
0.2873698456
0.2861270625
0.6660925076
0.9583996914
0.2885486951
0.2956952537
0.4857507692
0.288348862
0.5065868484
0.8238065151
0.2869158065
0.4224399646
0.3798745297
0.7679118051
0.2955239877
0.4368776024
0.2863531225
0.3135283388
0.5582052312
0.6562209465
0.3702147811
0.3013160623
0.7561935383
0.6039291353
0.3779087458
0.3045557159
0.2869670822
0.5249811784
0.2867562025
0.3216459685
0.3846932901
0.5584301692
1
0.3246058822
0.5823716584
0.5164049615
0.4295018036
0.3179733579
0.3152686364
0.4883017809
0.3749915274
0.6429240214
0.6544217007
0.3347524887
0.3140066838
0.4562302942
