0.2860818023
0.8265469228
0.3413541203
0.4392229244
0.7540511673
0.3078135717
0.387546734
0.3198615103
0.5761825619
0.6366896327
0.3510489252
0.9235467557
0.3706638636
0.3531835444
0.805567553
0.4607046021
0.3697187301
0.3138153462
0.3831703957
0.3290069113
0.4129009032
0.2866871921
0.7013419107
0.3576881917
0.3412224864
0.2862155409
0.4777094458
0.8629528068
0.4057795983
0.7172040497
0.9726470825
0.4972661686
0.2892360687
0.7649640588
0.2975956066
0.2884323992
0.9105916045
0.2891002417
0.2941515137
0.4310360883
0.344284939
0.300542045
0.4407987129
0.390277025
0.3368298811
0.5576943467
0.2867572357
0.33708378
0.3523261416
0.723658919
0.8895511524
0.7544658064
0.4392229244
0.9724873501
0.8051847688
0.3280707439
0.6054185135
0.3658277682
0.5256033679
0.6430125118
0.3101855993
0.5096008231
0.3499226211
0.7317773085
0.6049647089
0.3252059577
0.2926736807
0.7022164311
0.8771158778
0.7193600062
0.29129523
0.6140399193
0.6965216217
0.329242417
0.5718891209
0.9254677409
0.2872579862
0.50547244
0.3557839834
0.2964830059
0.7523904422
0.8990803945
0.2986959669
0.2977862949
0.9436576812
0.8599415878
0.5035226329
0.3209228218
0.2870242846
0.7368698275
0.5680520463
0.5741482167
0.4814984045
0.4831884695
0.2861820648
0.2858477482
0.4566252234
1
0.3052339429
0.4149360118
0.2866871921
0.6652592206
0.8061412073
0.8674181013
0.9347356547
0.2919194273
0.5970239219
0.6192559313
0.4325841338
0.3705060399
0.2859026927
0.8677463852
0.590900922
0.6468456743
0.4666685416
0.7115789176
0.3013286176
0.2896965231
0.3354435547
0.5229585082
0.667047835
0.6235625585
0.522298126
0.3800204492
0.295196816
0.3709798721
0.4037981472
0.8436042913
0.3092052182
0.3472818638
0.592941517
0.9087861084
0.6479721703
0.8536667051
0.4650176683
0.6614534021
0.287106837
0.7521826087
0.3935553373
0.2981721654
0.5130896745
0.5705343543
0.2859225764
0.5133080906
0.9690321602
0.8323705471
0.2948046267
0.9771618495
0.4607046021
0.860613107
0.3239748181
0.2954819979
0.286739464
0.2860727344
0.3135276649
0.420543919
0.3386190042
0.6151740372
0.550962588
0.2883432059
0.2893746504
0.3351933401
0.4312292967
0.6943248957
0.9360472858
0.8423715309
0.3307874193
0.2858414686
0.7509344806
0.4105106855
0.2997753973
0.3712963612
0.6095026603
0.3374656865
0.2871491548
0.3060491917
0.2859576333
0.4025435622
0.7684305268
0.8009558922
0.3069645648
0.48573042
0.4495554194
0.4710220053
0.4294934999
0.4345267807
0.306462859
0.4796015311
0.3549124846
0.9681812097
0.2877624177
0.6029226075
0.3116457908
0.3209228218
0.9364028708
0.516808395
0.7341148137
0.295196816
0.3257715186
0.8790176127
0.314394919
0.3425450442
0.3313881893
0.3102756761
0.2932174641
0.9952594996
0.5397924863
0.3045933755
0.5033062208
0.2860910444
0.2860064662
0.8614506128
0.4323903315
0.4358915978
0.4966213059
0.4863671737
0.315967798
0.7963048934
0.7294340899
0.2859173439
0.3145893556
0.5924880119
0.370190754
0.2866871921
0.3711380566
0.4710220053
0.6095026603
0.2867044422
0.3157690183
0.9193744189
0.2860382059
0.3191276372
0.4380444706
0.7156923549
0.2859452502
0.7484324746
0.5435827656
0.2859335645
0.7117957829
0.7783260184
0.3944244828
0.3045933755
0.6701741093
0.9637641712
0.3002609554
0.5870478869
0.6764113313
0.6625734514
0.2886465605
0.3730456092
0.8967335798
0.5786703643
0.2878407162
0.639626623
0.3787065085
0.306462859
