0.5742338597
0.9816064672
0.6719184495
0.474175029
0.8971307588
0.4497758152
0.7758371002
0.5227875377
0.4287415428
0.5548453591
0.66162461
0.4507808322
0.3255106871
0.7251954797
0.5230078338
0.2927551002
0.2862072553
0.335132823
0.345826763
0.5146639814
0.6105279804
0.3719615449
0.2944806921
0.346645696
0.6016707332
0.8882480947
0.7518464827
0.3808716288
0.8836099295
0.345826763
0.6734802593
0.8505053279
0.404716218
0.6098466856
0.3482981711
0.3212235377
0.376615408
0.2861801956
0.9780774844
0.7367126831
0.3949683837
0.4002466489
0.6752635813
0.3042480007
0.8059392551
0.4076098184
0.3164634557
0.7065879175
0.5600170462
0.8331505075
0.4503786006
0.6530851263
0.3549553181
0.8814177919
0.7937301067
0.7148478196
0.3614485285
0.2885839805
0.3212235377
0.5461038727
0.2874830626
0.5568677134
0.3601002263
0.9212894162
0.2978111753
0.7328888367
0.3848692151
0.8264036168
0.6883587741
0.9360903602
0.3079307612
0.3296690112
0.3097606751
0.4781570763
0.4804724456
0.6162045211
0.474175029
0.3081878653
0.3161643105
0.3870616382
0.2987123796
0.287008149
0.3615989725
0.5611427795
0.2907337805
0.5120412994
0.8133598356
0.4119975371
0.4646287965
0.5969022208
0.3944457687
0.7324630094
0.6399999229
0.2950254636
0.4479715349
0.3146895181
0.9583215356
0.7950998865
0.6745950385
0.7726032876
0.3104762541
0.8351361344
0.5798919738
0.5573173657
0.3142056982
0.2872730134
0.790192993
0.4054372221
0.3183902838
0.2894387711
0.2881635474
0.8374706931
0.4764777347
0.3218681998
0.2889483466
0.5932701562
0.9678777529
0.8667479938
0.2867472071
0.6607271493
0.5519274206
0.4281655102
0.404716218
0.2892709833
0.3867231173
0.4310534615
0.6214246111
0.4750115129
0.3173692335
0.3069167742
0.288244518
0.3494105832
0.3261904417
1
0.3287284492
0.691450308
0.3181848447
0.3874006026
0.5758173339
0.2913531635
0.5378479394
0.3718028519
0.9315994571
0.2897161938
0.4445803622
0.8510244733
0.2993089359
0.4188701365
0.6949755025
0.6093924807
0.5351790373
0.2871174884
0.2870620358
0.3716442789
0.4314399842
0.9194416527
0.3689669896
0.5305195632
0.2905358904
0.8028641323
0.9578287683
0.2901905037
0.6732572231
0.453807035
0.3852052826
0.2884395094
0.3135349073
0.8065138651
0.776844484
0.2867927387
0.2908951799
0.3818648932
0.2902660538
0.3716442789
0.4739660633
0.3641757548
0.3226271809
0.2904968272
0.9905202527
0.4638052632
0.2863978692
0.8859391555
0.7375603004
0.2978744641
0.3218681998
0.4190576626
0.5172926626
0.3175722134
0.2867927387
0.4861855664
0.6336651356
0.2865936712
0.444381579
0.3702225373
0.3065011092
0.9684857472
0.2911007854
0.9790216436
0.4668990419
0.2871553264
0.6458725153
0.3297872398
0.2866748047
0.3345113356
0.3330343773
0.8554928488
0.7999652308
0.6808249866
0.5449859626
0.2876869567
0.7470410291
0.2888549222
0.3047201188
0.3625042838
0.421126519
0.8766616907
0.2864182893
0.4902305087
0.3156688322
0.2866889368
0.2877341759
0.3129660468
0.8811032016
0.3694369097
0.3028668057
0.8891659625
0.5663272771
0.7591045779
0.2948602597
0.5703911501
0.4594996505
0.7290496326
0.4493743345
0.2877104795
0.286109312
0.2862454866
0.3977717393
0.5812510242
0.3147867496
0.8615873583
0.2971260167
0.9356115347
0.9191761187
0.3505315533
0.4353238452
0.3735550537
0.2861705935
0.9270977939
0.3810368871
0.9438679176
0.302791623
0.4735483191
0.9534816674
0.5391840467
0.6923324167
0.4619562851
