0.4860159181
0.4230266117
0.2877005594
0.669709314
0.5687694301
0.4396449554
0.3395980019
0.9218040544
0.7080681921
0.5132121711
0.6151450867
0.5674119291
0.3642481052
0.5337375983
0.5435538798
0.5796495221
0.3976182172
0.9193918982
0.3005275657
0.8334114298
0.8293829713
0.6975235455
0.5714862375
0.3027950162
0.6267505161
0.3380605577
0.2882853477
0.4879311326
0.4300979076
0.8953786818
0.7751063992
0.8745183617
0.3172222364
0.6926632637
0.3867570894
0.3344296265
0.7176564148
0.3252701083
0.3407643997
0.3169227448
0.5998882845
0.2956056683
0.6966410866
0.5075369553
0.2877175235
0.2929401535
0.9874056688
0.3867570894
0.286934167
0.3227417905
0.8889630879
0.3076661035
0.5395309394
0.3647055758
0.9962050563
0.3052309163
0.6403766766
0.291403296
0.2868995041
0.3802546278
0.2941880304
0.6274326667
0.8138598872
0.8025248948
0.3988513417
0.4133002856
0.8434971413
0.8038823478
0.5213383046
0.5422118419
0.428174776
0.7679641322
0.4158938653
0.4513994355
0.3939500224
0.7310283648
0.5830557735
0.915025683
0.2890818449
0.4817765081
0.3498001363
0.5173780116
0.3227417905
0.5158414617
0.8395640933
0.2922727805
0.9501005313
0.6935481668
0.3591429949
0.5926048422
0.8940174935
0.3075825835
0.8929536524
0.6137789605
0.7325272447
0.3093703074
0.2936944304
0.3455428542
0.2870089144
0.3014987476
0.3311579858
0.5794225314
0.4068997128
0.2875866978
0.2901565283
0.3597359465
0.4819879243
0.5536503462
0.2883299101
0.4907055305
0.2878595182
0.3217742233
0.3215608804
0.6955372374
0.7974538351
0.9819663616
0.5112442735
0.3701253556
0.6206082502
0.3038400894
0.2974455479
0.7104724858
0.3233936577
0.2959374803
0.3336934645
0.3327200126
0.4408277149
0.7927328052
0.581692969
0.3332055797
0.6663425112
0.2893672336
0.287525475
0.6586920287
0.291403296
0.477770955
0.4090805975
0.3427335809
0.2978710033
0.9158519123
0.4125627239
0.390672088
0.9925343194
0.4349435554
0.7069737852
0.5348500172
0.2915630699
0.287067027
0.3977940619
0.4491873858
0.3085954588
0.943919803
0.6618452923
0.3093703074
0.8225256359
0.810810073
0.4185060671
0.5217791324
0.3027216004
0.3260553774
0.9261436628
0.2908286749
0.2878049617
0.2902243443
0.3366691661
0.8117650886
0.9671025262
0.8073574733
1
0.3482745678
0.4461858893
0.6782130439
0.3022122998
0.4443934005
0.2901565283
0.658917398
0.6670163025
0.3279928907
0.4790335156
0.3512011347
0.2871853393
0.5268596404
0.2883980594
0.6699335732
0.8790410605
0.3942973425
0.3962152683
0.9629686563
0.5324037923
0.3222027345
0.607402802
0.3901581201
0.3202936351
0.3657773863
0.4270251171
0.4733694975
0.5233232516
0.970417168
0.6986258353
0.4226478781
0.7465436003
0.4353335053
0.773683757
0.3189456708
0.8401026594
0.9526989544
0.2886863177
0.3393403492
0.5948803659
0.5373001945
0.4408277149
0.8317678777
0.4107256187
0.2872061646
0.8087028449
0.4378763366
0.2959933742
0.3458135692
0.3135323965
0.4796656146
0.9090030323
0.2871652134
0.3302090051
0.2880729863
0.2965616016
0.3526154891
0.3236121564
0.2934064537
0.4621825002
0.2880729863
0.3519066479
0.8077422136
0.3720181596
0.2883524524
0.2946468233
0.6428701528
0.3181290796
0.5905574146
0.2876344482
0.9652492831
0.6078582648
0.4013329685
0.7648812575
0.2990027433
0.9303753875
0.8738666683
0.4032970504
0.3222027345
0.2868858486
0.4068997128
0.3383153843
0.6055809617
0.5644728718
0.3031645621
0.3559187113
0.4723256209
