0.6782886611
0.2857057322
0.3389628165
0.549786934
0.6970447636
0.4505318115
0.3809823781
0.665591565
0.7183482655
0.3497447162
0.3169109224
0.9242318927
0.3102081174
0.4976583375
0.8417669215
0.2866293811
0.5233530118
0.285732755
0.3156084775
0.4489258085
0.9634559469
0.3172151832
0.584711506
0.288787436
0.6184878631
0.3239212248
0.5328536724
0.514357828
0.6159947143
0.800355763
0.3569184093
0.755531007
0.446126926
0.8487579902
0.799003463
0.3022794525
0.3249280098
0.9150411197
0.346145107
0.4339168603
0.3415761023
0.3747796472
0.721144828
0.4227846021
0.9469214218
0.3075714979
0.7354370806
0.6818366011
0.2901555074
0.6575310653
0.9204826281
0.2858390937
1
0.353865664
0.7341657448
0.4231635682
0.6662619187
0.7258605288
0.2864256137
0.4776764584
0.3460084766
0.3303800717
0.8415905048
0.8371544137
0.303730633
0.3172151832
0.3622831329
0.7250047396
0.4281223997
0.7455436605
0.4315898951
0.4447331094
0.2923802163
0.9189069975
0.6203006452
0.2932711127
0.31093532
0.3460084766
0.4315898951
0.4955101432
0.2989437224
0.3039651345
0.33390458
0.8301367809
0.879987918
0.982618132
0.3838108947
0.9229484208
0.3762335537
0.4772567465
0.4323642026
0.5076023802
0.3648731755
0.2902343778
0.3042800743
0.43313986
0.31093532
0.4701591848
0.2913661095
0.6032964227
0.7482606474
0.3528608258
0.8085887276
0.2976348966
0.2891579291
0.8623475835
0.6525915316
0.3776969234
0.3986070233
0.4193901609
0.3746186893
0.988101955
0.2927201459
0.5797330499
0.3561863911
0.5324103866
0.5883349149
0.5531471641
0.2879106756
0.5277639295
0.9447338606
0.5946800441
0.4608796378
0.2857292682
0.3306192429
0.2934249335
0.2991457659
0.3876892789
0.2861292723
0.2876943745
0.3206529014
0.3077428129
0.4759990583
0.3344001957
0.2991457659
0.3142350768
0.5091241617
0.7018594156
0.9701255552
0.5328536724
0.6922129223
0.8351870051
0.3222701484
0.6539396347
0.3479335776
0.2872949985
0.9799172084
0.4588360897
0.2864578369
0.2868783579
0.3207596606
0.7815267004
0.2923323342
0.2858535616
0.4590401317
0.3609265628
0.5906005007
0.343840854
0.5437526219
0.2978269856
0.3870105629
0.2963926304
0.3723776914
0.2900773224
0.5944533601
0.7960945104
0.388369755
0.2899230096
0.9344996932
0.5047820572
0.2923802163
0.4797785981
0.6100998516
0.6406554897
0.3304995847
0.3011754184
0.2859455922
0.3698451624
0.5675377875
0.2867216685
0.4716145507
0.4329458195
0.3567717481
0.3583920771
0.7068736503
0.6184878631
0.9914495293
0.3482107436
0.6944112921
0.4271641667
0.5045654291
0.6691642249
0.832489037
0.4808318821
0.8828007006
0.9312354374
0.9006561212
0.7664114938
0.3937024111
0.2858059734
0.411586344
0.8458024962
0.8359035174
0.4130599559
0.6300362334
0.8253936592
0.4207067271
0.7362836686
0.2859550038
0.2869399804
0.5531471641
0.5749857994
0.2928683755
0.3914535056
0.8918157363
0.2877741903
0.2863480985
0.2871792873
0.4053927547
0.3033430457
0.326403498
0.9566427138
0.4856955562
0.9548531954
0.2857442612
0.2873186606
0.2857120085
0.6996731207
0.5158888705
0.5949067326
0.4705746858
0.8574828043
0.2908477338
0.6438129021
0.2859455922
0.2858687265
0.6462915746
0.7795311935
0.9882078587
0.2856961432
0.9067845078
0.5076023802
0.2860932019
0.3157077395
0.3497447162
0.3785139694
0.3411805717
0.6368176925
0.452142575
0.3136557986
0.3182393604
0.285782614
0.3051595157
0.4062964501
0.2857198539
0.7068736503
