0.7397987009
0.3142054006
0.6862546634
0.7457246951
0.4700501321
0.286896989
0.2877099756
0.2921962734
0.3186487212
0.2956702242
0.7198480602
0.8659669415
0.2900988983
0.5570452584
0.3888051096
0.3493938892
0.58739295
0.6283626508
0.3216780037
0.3304561865
0.2997971253
0.9311635965
0.4879471023
0.2868989148
0.7775637931
0.308691014
0.36049182
0.2872481151
0.3681066869
0.5597503163
0.2939981682
0.2881028675
0.7104957391
0.2868952382
0.612660501
0.3165359567
0.504293319
0.3169331175
0.3835801365
0.6496826157
0.9032720253
0.3282343982
0.7450916547
0.3150688036
0.9536890252
0.6040066621
0.9284957041
0.4926478016
0.5451387291
0.4159074772
0.3609398146
0.6627671443
0.6176695565
0.7163769985
0.2891190652
0.3008115767
0.3845829735
0.3543418175
0.6895845368
0.8308793173
0.6851431537
0.8412052049
0.4920052458
0.2878505791
0.5213553677
0.3061974976
0.8085373202
0.2871947386
0.3191618053
0.4473990429
0.8902266392
0.2899995054
0.2937040429
0.3305745934
0.9210336693
0.4864570466
0.3584164311
0.2908012628
0.9168414497
0.3330948721
0.296861757
0.4200207492
0.8724238297
0.4243689277
0.4398562741
0.7663466239
0.2994672923
0.2872155646
0.8538820248
0.7647003011
0.4540402621
0.3171326299
0.6131159273
0.5985418775
0.5121352191
0.9960608173
0.3657893579
0.5244445068
0.3117827476
0.9953352358
0.3481480846
0.7434013153
0.7185476716
0.374260654
0.9644328525
0.5284270694
0.3491160987
0.6010463765
0.3559303603
0.5996802363
0.378791266
0.9526230678
0.955059063
0.3506506039
0.5896669305
0.5073358907
0.4006349638
0.7751317679
0.6304083996
0.8234852073
0.401880545
0.5286486684
0.40331025
0.3250577325
0.959062179
0.490294141
0.451817396
0.8814643996
0.2898373109
0.3779754542
0.8646263959
0.397455486
0.8023569596
0.6537502614
0.7553727149
0.8284894086
0.2929040499
0.6505870321
0.2907279188
0.8578428394
0.7181138713
0.4369109578
0.3948320508
0.4096414583
0.6510391363
0.4619923098
0.3852537983
0.7897888431
0.7170286379
0.2985028223
0.2956702242
0.3017209539
0.5237819166
0.4692190103
0.2894358657
0.4483999651
0.2885726102
0.5268768841
0.4530287524
0.3015792296
0.2874482881
0.3741005659
0.8841540941
0.3020063848
0.2908012628
0.6697312331
0.4406448066
0.9337873128
0.8727514233
0.2969203522
0.3329734038
0.7410718504
0.3002658831
0.5119166
0.2869162472
0.2872706896
1
0.3988643958
0.287505321
0.3786278698
0.3365545452
0.6866990524
0.3402557323
0.323622748
0.5116980247
0.5092966206
0.3715554817
0.9066029546
0.6342704602
0.3064403004
0.8661341278
0.2890637211
0.6101555257
0.4185197645
0.2871364579
0.4096414583
0.6860324227
0.4202087904
0.2894061984
0.5016928193
0.3679513325
0.8031333556
0.3584164311
0.600818679
0.8374302063
0.5622326171
0.3786278698
0.2917762052
0.4481996265
0.3365545452
0.2875348855
0.4103728007
0.4347629359
0.6846983367
0.5215757692
0.2877440795
0.4274219719
0.7990451617
0.3127019036
0.473176081
0.3022944563
0.9595637463
0.5869382547
0.5583973977
0.3131674119
0.8656323142
0.9787381393
0.652620943
0.2976366196
0.30964161
0.2996646923
0.644703604
0.394658009
0.5656214253
0.2874208198
0.4226617111
0.3463679776
0.2872706896
0.628817324
0.7450916547
0.905305489
0.5565947224
0.2875805422
0.345283988
0.7817986765
0.2870533173
0.8146461577
0.9097422091
0.4343734794
0.5568199792
0.3079277093
0.7340478575
0.2870055293
0.3488388476
0.2901660249
0.28836189
