0.3495153132
0.6301276413
0.4564592846
0.5525548497
0.3527689746
0.3367074762
0.2857899026
0.5269570448
0.7883784833
0.3748340216
0.3362015581
0.2889616679
0.3287698586
0.9170506695
0.987326826
0.4453946063
0.8455759195
0.3974308203
0.7182370326
0.7006497182
0.2889616679
0.312559435
0.4068988835
0.8381671522
0.2857386393
0.2862476362
0.8401210588
0.6448080015
0.9421908113
0.2878700249
0.2926158907
0.2983242864
0.8899856446
0.2858735906
0.3767749515
0.8783822189
0.2861115294
0.9267776089
0.2873603458
0.5068072911
0.2910172381
0.4371015593
0.9223073855
0.4467902423
0.2857585173
0.3119037564
0.7327866321
0.8666099892
0.7100187628
0.6598687193
0.3219906938
0.5262948241
0.4872524077
0.3449703552
0.2857987949
0.8173702167
0.4341743018
0.8687402647
0.347569254
0.945201753
0.4256972901
0.7705871013
0.2859180462
0.5827588308
0.3533419427
0.9488857935
1
0.4806908384
0.3884261011
0.519032184
0.2869608933
0.299189167
0.3160523
0.6551575528
0.6920932949
0.3026995494
0.6400713737
0.4125664821
0.5902329517
0.2972983396
0.952346063
0.2857559018
0.9866025334
0.6389426493
0.5655914933
0.3253134739
0.4957966573
0.5333744604
0.2857778717
0.2874081967
0.3550733837
0.3036968456
0.5087629479
0.7385038432
0.4047303028
0.3186995489
0.53648238
0.7013056474
0.4181387418
0.4712667777
0.4821676907
0.2877891595
0.288572939
0.4351479872
0.4276092289
0.6181242765
0.3514874791
0.4520065403
0.3500761356
0.803934335
0.3660031739
0.4416256335
0.5507623668
0.5485239333
0.5229885859
0.7965988024
0.3248626746
0.304087738
0.5626637309
0.2954898263
0.3245261367
0.8726347528
0.8075648199
0.2858354091
0.6721597406
0.8047007357
0.7408228133
0.538706028
0.2901976041
0.4107280375
0.8273440082
0.8956697143
0.2898511225
0.3800470489
0.5714555456
0.3675522854
0.4166445559
0.9657436412
0.3182855317
0.9409425815
0.6752761146
0.3206994228
0.3660031739
0.2857491014
0.4023972768
0.285737593
0.3397902535
0.2857778717
0.7338480344
0.3031564211
0.5761991963
0.310072877
0.5046386333
0.3200619563
0.377262813
0.3580005646
0.3197452718
0.2863598497
0.6434553676
0.7058877179
0.2860257752
0.3323578622
0.693632975
0.9274062771
0.4493920498
0.2859598845
0.2868207319
0.5691988738
0.663675487
0.3438907396
0.2882090464
0.3036968456
0.6276382994
0.8322487237
0.2858667913
0.3071905708
0.4704351459
0.706758586
0.3493754403
0.3703713971
0.2865323205
0.2898134823
0.3193251545
0.5617635024
0.3937595308
0.3137013049
0.3464690329
0.6240154688
0.2982589179
0.8511257168
0.8621394187
0.2859180462
0.6296751226
0.2886360034
0.4698120914
0.6786090674
0.7642772951
0.3999039657
0.3191160094
0.3175668935
0.2860672591
0.5300515616
0.5210088388
0.4278009034
0.7648903692
0.6832642271
0.5273987019
0.3653869699
0.7550199543
0.5780078032
0.4683605471
0.8798012304
0.2998734891
0.2868014033
0.29158666
0.3766125639
0.4101783837
0.6670288142
0.3673968232
0.4766967809
0.598847888
0.3087412435
0.4374932586
0.4942953615
0.3066851964
0.9634139368
0.2858296555
0.2868797594
0.5037724589
0.8077551991
0.3372156538
0.7289557892
0.3493754403
0.4771161923
0.638039421
0.6262799959
0.4930105419
0.9773167965
0.3033100148
0.8008576958
0.3133181813
0.2862610539
0.3717956178
0.7560541261
0.8715040205
0.3759641813
0.2857942616
0.9858592702
0.4270347282
0.5893265581
0.4198267672
0.577329485
0.794457137
0.3201678215
0.302473315
0.806993261
