0.3802231149
0.2899291938
0.3150555653
0.3189231983
0.9313791047
0.2875767031
0.4030705813
0.4327485945
0.3124257899
0.4081203906
0.7693078616
0.726969921
0.3164166777
0.2913695255
0.7919137672
0.620450907
0.3174076379
0.6202230312
0.9959481137
0.295801042
0.3117877287
0.4165854206
0.3185156421
0.7001364991
0.2878899127
0.6682764236
0.2872749367
0.4588504747
0.3027243881
0.9164136732
0.746817559
0.6506771613
0.6680516247
0.2901480409
0.5221924512
0.2872828241
0.536614508
0.4083022028
0.4241101098
0.3256653479
0.3027970689
0.4152840381
0.2922455496
0.5448865801
0.6472794517
0.9414411942
0.9898371051
0.4545770939
0.4785620302
0.510553951
0.391490409
0.2872407573
0.9168271448
0.3357024576
0.2874321431
0.2874002487
0.9595900202
0.402891708
0.4465283335
0.8605675629
0.37390297
0.3067214259
0.5624453251
0.4154696634
0.3192304872
0.5308277329
0.5081536695
0.3991593003
0.3529017499
0.876394644
0.8620998392
0.3312029801
0.3358268133
0.3860457883
0.5274998338
0.6561053489
0.3708897335
0.7058581133
0.6698493429
0.3411784666
0.2873781672
0.9521289011
0.6286503464
0.7849330103
0.3107120542
0.2883825968
0.4354720606
0.3252193781
0.4994734214
0.43391375
0.3197457194
0.8802696399
0.2873781672
0.5259496065
0.4057659587
0.3222722446
0.305209682
0.4497331988
0.3090559929
0.2873781672
0.6359297367
0.8231510783
0.4521497304
0.6106489368
0.298918958
0.7589751729
0.7768608427
0.3017242037
0.3482840323
0.9731570781
0.9884798445
0.3763124944
0.3265644878
0.3389821788
0.510553951
0.6612969759
0.524401207
0.5862667351
0.7243795832
0.2872440876
0.6870660524
0.7472397272
0.3002848449
0.5142741017
0.7126468141
0.2873448685
0.3115166588
0.8731270071
0.3735837343
0.2914840726
0.3069654899
0.5837642515
0.666027374
0.3165150725
0.6817176525
0.5068467646
0.3420946243
0.2888896644
0.7790904985
0.743856682
0.9667032412
0.4749914289
0.2913695255
0.9293368226
0.3098332286
0.9371075344
0.3200567061
0.4878843351
0.6284227112
0.2896894921
0.4921583575
0.376474082
0.3634748402
0.2959648623
0.3355782456
0.8626090901
0.8353356288
0.8347889528
0.9109596038
0.4745725453
0.3772837961
0.4265872287
0.8448781715
0.8605675629
0.5283864844
0.2875141513
0.2873711571
1
0.4874581575
0.3529017499
0.78433104
0.3222722446
0.2908200936
0.7568918769
0.4604867904
0.3666836253
0.2875141513
0.8455893908
0.4693581306
0.7944864975
0.8952556197
0.3235684581
0.6801545212
0.296864305
0.3262261869
0.9609983002
0.4821503065
0.7707430097
0.4728995494
0.3116972129
0.5798993403
0.2872344471
0.5812630469
0.3673010721
0.2876219055
0.9409662011
0.4184526062
0.6234127986
0.4077570659
0.3063179007
0.4405735795
0.3300211855
0.2873781672
0.6615224516
0.6445587067
0.5556747826
0.7803035613
0.5375067583
0.2872354988
0.5263923437
0.4019988873
0.5778546157
0.2936682336
0.7271854937
0.3248864795
0.4197652328
0.349390017
0.290244433
0.4465283335
0.290441895
0.3734242969
0.2927147861
0.309399825
0.2894331117
0.2881191351
0.2906455899
0.3005533565
0.7256755485
0.5969704516
0.6165764086
0.287238128
0.4934448266
0.6131568909
0.4169581009
0.287238128
0.6195393745
0.8485978195
0.3708897335
0.5430945624
0.2877606501
0.8760694481
0.3223794265
0.3482840323
0.2872423348
0.8091086398
0.9472399853
0.432554702
0.3586927518
0.3069654899
0.3406580316
0.5014196932
0.6186277672
0.3830337416
0.8411234782
0.2878163512
0.2907148725
