-6.7140e+00,-2.5772e+00
-9.6181e+00, 1.3086e+01
-5.5381e+00,-1.3927e+01
 8.6658e+00, 1.1660e+01
-1.5601e+00,-5.0167e+00
 6.6835e-02, 3.2994e+00
 1.3505e+01, 3.6605e+00
-8.0775e+00, 6.8188e+00
 3.2620e-01,-1.2527e+01
-1.2374e+01,-9.3431e-01
 1.2044e+01,-8.7060e+00
-1.3367e+01, 7.8577e+00
 8.5836e+00,-5.3201e+00
 1.4584e+01, 9.1471e+00
-1.5656e+01, 1.6304e+00
-2.6731e+00, 1.3032e+01
-2.3986e+00, 6.7656e+00
-5.7036e+00, 5.4321e+00
-3.1763e+00,-9.3942e+00
 1.5725e+01, 5.4548e-01
-2.1771e+00,-1.4845e+01
 1.0064e+01,-1.3128e+01
 1.7261e+00,-5.2457e+00
 2.5901e-02, 1.5310e+01
-9.6067e-01,-1.0931e+01
 9.8538e+00,-6.6881e+00
 1.3188e+01,-1.0912e+01
 6.1498e+00, 4.0097e+00
-2.7618e+00,-6.9206e+00
 7.4206e+00, 1.3817e+01
-2.2859e+00, 1.0711e+01
 8.0341e+00,-1.3834e+00
-1.1587e+01,-3.8000e+00
 4.8939e+00, 1.9309e+00
 5.2240e+00,-1.5776e+01
 1.5331e+01,-3.1728e+00
 9.1332e+00,-8.3726e+00
 1.6446e+01, 4.6983e+00
 4.6103e+00,-3.8708e+00
 7.9750e+00,-1.3452e+01
 1.1930e+01,-6.7621e+00
 1.3641e+01, 6.7723e+00
 1.4942e+00,-1.7252e+01
 1.4032e+01,-1.4697e+00
 6.1412e+00,-1.3453e-02
-5.0845e+00, 1.5546e+01
-9.7586e+00,-2.4321e+00
 3.6351e+00,-1.4570e+01
-5.0672e+00,-9.5026e+00
-6.0136e+00, 9.7831e+00
-5.3103e+00,-7.9498e-01
 8.7170e+00,-2.7455e+00
-1.3388e+01, 2.7029e+00
 1.5360e+01, 3.6462e+00
-4.0721e+00,-1.5253e+01
 1.7980e+00, 1.4745e+01
-1.3783e+01, 1.0199e+01
-9.4980e+00, 2.1262e+00
 4.2135e-01, 1.1679e+01
-1.2006e+01,-1.1942e+01
 4.6335e+00, 2.9750e-01
-6.8881e+00, 1.2096e+01
-1.1625e+01,-1.0274e+01
 3.2236e+00,-1.6525e+00
 1.1160e+01,-5.3365e+00
 8.6936e+00,-1.1764e+01
-7.0132e-01, 7.8691e+00
 1.4504e+01,-6.6163e+00
-8.2328e+00,-1.3524e+01
-3.3476e+00, 1.6093e+01
 3.0141e+00, 1.3085e+01
-5.3598e+00, 7.5397e+00
-1.2212e+01, 6.1139e-01
-1.1333e+01,-7.5192e+00
-7.8694e+00, 4.6926e+00
 1.3847e+01, 5.1496e+00
-5.1935e+00, 2.4810e+00
-4.8774e-01,-7.3872e+00
-1.0957e+01,-1.3217e+01
 1.1651e+01, 8.3941e-01
-2.4467e+00, 3.6028e+00
-1.3034e+01,-5.5542e+00
-8.6726e+00, 1.4603e+01
 6.5540e+00, 7.4432e+00
 7.2297e+00,-1.0487e+01
 1.0453e+01,-9.7392e+00
 8.0637e+00, 5.9173e+00
 1.7428e+01,-8.7674e-01
 1.4679e+01, 1.9651e+00
-1.1913e+01, 1.1120e+01
 3.5584e+00,-8.8797e+00
 1.1356e+01, 1.0830e+01
 7.2825e+00, 1.1684e+00
-9.4205e+00, 9.6736e+00
 1.4121e+01,-8.8446e+00
 1.1807e+01,-1.6831e+00
-7.0431e+00,-4.2170e+00
-6.4681e+00, 1.3610e+00
-1.5429e+01, 5.3584e+00
 3.5449e+00, 9.6057e+00
 2.8657e+00, 3.1899e+00
-9.7380e+00,-6.3045e+00
-1.7399e+01, 6.3531e-01
 2.7201e+00, 6.1173e+00
-2.0027e-01,-5.8793e+00
-8.2301e+00,-2.5364e+00
 2.4818e-01, 6.1754e+00
 1.5211e-01, 1.5822e+00
-7.4827e+00,-6.4329e+00
-2.1824e+00, 1.2747e-01
-1.5554e+01, 3.5924e+00
 3.2732e+00,-6.9680e+00
-3.9123e+00, 1.1473e+01
 9.0733e-01,-1.0532e+01
 5.4159e+00,-1.0339e+01
 1.4610e+00,-1.4951e+01
-2.0540e+00,-1.2411e+01
-1.5598e+01,-3.0262e+00
-6.3896e+00,-1.0248e+01
 2.2768e+00, 1.1355e+01
-1.3998e+01, 4.6531e+00
-8.8526e+00,-6.9308e-01
-4.2418e+00, 3.8585e+00
 2.2609e+00,-1.1281e+01
 3.7911e+00, 1.6351e+01
 1.7043e+01,-2.6418e+00
 4.9684e+00,-6.2389e+00
-3.0802e+00,-4.7567e+00
 1.3852e+01,-4.6446e+00
-1.2028e+01, 5.8940e+00
 1.0361e+01, 3.9338e+00
 5.5982e+00, 8.8225e+00
-4.2079e+00, 1.3482e+01
-1.5575e+01,-4.6461e+00
-1.6998e+00,-9.0183e+00
-1.4277e+00, 1.4238e+01
-5.9416e+00,-5.8724e+00
 6.8407e+00,-3.3599e+00
 3.4865e+00, 7.4540e+00
-4.4114e+00,-1.2836e+01
 1.7276e+01, 8.2468e-01
 5.7308e+00,-1.6397e+00
-3.8771e+00, 7.2430e+00
 2.7500e+00,-1.5952e+01
 1.7045e+00, 1.6830e+01
-4.4442e+00,-3.5482e+00
-1.4665e+01,-8.8711e+00
-2.2804e+00,-2.2560e+00
-7.3266e+00,-8.7578e+00
-3.5797e+00, 1.7478e+00
 1.1381e+01, 8.3509e+00
 6.3962e+00, 1.5332e+01
-1.5243e+01, 7.7963e+00
 1.4614e+00,-8.1300e+00
-1.2468e+00, 9.5869e+00
-4.1343e+00,-1.0913e+01
-1.5924e-01,-1.6304e+01
-5.8967e+00, 1.4125e+01
-7.1875e+00,-1.4968e+01
 1.3811e+00, 7.7401e+00
-6.5075e+00, 3.3511e+00
 1.3555e+01, 5.8213e-01
-1.4058e+01, 6.2363e+00
 1.5633e+01, 6.9946e+00
-1.4152e+01,-7.2007e-01
-9.5166e+00, 4.4290e+00
-1.5678e+00, 5.3671e+00
 1.0277e+01,-3.5397e-01
 1.1366e+01, 2.6060e+00
 4.5619e+00,-1.2722e+01
-5.8920e+00,-1.1714e+01
 5.0716e+00, 1.2575e+01
-9.8584e+00, 6.5284e-01
-7.9003e+00, 8.9169e+00
 6.4635e+00,-8.7905e+00
-1.2304e+01,-8.6734e+00
 1.2883e+01, 9.4875e+00
 1.2390e+01,-4.1175e+00
-8.4867e+00,-1.1063e+01
-1.1737e+01, 4.1279e+00
-9.8758e+00,-1.2136e+01
 2.9798e+00,-3.4005e+00
-1.0625e+01,-7.3208e-01
 6.6198e+00,-6.4328e+00
-1.3072e+01,-2.6960e+00
 2.5600e-01,-2.3394e+00
 9.7026e+00, 7.0191e+00
-9.9923e+00,-1.0500e+01
 9.0197e+00, 8.4507e+00
-4.5609e-01,-5.7758e-01
 4.9046e+00, 5.8036e+00
-9.0738e+00,-8.7117e+00
-6.0266e-01,-1.3875e+01
-9.9226e+00, 6.0566e+00
-1.6983e+01,-2.2630e+00
 8.9533e+00, 1.3831e+01
-1.7061e+01, 3.7103e+00
 7.6069e-01, 9.8541e+00
 5.0016e+00,-7.7952e+00
-8.8632e+00,-4.5204e+00
 8.3155e+00, 4.2534e+00
-2.2480e+00,-1.7278e+01
 1.5856e+01,-1.6562e+00
 7.3496e+00, 9.2200e+00
-1.1428e+01, 8.0264e+00
-1.1029e+01, 2.0304e+00
-1.4426e+01,-6.1265e+00
-8.7806e-01, 1.2491e+01
-7.2368e-01, 1.7115e+01
 1.1238e+01, 1.3314e+01
-1.3605e+01,-1.0984e+01
-3.9714e+00,-1.7736e+00
 9.7773e+00, 1.4261e+00
 1.1355e+01,-1.1060e+01
 1.1762e+01, 5.5917e+00
 1.9492e+00, 9.2492e-01
 5.7640e+00,-4.9209e+00
 1.6492e+00,-1.3236e+00
 2.4128e+00,-1.3619e+01
 8.2850e+00, 1.5202e+01
 7.6157e+00, 2.7221e+00
 1.0604e+01,-2.5827e+00
 3.7993e+00, 1.4773e+01
-1.6069e+01,-6.3631e+00
-4.3091e+00,-7.5135e+00
 6.9186e+00, 1.1350e+01
 1.2733e+01, 1.1611e+01
 4.7674e+00, 1.0689e+01
 1.6333e+01,-4.3638e+00
-7.3095e+00, 4.1027e-02
 1.1764e+00,-3.5771e+00
-1.0280e+01, 1.1158e+01
-1.6960e+01,-3.8153e+00
 6.4674e+00,-1.2468e+01
 1.6068e+01,-6.1130e+00
-1.3882e+01, 1.0311e+00
 7.6417e+00,-1.5325e+01
-9.4872e+00, 7.8740e+00
-1.1584e+01, 1.3014e+01
-1.8587e-01,-8.9423e+00
-3.8457e+00, 9.7481e+00
 4.2172e+00, 3.8420e+00
-8.6499e+00, 1.1516e+01
-4.9750e+00, 9.1973e-01
 1.3310e+00, 4.7582e+00
-1.5768e+01, 3.3400e-03
 5.5094e+00,-1.4179e+01
 3.9703e+00,-1.6829e+01
 1.0046e+01, 9.9583e+00
-7.0826e-01,-3.7725e+00
-1.4146e+01,-3.7835e+00
-8.1986e+00, 1.2920e+00
-1.1227e+01,-5.4559e+00
 1.0116e+01,-4.0538e+00
 1.7053e+01, 3.1065e+00
 3.4234e-01, 1.3755e+01
