0.5718869251
0.6210485663
0.7171338779
0.6344020822
0.4629809315
0.3196287615
0.5018086416
0.3793755811
0.487873082
0.5628690186
0.289691393
0.9590806262
0.7628179211
0.4314439292
0.7814132789
0.288985008
0.5065723862
0.3090819708
0.4410176037
0.3387417664
0.4056178569
0.4582747305
0.6285215234
0.9406811773
0.8574079929
0.6940481419
0.5063553683
0.60132147
0.2881406706
0.7988977741
0.4347429584
0.2938220485
0.3659902891
0.2862509763
0.2876997225
0.49449227
0.8637720061
0.7121621583
0.2885942249
0.3121728299
0.3277074944
0.3486658022
0.3921866332
0.3568109481
0.427785843
0.3099720785
0.3851955399
0.2867721524
0.289294369
0.60132147
0.8295015394
0.7331855242
0.2938748497
0.5498473414
0.2958879208
0.4704185846
0.5462687763
0.3068422106
0.3635374331
0.8664150186
0.6395974086
0.3017191978
0.6069916839
0.8471153584
0.9781441492
0.6362099276
0.5245120113
0.8258510578
0.5133218602
0.3000714406
0.74896867
0.2895083499
0.3051930449
0.4253009836
0.3126427238
0.8951942929
0.7462534241
0.3840204828
0.3292291079
0.328993404
0.9462644568
0.40166872
0.5694044261
0.3112448183
0.3142696031
0.3316181548
0.7774143642
0.330895347
0.8509235887
0.4853247558
0.4249200169
0.2877259846
0.2862243159
0.7384778447
0.338355376
0.978357103
0.2916213891
0.4427971895
0.8094369478
0.9330397098
0.2890865795
0.2887865147
0.7316982795
0.5435892178
0.5696300322
0.8234620889
0.3833514882
0.6535621464
0.3744989924
0.4213186224
0.3291111829
0.2988426858
0.7576792612
0.3530427676
0.2906297009
0.7508432348
0.4364992569
0.285793441
0.7527134728
0.3475570181
0.9370904639
0.6427562109
0.2895446149
0.4171894918
0.28799812
0.4631863713
0.9152763428
0.2857371239
0.684567729
0.3292291079
0.6040431394
0.8584209005
0.3126427238
0.3297022664
0.2955372772
0.3815210629
0.662980842
0.4594989066
0.3163413093
0.2875964044
0.7838006151
0.2894005859
0.5514149576
0.6144753777
0.8693622018
0.9848838069
0.3643005433
0.9772823908
0.3006347124
0.4045359939
0.2871434869
0.9256071453
0.3120793216
0.5838701322
0.3680064487
0.3568109481
0.5322472664
0.2863645777
0.3113369116
0.5657969103
0.3002814326
0.7735925877
0.3140758663
0.2914424353
0.410896983
0.6519888493
0.9473500501
0.3879018489
0.7229415447
0.4392444665
0.4110804844
0.3097033809
0.2912662102
0.4779389117
0.8274975205
0.645912015
0.6124346491
0.5070065577
0.2860679943
0.4777289427
0.3089058546
0.6658881963
0.7950140399
0.2897285169
0.3228522292
0.8943040165
0.4785691775
0.2881118149
0.3354351195
0.560618908
0.750427037
0.5187944855
0.3121728299
0.3223055575
0.4435901658
0.3655279674
0.6522136634
0.4865979221
0.6321412015
0.3681623934
0.5766309743
0.9369730002
0.6078989115
0.3267834472
0.2861607105
0.2890525502
0.3738567413
0.2904664627
0.4904292881
0.2858635267
0.4509836042
0.3106955684
0.9910988932
0.4230205142
0.7810145086
0.5362413039
0.9867926739
0.3211161246
0.9459367526
0.3573984283
0.2860057707
0.3968895387
0.3756274677
0.2857842004
0.6450106767
0.4671024509
0.3319815094
0.6273898506
0.2858436523
0.2863497687
0.37273736
0.7021549819
0.3061748212
0.3606661111
0.8841386548
0.4974979488
0.3000017729
0.8907097624
0.2857275339
0.2860157059
0.4101639437
0.6474887172
0.8413298636
0.2859864229
0.8982839895
0.5135402733
0.3798689753
0.7008437246
1
0.285733811
0.3656819514
0.6785851775
0.5431430031
0.4181240215
0.2907123467
0.3591731637
