0.7219025006
0.2857472894
0.4283815738
0.7969968618
0.5251981206
0.6982501849
0.5309432918
0.4170225347
0.3470222176
0.993041479
0.2983278559
0.5263011213
0.640981767
0.2935226361
0.3400548571
0.5020483649
0.3575624852
0.2911495664
0.4430162125
0.783241578
0.3191198277
0.9030986552
0.8277191259
0.744403598
0.292141347
0.8411928678
0.3197490976
0.7246903693
0.913832594
0.9882571368
0.5116002059
0.6285511715
0.6916613573
0.7638774309
0.3872408833
0.5404935559
0.3906547229
0.2960201061
0.9658433462
0.2967435352
0.6929816078
0.3793934767
0.7276841903
0.321777823
0.6854844799
0.2879282449
0.5380450549
0.516626767
0.3154599529
0.5018323125
0.2864390643
0.8387110151
0.2865864382
0.4518103868
0.3127519249
0.4609520192
0.2943715432
0.2983278559
0.6314925038
0.9614907036
0.5451775415
0.7591574371
0.3184960454
0.3547877535
0.889238527
0.292141347
0.7034980803
0.7954411409
0.2935744254
0.3381144315
0.4951588631
0.2872933065
0.3522023195
0.3635545816
0.3992000591
0.4349582883
0.2920944775
0.3946341455
0.3694317512
0.2893080154
0.6497703331
0.840131111
0.7899626454
0.2857647263
0.3221031342
0.8971541099
0.6788391587
0.4679520016
0.2989906716
0.5712366458
0.870866396
0.4642364801
0.4483952057
0.2859294866
0.712628964
0.3830357336
0.774636988
0.3392749154
0.3055321363
0.4146047674
0.6706076157
0.3076198021
0.3886011687
0.3142844276
0.3474354121
0.7944666429
0.6290037952
0.3284221936
0.9613973929
0.5289519302
0.2928153657
0.8997832869
0.9807471984
0.3116288353
0.3130362239
1
0.3381144315
0.3002955972
0.8222092773
0.2888986133
0.3286564464
0.3413658802
0.9767451278
0.4689878619
0.6936412745
0.3115362654
0.4312709703
0.2857525205
0.3882604382
0.9101333239
0.3193289753
0.2900068692
0.2860095005
0.4041952388
0.3112595001
0.2866036823
0.5133460742
0.3132265385
0.2941016158
0.5619952556
0.3447037579
0.292141347
0.7589515424
0.2861499843
0.5664997187
0.6088348386
0.537377906
0.6439140133
0.8930044968
0.4373026005
0.5518890951
0.5590713558
0.3016599797
0.425130509
0.5164077679
0.2869850445
0.5658235996
0.3160560816
0.3071942464
0.3151639774
0.8429561183
0.5142200181
0.4450018711
0.3411025666
0.6699385821
0.4355432535
0.3468847555
0.9342873439
0.6945203498
0.9531791072
0.3882604382
0.8654672715
0.3942858656
0.2859214673
0.2860192619
0.287224389
0.9495347758
0.8780764146
0.6589799591
0.3090084088
0.5936398867
0.6049789216
0.7640819641
0.3758068746
0.761828949
0.8199865597
0.322320761
0.2874358213
0.6344320077
0.3163562315
0.7351289295
0.4374984933
0.285741012
0.6650254208
0.5694312856
0.5879742075
0.3743559105
0.2876612859
0.289631322
0.8443609828
0.780452697
0.3347014163
0.2876099706
0.5664997187
0.2896681042
0.9199722913
0.8138196881
0.3537772757
0.4314642809
0.6741718009
0.3800515962
0.2954933619
0.2861620096
0.378901094
0.5505450009
0.3400548571
0.8877161661
0.3313922718
0.646393075
0.2862644791
0.7201831816
0.7186764957
0.9403823456
0.429342558
0.3688047847
0.5766581747
0.2865357489
0.9073480094
0.2953208008
0.5316076836
0.5836712813
0.9329628042
0.2862780709
0.8388888027
0.4906657993
0.4002637141
0.2865864382
0.4406437979
0.4276143453
0.3669355605
0.3202776707
0.4696101537
0.2890323264
0.3572682175
0.4341794968
0.3774301822
0.3583003968
0.4025809515
0.6122367636
0.3677122695
0.2881832923
0.5311647225
0.2864866242
0.8621497344
0.5411619406
0.4708564685
