0.4587442553
0.9561171305
0.5244383215
0.520030907
0.4616086748
0.5855092452
0.6259723703
0.2891268324
0.2883278975
0.8215044243
0.3467443082
0.5312990025
0.5502688058
0.5825587667
0.3375137938
0.5047349198
0.7076260364
0.3356252
0.8222497417
0.4717392022
0.5685153459
0.9443488686
0.2912414013
0.5086476527
0.2912818963
0.309072995
0.4001244573
0.4253498995
0.2892177985
0.8063550938
0.3684152551
0.513887238
0.5843742508
0.3033872344
0.670221344
0.3839257112
0.3453842223
0.3718730475
0.3733044608
0.5224530866
0.8691770888
0.3243105477
0.3365025594
0.2982487194
0.602099848
0.9789975945
0.9067358761
0.6080133672
0.3077879985
0.9731210535
0.2931373646
0.445831234
0.5617416932
0.654270065
0.2927606923
0.3231011846
0.2874476357
0.2866730313
0.4943771778
1
0.3054862721
0.6760325307
0.8069313835
0.9160824349
0.9155365551
0.2901065122
0.3915607374
0.6711165163
0.8570916551
0.735243814
0.2906925127
0.286595756
0.90616431
0.30112442
0.2963669462
0.6933495913
0.9357802057
0.7548265839
0.3570791245
0.361678618
0.2916120345
0.2865296638
0.71936337
0.6655152097
0.3718730475
0.4240180792
0.4671710318
0.2994814923
0.9747484989
0.5220123416
0.8820823092
0.4524514834
0.3145708917
0.4918060823
0.286882091
0.8451062439
0.7445637665
0.465311429
0.7036879948
0.6495322356
0.2877771299
0.9156731704
0.4456319245
0.3709241883
0.3376408366
0.5527383123
0.8496679276
0.498894587
0.2888348678
0.362734157
0.7045641734
0.3088131106
0.5110459968
0.3974759101
0.3741038807
0.286680199
0.2877153276
0.6468214311
0.4554876617
0.3315838269
0.2881808198
0.3570791245
0.9068785307
0.708717736
0.9278234864
0.2868602437
0.3702940349
0.556785498
0.5823318771
0.6293781263
0.7846055821
0.3314638196
0.2900363645
0.3171289012
0.3791262806
0.2976240961
0.3792901666
0.288507389
0.2926682306
0.2865480233
0.3308659677
0.4412670382
0.2888066242
0.3323069221
0.7633142599
0.870328547
0.6652908446
0.2881808198
0.3147639229
0.8013345614
0.4247785818
0.6450129207
0.3361256927
0.6486289031
0.4816007221
0.7290500653
0.288253577
0.6811578518
0.6139265513
0.2866336953
0.4270686601
0.3278161477
0.3824259291
0.3145708917
0.3990622193
0.4424536522
0.4514431194
0.2909236251
0.3009838672
0.3014786916
0.3258759896
0.2910811387
0.3138050264
0.4383132142
0.7215236591
0.53641048
0.6715639499
0.3070343533
0.3431035045
0.8750537151
0.3325491146
0.2868710801
0.9764880625
0.3385340963
0.7481385817
0.6341426014
0.5764367417
0.3324279459
0.3250896037
0.2900363645
0.4051305626
0.7895748511
0.3844276803
0.3934609114
0.8493189638
0.2891873034
0.6200650209
0.4206137348
0.3874607444
0.2873099998
0.5628694748
0.7818054814
0.5880070205
0.3621302337
0.5880070205
0.5417619786
0.604829099
0.6055114373
0.4675850098
0.4997575749
0.3275856691
0.7631083614
0.4563000845
0.2867892796
0.8101851505
0.3606292855
0.999357751
0.8445764064
0.2915701668
0.5366331062
0.3948510407
0.3135204134
0.7217394508
0.6809353258
0.2882781768
0.9459296423
0.981527778
0.7339655968
0.2881808198
0.9351734401
0.2946469024
0.5344082768
0.8069313835
0.3932876284
0.3174308076
0.5581361762
0.5215717506
0.2866057218
0.37635806
0.4811783556
0.768851848
0.3419122057
0.4767579324
0.2876158051
0.8859992185
0.8122796872
0.2934270283
0.3157384438
0.445831234
0.9505499768
0.3702940349
0.3226659373
0.3179370743
0.8812922286
0.3179370743
0.2869278809
