0.514505072
0.5462527354
0.9236051538
0.4158420632
0.9228044706
0.3010962833
0.3963496522
0.2934737707
0.3332739172
0.7880884836
0.4953854964
0.4483295519
0.3402926091
0.7942503238
0.5415475172
0.6670017633
0.4611035762
0.2981832414
0.7094660979
0.3133051684
0.3069404091
0.6624961564
0.5604379178
0.3107629586
0.8745035295
0.3458474894
0.3153897146
0.2882662264
0.6498367284
0.9080825252
0.4317803652
0.4559994846
0.2874618221
0.5359633758
0.8017174759
0.791872471
0.5175794635
0.5826613579
0.2892430201
0.4225938611
0.5053336974
0.3367271236
0.9232052543
0.3032255642
0.28833874
0.3570937631
0.7878886856
0.9262484967
0.5279584517
0.3116565668
0.3970501669
0.2899681757
0.5390880901
0.8582121073
0.2885121149
0.6842554113
0.6588854212
0.552995459
0.8544073394
0.5972385624
0.3785923079
0.3255882247
0.8646893015
0.3789188136
0.4214601689
0.3705843271
0.3242605566
0.407214424
0.2874504249
0.2998904477
0.4923793952
0.9815477668
0.6273383518
0.3413316963
0.3128420658
0.9298826544
0.4409688637
0.7407933374
0.2956641289
0.7166752715
0.2909507064
0.3597408878
0.5395349827
0.7068340049
0.2988012896
0.334126598
0.4600791762
1
0.9943965392
0.7981923956
0.8457913959
0.4654251528
0.4030726544
0.9690786204
0.3233875298
0.8159756553
0.4222155955
0.2975228123
0.3492695016
0.4756240806
0.63394062
0.8270635761
0.2898785075
0.8790558338
0.3183545139
0.6152569103
0.7214566782
0.2886145457
0.9888607767
0.5629240437
0.9399533797
0.2878763948
0.3077616203
0.3218831196
0.747152969
0.8201398715
0.3896102511
0.9658168613
0.3899518113
0.287974528
0.359149011
0.684478408
0.6312095824
0.6307542746
0.3055816476
0.7547235615
0.2880041407
0.9367929968
0.293022111
0.7796428241
0.7469417134
0.5924519749
0.2874618221
0.2875870058
0.5554734872
0.290278352
0.4487304971
0.287974528
0.2876334625
0.5077279363
0.628477202
0.2904399444
0.943748448
0.3335168144
0.5620197102
0.3181525023
0.2897613816
0.4123282469
0.3701134473
0.3091947958
0.3422482655
0.4372320528
0.2874039574
0.873683426
0.2938001256
0.3008236561
0.799173765
0.2923768026
0.5685831268
0.2957715249
0.3331526867
0.2885525635
0.5772053051
0.4949554149
0.3329106621
0.3152933102
0.7059554268
0.4611035762
0.4376239938
0.5604379178
0.5667709562
0.4237308566
0.2915003851
0.498186118
0.9146043862
0.4895975139
0.2873967678
0.2895909058
0.434497872
0.3914942974
0.9265106587
0.3704272448
0.291770197
0.3698001399
0.7244886708
0.3704272448
0.4315869035
0.2873872986
0.3359776395
0.3802295174
0.3128420658
0.2891170506
0.4041479168
0.7247049159
0.2965986187
0.2873634495
0.4123282469
0.3061354373
0.9882886127
0.3230626463
0.326824271
0.2943299005
0.3650071154
0.5255216966
0.7418563972
0.6875971995
0.3737515179
0.3536301235
0.3321880863
0.8140713299
0.3624297648
0.2947281681
0.2938474323
0.2885322519
0.6013430819
0.8237079012
0.8263199516
0.866037461
0.2893469298
0.2876532715
0.632347687
0.3066164687
0.2910575314
0.4393918411
0.7092469675
0.3283083701
0.6640741361
0.6246043422
0.4427492449
0.642351183
0.5009953927
0.4515457137
0.3485782889
0.4764634818
0.607045334
0.8112015201
0.8971712637
0.480675322
0.9663853908
0.3176501884
0.5617936777
0.5217648118
0.6964739114
0.2876050629
0.2873750234
0.4756240806
0.3087684338
0.2874560359
0.3374817635
0.3053467575
0.3178506482
0.5390880901
0.2895909058
0.8731903235
0.6705995733
0.6642994737
