0.3915308928
0.3172222364
0.3064302712
0.8637575323
0.3092835716
0.5742053053
0.4534182939
0.82084228
0.4059952579
0.5158414617
0.6964203854
0.4029390202
0.5570270273
0.2943394308
0.2924469782
0.4304835811
0.3040682158
0.3510604324
0.436309849
0.3874337382
0.2883075418
0.5257534944
0.5242064487
0.3318758621
0.7376487195
0.3162293692
0.2868858486
0.5062316364
0.3246028663
0.2877871251
0.3048392681
0.3322367682
0.2874959115
0.611501886
0.3412864443
0.2922296596
0.8256889882
0.7520049244
0.6564372212
0.6322055141
0.7799615226
0.9278236417
0.6928845393
0.3251585261
0.3016401366
0.3244921851
0.8117650886
0.8136698066
0.2924909562
0.7165708002
0.9022188574
0.6126404497
0.8738666683
0.877755878
0.3867570894
0.3827350429
0.2965040194
0.9524847211
0.4754619995
0.2869042309
0.6108187273
0.9249707888
0.3820710691
0.5379690921
0.756598088
0.708943025
0.9428786528
0.3001885938
0.3794335987
0.45931452
0.3158365795
0.4928459636
0.5828286124
0.6931057817
0.2936460078
0.5728454998
0.4293276051
0.2918492932
0.2923595365
0.8321336461
0.3010090973
0.2888138163
0.8321336461
0.5536503462
0.3362926871
0.8132894316
0.4481849577
0.3942973425
0.3131571625
0.3052309163
0.291403296
0.3004594392
0.5735253361
0.7003876646
0.3045288863
0.4748335887
0.9317618114
0.3452726875
0.289426393
0.3292694172
0.3254937224
0.9625825523
0.9471055268
0.7461220469
0.3498001363
0.8640940123
0.6973029828
0.5253112945
0.3566459853
0.6822273722
0.319254435
0.3279928907
0.2888138163
0.5853279482
0.9901677998
0.7222044813
0.2873332045
0.4445922511
0.6871208287
0.5581537184
0.8754932885
0.3557736481
0.6806673469
0.4145947295
0.3120466183
0.9897045149
0.4704506875
0.7137433793
0.5735253361
0.5857825011
0.5248692437
0.2940879477
0.2883075418
0.9046967725
0.2907549884
0.4109088901
0.365623896
0.3302090051
0.8069724549
0.7429539098
0.4779812295
0.5335152137
0.2874959115
0.4243550388
0.2872499134
0.6342497017
0.4289429779
0.2877175235
0.528852994
0.2887114697
0.5036260604
0.2943394308
0.2885151225
0.4239750356
0.3189456708
0.6062641481
0.3054678605
0.5047108887
0.3262810858
0.37488993
0.6877869715
0.9010434038
0.6541804482
0.3601820075
0.4359190602
0.3575230094
0.2880729863
0.6067196087
0.3819053622
0.8370414931
1
0.2869900094
0.9984138621
0.2900229712
0.2900229712
0.2875711302
0.4322233947
0.566733414
0.6342497017
0.5081902372
0.3707543472
0.6806673469
0.4719085179
0.7189577726
0.2872276893
0.534182467
0.7917444928
0.8886535777
0.3098063885
0.2969693963
0.2992615982
0.3386986862
0.4969274107
0.3128773929
0.6069473396
0.9126658405
0.2871363364
0.3737685153
0.9681034285
0.5742053053
0.3822368906
0.3915308928
0.7759180154
0.9761207437
0.4134849175
0.2905737909
0.7247948416
0.4002669159
0.3800901899
0.2874528761
0.2877175235
0.4866538146
0.4685810222
0.9834467517
0.3034631559
0.2869427449
0.2872168395
0.9536578126
0.4194434538
0.2869157853
0.4335813916
0.3822368906
0.3199802643
0.7126540804
0.6541804482
0.2874813917
0.4988672419
0.8184003005
0.3078336275
0.3723353226
0.7482277563
0.8473918184
0.566959568
0.8989719894
0.6156004379
0.6866765779
0.2880934384
0.3724940851
0.3986748657
0.6519217962
0.2874250594
0.2873979414
0.7499085944
0.2872964595
0.5930598989
0.3354192414
0.4217026416
0.3244921851
0.8720673477
0.2918908695
0.8033009924
0.2890268498
0.64083016
0.8952278064
0.8130991373
0.5404240956
