0.2916540736
0.5630950892
0.6619226175
0.8274337113
0.4828692296
0.2894044026
0.2894044026
0.3060498208
0.393114453
0.4630460002
0.7154641597
0.8545192209
0.7610462663
0.3306278476
0.3155422927
0.3113854604
0.4247785818
0.8413823547
0.3377680209
0.7375827236
0.7249710763
0.445432693
0.6323281006
0.2868287826
0.3068686493
0.9379435661
0.7816050045
0.3547537092
0.2881096263
0.7986120902
0.4907370582
0.3309852466
0.3149575792
0.292440065
0.3112037628
0.9243440041
0.513887238
0.9976193507
0.8774689962
0.499973446
0.5426555601
0.3050095591
0.9827761239
0.8752153469
0.6350495856
0.3945028657
0.4595612565
0.7587714858
0.5563354471
0.6793768326
0.8381627383
0.3175317521
0.3985325071
0.4289867767
0.4807562253
0.372667077
0.2998832712
0.2905792791
0.4071189911
0.2947529706
0.3113854604
0.7320450716
0.7556587291
0.2897292416
0.458540182
0.2870959873
0.5023512655
0.5060375024
0.6926870879
0.5773431512
0.4129715528
0.6389021326
0.5762101719
0.856236243
0.6997378891
0.2907688621
0.3235388458
0.3375137938
0.5019184965
0.5565604615
0.381265819
0.8889384804
0.9078744542
0.3167285257
0.980243479
0.667085106
0.4392957901
0.3257632009
0.2866219815
0.9280783451
0.5397531288
0.3939814058
0.5457866558
0.3445747292
0.5748510352
0.5861903524
0.314860673
0.5001893665
0.3223410885
0.3330352368
0.2950211045
0.4365497534
0.920393463
0.3250896037
0.9631092893
1
0.8151219976
0.4223122233
0.4223122233
0.3167285257
0.2879054327
0.4151918638
0.942286742
0.3285111291
0.3195829909
0.5097371417
0.7510712682
0.4657242053
0.3441718343
0.2872453655
0.4168660845
0.6036918868
0.7413972905
0.2867106172
0.7039070955
0.3180387905
0.4788595846
0.5442204251
0.3246435297
0.6906977851
0.2865534436
0.6984185837
0.3461986383
0.786200089
0.8787490625
0.5836933692
0.6463693991
0.3233197138
0.5615161958
0.5049519
0.5095191544
0.3175317521
0.71936337
0.4504366258
0.2867352656
0.420990536
0.2915701668
0.9918731542
0.2870682051
0.4369410555
0.2923949445
0.8246638492
0.6418456653
0.2865663824
0.8190740247
0.3575188414
0.4338199818
0.8529668651
0.4969557976
0.6116523962
0.2869397649
0.4027963345
0.2959075353
0.3647108018
0.3407321594
0.7464581692
0.5213515131
0.7290500653
0.3936343021
0.5764367417
0.2903574606
0.5705504972
0.3249778607
0.8519282745
0.2928071793
0.2910020381
0.8385217275
0.2877563551
0.7704844826
0.8541748278
0.2868287826
0.6182465503
0.3578126323
0.618928515
0.2872773339
0.2881569149
0.3245323857
0.2906168515
0.288039997
0.951302158
0.2975011798
0.4943771778
0.3002910253
0.2886408035
0.4408721421
0.287558181
0.3183448635
0.2871536454
0.355621832
0.3439039252
0.3301533608
0.6148361355
0.4040510963
0.286849582
0.2878619692
0.3867835979
0.6264265808
0.441859985
0.9467124255
0.2865296638
0.4698665966
0.361378174
0.8790681972
0.3537468578
0.465311429
0.9054477216
0.3802759155
0.4287945709
0.2911609265
0.4782284514
0.3832580048
0.2926682306
0.3002226517
0.6225648329
0.3657838987
0.564674921
0.3660916166
0.7292642947
0.2867268748
0.6300590363
0.3103047976
0.7591855832
0.7426652407
0.2976240961
0.5513909414
0.2867988933
0.828353246
0.8936637156
0.2865345597
0.5959603411
0.3912166605
0.9534229634
0.6856021346
0.3752280687
0.2867705761
0.7600131114
0.3274706518
0.5244383215
0.4051305626
0.3939814058
0.7641372856
0.3905298143
0.9022667097
0.3033872344
0.3285111291
0.2873099998
