-1.4935e+01,-8.6075e-01
 1.0949e+01,-2.9857e+00
 9.5732e+00, 1.5649e+00
-9.5217e+00,-1.0759e+01
 1.1341e+01,-5.4123e+00
 5.8429e-01,-1.4801e+01
 1.2835e+01, 6.6392e+00
 5.4271e+00, 3.5083e+00
-1.0319e+01,-1.4005e+01
-1.1070e+01, 1.1570e+01
 3.2454e+00, 1.6021e+01
 2.3460e+00,-1.6072e+01
 1.3246e+01,-8.2826e+00
-1.0094e+01, 1.3927e+00
-7.4212e+00, 1.1459e+01
 5.2298e+00, 1.1738e+01
-8.5001e+00, 8.7837e+00
-2.4739e+00, 1.7641e+00
-1.6812e+01, 1.7098e+00
 8.2532e-01, 1.1157e+01
-9.4716e+00,-8.5385e+00
 2.3070e+00,-6.2176e+00
 1.0618e+01,-1.2900e+01
 6.3794e+00, 1.3673e+01
-7.1950e+00,-1.0375e+00
-7.0057e+00,-4.9166e+00
 8.4602e+00,-1.4634e+01
-8.1267e-01,-8.4806e+00
-1.2928e+01, 7.7959e-01
-1.1121e+01,-3.9578e+00
 7.8641e+00, 1.1886e+01
 6.9576e+00, 1.6955e+00
 6.4753e+00, 1.5436e+01
 4.8952e+00,-1.0985e+01
 6.1626e+00, 9.9561e+00
-3.5405e+00,-5.5219e+00
 1.3183e+01, 8.9453e+00
-1.5817e+01,-6.1783e+00
 6.0365e-01,-4.5264e+00
 1.4436e+01, 3.0112e+00
-1.1002e+00,-1.1239e+01
-1.7084e+00,-1.3187e+01
-2.4088e+00, 1.0016e+01
-3.2567e+00, 4.5289e+00
 2.4182e+00, 8.3712e+00
-4.4482e+00,-6.9989e-01
-1.2482e+01, 1.0034e+01
 8.1594e-01,-6.4168e+00
-2.8528e-01, 2.2177e-01
 2.6380e+00,-7.8929e+00
-5.8910e+00, 5.2911e+00
-8.1926e+00,-2.3521e+00
 1.2255e+01,-2.2359e+00
 2.3491e+00, 1.6833e+00
 1.1236e+01,-1.0467e+01
-6.7422e+00, 1.4196e+01
 2.1457e+00, 1.2685e+01
 1.2033e+01, 7.7699e-01
 3.8570e+00, 4.4014e+00
 8.5717e+00, 4.5441e+00
-7.4165e+00,-1.3993e+01
-1.0318e+01, 9.4023e+00
-6.1834e-01, 2.5263e+00
 4.2857e+00, 5.7640e-01
-7.4768e+00,-1.2446e+01
-1.0833e+01, 5.8234e+00
 2.6597e+00, 6.6139e+00
-6.1151e-01, 1.2354e+01
-8.9875e+00, 6.3637e+00
-5.0137e+00, 1.5466e+01
-1.3965e+01, 5.1098e+00
 1.4882e+01, 6.6943e+00
-1.3609e+01,-2.0979e+00
-1.4707e+01,-7.2992e+00
-2.4327e+00,-6.8663e+00
-9.4260e+00,-1.2352e+01
-5.3859e+00,-1.1588e+01
 1.4492e+01, 4.5431e+00
-6.8164e+00,-8.2758e+00
-1.6849e+00,-2.7921e+00
 8.2825e+00, 9.7674e+00
 1.0455e+01, 1.0013e+01
 1.4710e+01,-4.5903e+00
-8.4364e+00,-6.2846e+00
 4.7865e+00, 1.6068e+01
 4.3448e+00, 1.3683e+01
 2.5245e+00, 9.8798e+00
 1.0618e+01,-7.0198e+00
 1.0655e+01,-8.8548e+00
-5.6584e+00,-6.2109e+00
 1.7184e+01,-6.2097e-01
 3.8560e+00,-1.2108e+01
-1.2793e+01,-4.7950e+00
 1.2928e+01, 2.6642e+00
 1.7332e-01, 7.9623e+00
 8.7088e+00,-1.3404e+00
 4.4088e-01,-1.0199e+01
-1.2905e+01, 7.4951e+00
 1.3207e+01,-4.4339e+00
 1.1814e+01, 4.1100e+00
-2.6104e+00, 1.6498e+01
-4.1128e-01,-1.7415e+01
-1.3020e+01,-6.7110e+00
 1.9074e+00,-1.6967e+00
 8.6231e+00,-6.5616e+00
 3.8870e+00,-1.5849e+01
 4.2564e+00,-2.7780e+00
-4.5928e+00,-1.6819e+01
-1.6686e+01, 5.0349e+00
 6.6997e+00, 7.2079e+00
 8.7500e+00,-8.4386e+00
 1.4065e+01,-7.7114e-01
-1.0519e+01,-2.0934e+00
-1.0620e+01, 3.4950e+00
-2.6710e+00, 1.3307e+01
-6.0057e+00, 2.0021e+00
 1.4491e+01,-9.3026e+00
 1.5429e+01, 1.0692e-01
-3.1226e+00,-1.6019e+01
 5.6244e+00,-6.4603e+00
-2.6745e+00,-9.7042e+00
 1.1192e+00, 1.5412e+01
-1.4423e+00, 1.4314e+01
-5.1953e+00, 8.0474e+00
 2.9562e+00,-1.4550e+01
 5.4274e+00, 8.3532e+00
 7.4906e+00,-3.0856e-01
-6.1651e+00,-1.6245e+01
 1.3008e+01,-1.1438e+01
 6.5985e+00,-1.3449e+01
 1.6720e+01,-3.7317e+00
 1.6035e+01,-6.7913e+00
-6.6156e+00, 6.9693e+00
-1.1706e+01,-1.0023e+01
 1.1162e+01,-4.6538e-01
-6.1601e+00,-3.2527e+00
 1.6343e+01, 2.8094e+00
 5.5010e-01, 5.5560e+00
-1.2943e+01,-1.1595e+01
-1.3680e+01,-9.3512e+00
-1.4247e+00,-5.4801e+00
 8.7264e+00, 1.3855e+01
 4.4390e+00,-1.3922e+01
-1.5443e+01, 8.0919e+00
-9.0754e+00,-2.6163e-01
 1.8006e+00,-1.1938e+01
 4.3125e+00,-5.0155e+00
 8.5945e+00, 2.8987e+00
-1.8280e+00, 6.9195e+00
-1.2301e+01, 4.0229e+00
-1.7293e-01,-1.4730e+00
 4.8650e+00, 6.3491e+00
-1.4157e+01,-4.1164e+00
-8.1082e+00, 1.4911e+01
 1.5795e+01,-2.1729e+00
-1.4302e+01, 2.8903e+00
-4.7598e+00, 1.1936e+01
 1.3958e+01,-6.6173e+00
 1.0658e+01, 5.6272e+00
 2.4103e+00, 1.4405e+01
-4.6522e+00, 1.1988e+00
 4.3060e+00,-9.4198e+00
 9.4780e+00, 1.1949e+01
-4.0408e+00,-1.4328e+01
 7.8674e+00,-2.8915e+00
 7.0925e+00,-5.9393e+00
-1.3721e+00, 4.4736e+00
-7.5592e+00, 2.1092e+00
-4.9298e+00,-9.6550e+00
-1.1369e+01,-8.4846e+00
-1.1344e+01, 1.3215e+01
-3.6556e-01, 1.6112e+01
-5.8621e+00, 1.7394e-02
-1.6014e+01,-4.4529e+00
-7.0373e+00,-1.0515e+01
-7.1739e+00, 3.7595e+00
-4.2714e+00,-3.9172e+00
 5.9582e+00, 4.9914e+00
-1.0129e+01,-6.0495e+00
 4.4508e+00, 1.0353e+01
-1.4362e+01, 9.8079e+00
 1.5492e-01, 1.3685e+01
-3.9220e+00,-1.2720e+01
 1.7820e+00,-9.3188e+00
 8.2921e+00,-4.7913e+00
 7.6076e+00, 5.9009e+00
-9.4931e+00, 1.3793e+01
-4.7485e+00,-7.7037e+00
-3.9605e+00, 6.5899e+00
-8.3874e+00, 1.2738e+01
 1.0267e+01, 1.3389e+01
-4.4233e+00,-2.3525e+00
-7.3656e-02,-1.2930e+01
-1.2733e+00,-1.5840e+01
 1.4840e+00,-1.3599e+01
 1.2797e+01, 1.0539e+01
-1.1806e+01,-8.4969e-01
 1.1663e+00, 2.7296e+00
 6.5817e+00,-1.6109e+01
 1.3869e+01,-3.0798e+00
 1.4017e+01, 1.5446e+00
 1.7124e+01, 1.1565e+00
 2.8065e+00,-1.0735e+01
-5.4888e+00, 9.5729e+00
 9.7702e+00,-1.1456e+01
 3.2278e+00,-5.0211e-01
 6.4198e+00,-7.7656e+00
-2.0950e+00,-1.2849e+00
-1.7006e+01,-1.5169e+00
-5.6735e+00,-1.4478e+01
 8.0313e+00,-1.2719e+01
-3.1653e+00, 2.0078e-01
-4.7478e+00, 3.5764e+00
-4.8048e-01, 9.5499e+00
 8.8634e+00, 7.4675e+00
-3.6001e+00, 8.8067e+00
 6.8507e+00,-1.0164e+01
 3.1651e+00,-3.8264e+00
-1.5722e+01, 6.5770e+00
 6.1743e+00,-3.2785e+00
-1.5762e+01,-2.6637e+00
 1.8245e+00, 4.2895e+00
 7.1204e-01,-2.7059e+00
 5.1145e+00,-8.4339e-01
-6.8466e+00, 8.7782e+00
 9.8019e+00,-4.1323e+00
-1.4865e+01, 1.1014e+00
-1.7047e+01, 3.2076e+00
-2.3171e+00, 1.1571e+01
-1.1396e+01,-1.2257e+01
 1.2300e+01, 1.2087e+01
-9.5599e+00, 1.1231e+01
-1.2469e+01, 6.0331e+00
-8.6446e+00,-4.6945e+00
-6.5359e+00, 1.5821e+01
 3.7069e+00, 2.4684e+00
-2.6329e+00,-1.1605e+01
 4.1270e+00,-7.5216e+00
 3.6159e+00, 1.1998e+01
 1.2313e+01,-6.6090e+00
 1.4411e+00, 3.4315e-01
-1.7230e+01, 1.9850e-01
 1.1152e+01, 7.9878e+00
-1.1976e+01,-2.6415e+00
-1.0535e+01, 7.8014e+00
-1.1635e+01,-5.7570e+00
-1.2291e+01, 2.3495e+00
 1.0075e+01, 4.2272e+00
 6.3196e+00,-1.1948e+01
 1.2859e+00, 1.7386e+01
 1.5067e+01, 8.7265e+00
-5.1366e+00, 1.3607e+01
 1.1210e+01, 2.1695e+00
 5.8788e+00, 4.8680e-01
 8.4417e+00,-1.0708e+01
-9.0314e+00, 4.6549e+00
