 9.2233e+00, 1.2653e+00
-2.0834e+00,-1.4877e+01
-1.7109e+00, 1.4400e+01
-1.0317e+01,-5.2970e+00
 1.3277e+01,-9.1626e+00
 4.9832e+00,-2.4780e+00
 2.4722e+00, 5.8784e+00
-6.0164e+00,-2.6724e+00
-4.7039e+00, 6.7998e+00
 8.8273e+00,-4.2093e+00
-1.0954e+01,-9.0660e+00
 3.9792e+00,-6.8681e+00
-1.4625e+00,-9.7999e+00
-1.3353e+00,-7.2856e+00
-7.0143e+00,-8.6883e+00
-4.9025e+00,-7.0068e+00
 1.2497e+01,-2.5944e+00
 6.7173e+00,-1.1614e+01
 6.7911e+00, 3.1606e+00
 4.3622e+00,-9.9568e+00
-9.3870e+00, 1.2719e+01
-1.4498e+01, 7.3533e+00
 1.2216e+00,-1.3416e+01
-1.3950e+01,-6.9552e-01
 3.6044e-01, 2.9809e+00
-2.3486e+00, 6.7475e+00
 5.2152e+00, 1.1188e+01
-1.6576e+01, 3.6549e+00
 2.2586e+00,-1.4813e+01
-4.6287e+00, 1.0542e+01
 1.1156e+01, 6.7959e+00
 8.9182e-01, 8.8722e+00
 6.5217e+00,-9.6478e+00
 3.8051e+00, 7.9370e+00
 5.0711e+00, 4.6843e+00
-1.0412e+01, 6.4211e+00
-5.0149e+00,-5.1503e+00
-6.8824e+00, 3.0003e+00
-8.4882e+00,-1.6577e+00
-4.0232e+00, 1.3895e+00
 1.1704e+01, 8.8042e+00
-7.6838e+00, 8.4977e+00
-1.4536e+01,-2.4198e+00
 1.0327e+00,-2.9833e+00
-4.2489e+00,-1.1966e+01
 2.7267e+00, 1.3192e+01
 1.6521e+01, 5.1336e+00
 4.7409e+00,-1.4074e+01
 1.7285e+01, 1.2436e+00
 6.1911e+00,-4.9448e-01
-3.8031e+00,-8.7218e+00
-7.4707e+00,-1.4225e+01
-1.7846e+00, 1.8213e+00
-1.3679e+01, 4.0280e+00
-2.8794e+00, 1.0291e+01
-5.0008e+00,-1.4269e+01
 6.3350e-01, 7.2656e+00
-9.2855e+00, 3.8806e+00
 1.0509e+01, 1.3141e+01
-8.9388e+00,-1.4662e+01
-1.2183e+01,-5.1518e+00
 4.1795e+00,-5.5376e-02
 4.2746e+00,-1.2636e+01
 6.0250e+00, 7.9633e+00
 1.5816e+01,-1.3628e+00
 3.0360e+00,-3.5121e+00
 4.2694e+00, 6.2437e+00
 7.6196e+00,-2.2174e+00
 7.4393e+00, 1.1568e+01
-4.1296e+00,-4.2345e-01
 1.1035e+01,-7.1307e+00
-1.5776e+01, 5.1223e+00
-9.1240e+00,-1.1878e+01
 4.7096e+00,-1.5886e+01
-1.0349e+01, 1.1334e+01
-1.2016e+01,-1.0248e+01
 1.9700e+00, 7.3650e-02
 1.2842e+01,-5.8543e+00
-9.7892e+00, 8.3423e+00
-1.7661e+00,-3.0048e+00
 5.6972e+00,-7.1834e+00
-4.5577e+00, 1.3105e+01
 3.1376e+00,-1.1234e+01
-1.9528e+00, 8.7088e+00
-1.6772e+01,-1.6209e+00
-1.4201e+01,-5.1026e+00
-1.0102e+01,-1.5468e+00
-3.1586e-01, 1.1394e+01
 1.3306e-02, 1.3637e+01
 8.6093e+00, 6.7429e+00
-2.6159e+00,-5.9421e+00
 8.5935e+00,-1.3707e+01
-1.0997e+01, 4.5210e+00
 7.6844e+00, 1.2017e+00
 1.2897e+00, 1.0430e+01
 1.0777e+01, 5.2821e+00
 5.0542e+00, 1.6975e+00
-1.2474e+01,-2.3201e+00
-3.3343e+00,-4.4859e+00
-1.1339e+00,-1.7286e+01
-4.9116e-01, 5.1567e+00
 8.4447e+00, 4.8732e+00
-9.1446e+00,-8.2526e+00
-9.2164e+00, 9.7591e+00
 1.1951e+01, 3.4074e+00
 2.1542e+00, 1.5751e+01
 1.3421e+01,-8.6067e-01
 1.3357e+01, 5.2191e+00
 7.5832e+00, 1.5565e+01
 2.6871e+00, 1.1299e+01
-5.6205e+00, 1.2874e+00
 7.6307e+00, 9.6947e+00
 1.4592e+01,-3.8875e+00
-1.3294e+01, 8.2962e+00
-2.3136e+00, 3.7444e-01
-6.7160e+00,-9.3772e-01
-1.0340e+01,-3.4993e+00
-4.5992e+00, 1.6746e+01
-5.6296e+00,-1.1224e+01
 6.5377e+00, 1.4454e+01
-1.5850e+01, 1.6566e-01
-1.5727e+01,-3.8659e+00
 1.0847e+01,-8.8199e+00
-1.1009e+01, 1.3276e+01
-2.4684e+00,-1.1024e+01
-7.1837e+00, 1.3132e+01
 9.9020e+00,-2.3335e+00
-1.5838e+01,-6.4540e+00
-6.7608e+00, 1.5398e+01
 4.7673e+00, 9.0908e+00
 1.1672e+01,-3.9398e-01
 1.0136e+01, 9.0097e+00
-9.3259e+00,-9.8100e+00
 8.8276e+00,-2.3168e-01
-8.8466e+00,-3.9951e+00
 1.4245e+01, 8.3871e+00
 1.6330e+01,-3.9680e+00
-6.3532e+00, 6.9301e+00
 1.5116e+01,-6.7340e+00
 1.4786e+01, 2.2389e+00
 4.1209e+00,-4.6081e+00
-4.6342e-01, 1.6224e+01
 2.5380e+00,-8.5747e+00
 1.3692e+01,-7.4671e+00
-8.3319e+00, 2.0888e-03
 7.9489e-01,-1.0284e+01
 1.1572e+01,-1.2347e+01
-1.2129e+01,-7.8728e+00
-7.2613e+00, 4.7668e+00
-7.9341e+00, 1.4604e+00
 6.9560e-01, 8.7166e-01
-4.4747e+00, 8.5357e+00
-3.7527e+00,-2.2389e+00
-4.0305e+00,-1.6130e+01
 9.6831e+00,-6.4024e+00
-1.2055e+01, 1.1814e+01
 9.3517e+00,-1.1641e+01
-3.4581e+00, 1.4439e+01
 8.3202e+00, 1.3046e+01
-1.1565e+01,-1.2180e+01
-1.3313e+01, 2.0739e+00
-5.2817e+00,-9.6833e+00
-1.7499e+01, 1.2557e-01
 1.7572e+00,-6.0468e+00
 1.4858e+00, 1.7112e+01
 1.5269e+01, 3.7999e+00
-1.0564e+01, 2.9221e+00
-1.1389e+01,-4.6558e-01
 2.9157e+00, 3.3617e+00
 6.4220e+00,-5.6987e+00
-1.2492e+01, 6.3015e+00
-1.2992e+01, 1.0378e+01
 7.1141e+00, 6.5835e+00
 1.3672e+01, 6.9200e+00
 7.5652e+00,-6.6707e+00
 1.0045e+01,-1.2986e+01
-6.2842e+00, 1.1796e+01
-7.8578e+00,-1.0745e+01
 3.1175e+00, 1.4879e+00
 4.5220e+00, 1.5793e+01
-8.2537e-01,-1.1915e+01
 6.8109e+00,-1.4584e+01
-2.0627e-01,-1.8125e+00
-6.4039e+00,-5.8041e+00
 1.6224e+01,-5.6807e+00
-4.6415e+00, 5.0694e+00
 1.6537e+01, 2.8155e+00
 4.6572e+00, 1.3412e+01
-1.7751e+00,-1.3375e+01
-3.5004e+00, 3.0839e+00
 1.0556e+01,-3.8365e+00
 1.0595e+01,-1.0495e+01
 1.1452e+01, 1.1131e+00
-7.4681e+00,-7.1076e+00
-7.0397e+00,-1.5722e+01
-1.1424e+01, 7.9975e+00
 1.0433e+01, 3.2274e+00
-1.0438e+01,-1.3607e+01
 7.3412e-01,-1.6562e+01
 9.0645e+00,-8.4431e+00
-1.3724e+01,-8.1006e+00
-4.4251e-02,-8.7318e+00
-9.0105e+00, 5.5304e+00
 5.8536e+00,-4.1241e+00
-1.5712e+01, 2.2080e+00
-1.4233e+01, 5.7214e+00
-2.3633e+00, 5.2254e+00
 1.1325e+01, 1.0870e+01
-6.8330e-01,-4.2261e+00
 2.4647e-02,-5.7624e+00
-1.4376e+01,-9.6795e+00
 1.3830e+01, 1.0626e+01
 2.6333e+00,-1.6326e+01
 3.0664e+00, 1.7182e+01
-3.1936e+00, 1.5963e+01
 9.7716e+00, 1.1241e+01
-5.0165e+00, 2.8781e+00
 8.0811e+00,-1.5422e+01
-6.1927e+00, 8.8541e+00
-3.1063e+00, 1.2087e+01
-2.6469e+00,-1.2102e+00
 8.8555e+00, 1.4647e+01
-9.1745e+00, 1.4823e+01
 7.1903e+00,-8.2372e+00
-2.7332e+00,-1.6938e+01
 1.5069e+01, 5.6860e+00
 8.7965e+00, 2.7345e+00
 1.2534e+01,-1.0569e+01
 1.4284e+01,-2.1996e+00
-9.6089e+00,-6.7437e+00
-8.8605e+00, 7.0369e+00
 3.3953e+00, 1.4800e+01
-1.3721e+00, 3.3223e+00
 1.7100e+00, 4.2803e+00
-6.8995e+00,-4.2405e+00
-5.9501e-01, 9.6722e+00
 1.4136e+01, 8.8425e-01
 7.1519e-01, 1.5155e+01
-1.0995e+01, 1.3286e+00
-5.3612e-01,-1.5511e+01
-3.4369e+00,-1.3454e+01
-5.7009e+00, 1.4200e+01
-7.9439e+00, 1.1469e+01
-7.6934e+00,-1.2472e+01
 4.6601e+00,-8.4853e+00
 8.2210e+00,-1.0385e+01
 3.1882e+00,-1.5454e+00
 1.1205e+01,-5.2682e+00
 6.7108e+00,-1.6087e+01
-1.1480e+01, 1.0101e+01
 1.7226e+01,-4.4302e-01
 6.7912e+00, 4.7061e+00
-1.7402e+00, 1.2711e+01
-1.4983e+01, 8.9711e+00
 6.1446e+00,-1.3134e+01
-1.2138e+01, 3.3485e+00
