0.4010727069
0.7088357774
0.3324237204
0.6548186352
0.8430503313
0.3222082255
0.9068083641
0.8478602221
0.3434235496
0.9973988106
0.4321241447
0.9594378191
0.5803615512
0.7633191231
0.3636130129
0.3171628055
0.4202878498
0.877255774
0.6813672598
0.7327147194
0.2915262003
0.2987802098
0.4840183246
0.445487275
0.5462182891
0.588100592
0.8154982964
0.5475652305
0.2882967375
0.5958499034
0.3119456524
0.8183466383
0.3548996254
1
0.6987067472
0.3547558479
0.9752914988
0.9847263179
0.2921904802
0.3157896555
0.287828186
0.736357397
0.365745999
0.4486859749
0.5076865451
0.591974208
0.5450966031
0.3000603394
0.572863677
0.3056879224
0.5865062919
0.7649750803
0.2883843517
0.4551423412
0.8149266923
0.5325852752
0.6595663565
0.3292323706
0.3065620525
0.7879627651
0.4766291855
0.2916398028
0.3194849311
0.3206244275
0.36713019
0.872670146
0.3648288397
0.5226086666
0.6191208468
0.8196703109
0.4977120773
0.7980768382
0.2910518928
0.3116748442
0.3899165332
0.5628936242
0.3391243413
0.6703832488
0.3938749394
0.778495243
0.6207173823
0.3753229865
0.4399385528
0.927747645
0.3028206937
0.6257333338
0.7318556559
0.3000603394
0.3124915667
0.2876293221
0.9243255171
0.5100867285
0.3206244275
0.3430264073
0.2950852147
0.8904425566
0.2945308397
0.5259258759
0.3672846126
0.3424988359
0.7484686891
0.2877433155
0.3783978246
0.5204020662
0.3683690478
0.3544686893
0.4204759845
0.3161788566
0.2875160138
0.422362433
0.4689010492
0.3014072859
0.2879370664
0.4434983438
0.9877895398
0.2887359367
0.6156990311
0.3259249207
0.2954487331
0.3519081498
0.7606205349
0.7105892739
0.3119456524
0.3115848937
0.9549380743
0.8603986123
0.2875560069
0.300996207
0.4259719428
0.2917549591
0.5007367279
0.8816126738
0.297274523
0.3171628055
0.6685840977
0.2875738978
0.4257811525
0.4876335141
0.3751623421
0.308118262
0.2932577619
0.2880894033
0.9321214639
0.3099931114
0.3255899511
0.8915264346
0.738707111
0.624365642
0.2885143531
0.6172959786
0.911543808
0.351204562
0.4672418775
0.2882134949
0.523713442
0.8716786708
0.687613681
0.3398946131
0.3007929137
0.801996296
0.2881346254
0.4541284573
0.8512099972
0.4987911655
0.3115848937
0.3795414015
0.2881814223
0.2881656484
0.3254785954
0.3421046239
0.5232714152
0.423309114
0.7292740538
0.3304018416
0.2875296959
0.5468916359
0.6309736373
0.6150145799
0.8060825784
0.287484439
0.9294335911
0.3228513718
0.2979841172
0.2874793518
0.4938381286
0.6232257204
0.396137756
0.3564898682
0.8567854767
0.3001261027
0.7695101471
0.5252617466
0.9046218037
0.6346162804
0.2923128778
0.631201375
0.7414764891
0.5334755926
0.5314731516
0.6434830966
0.9363794812
0.7299200706
0.9882456965
0.4189735217
0.3785608406
0.4191610019
0.583319134
0.6773397694
0.4478844257
0.2890721337
0.7077385933
0.4328994713
0.4255904523
0.4102697367
0.2887571284
0.8961210103
0.2913771482
0.2886124532
0.2905409531
0.2882297937
0.4062700255
0.453521019
0.7355015219
0.3099931114
0.2930357132
0.303849425
0.6389383611
0.4055480358
0.5138068395
0.7813296899
0.9650036938
0.4818996147
0.2953440197
0.4176637959
0.974530636
0.4282684127
0.606343707
0.3311106021
0.2891440821
0.3450246173
0.5168799198
0.4161726487
0.2875933669
0.70334046
0.6143301053
0.5197408658
0.9443104517
0.5250404458
0.2874712824
0.4044681023
0.3128586883
0.6074846392
0.2874633883
0.2890721337
0.3442215882
0.3068848047
