0.6308396298
0.2878555736
0.2942195644
0.9302081713
0.8157965309
0.3494484894
0.3899681738
0.2997825601
0.4979683814
0.4898213758
0.2876157032
0.4945288718
0.2865744233
0.4000773138
0.6033532497
0.9533070335
0.6502960277
0.39099721
0.8293550922
0.4022130034
0.6929606613
0.3832096815
0.6845520515
0.2897014172
0.4349387029
0.4949580916
0.6028986286
0.5504086641
0.2966112917
0.7556503604
0.925766384
0.5666153639
0.3192997601
0.8465676792
0.2916175467
0.4198135986
0.2957415478
0.298144765
0.4179389549
0.7531540287
0.5524282573
0.2932137565
0.8277049334
0.457875262
0.3368179986
0.9384861556
0.5122874639
0.910043385
0.9928517736
0.2975188206
0.2928777931
0.4036449904
0.4704341858
0.4656693334
0.3287928614
0.3082958063
0.4889682626
0.7595867869
0.5072745784
0.6013075075
0.9170608916
0.3976045304
0.4898213758
0.3465498042
0.8507567534
0.2871001252
0.3541226598
0.3240179959
0.6878767533
0.6962667454
0.8206707154
0.9798380094
0.940132191
0.3344433689
0.9615215113
0.9941446297
0.9858757242
0.2912821083
0.459099227
0.6570552075
0.5607505347
0.35849589
0.3326052089
0.3988383679
0.4999087885
0.7676033014
0.2873043724
0.3298499738
0.3805567586
0.7157132687
0.3565864901
0.855413391
0.4268290987
0.3963758364
0.5168843927
0.325131056
0.7708667309
0.5261312834
0.803592677
0.8742395152
0.799914814
0.6760993323
0.334690901
0.2961427178
0.2868154866
0.3622286391
0.7793604933
0.5474950439
0.4675296932
0.2870685232
0.3514138288
0.6597538917
0.2934588367
0.2898388749
0.6104000801
0.3335815288
0.2907215065
0.2961427178
0.3925481048
0.7560656556
0.3820454297
0.4157017004
0.3410638064
0.300328578
0.7008820704
0.7026361092
0.3502875753
0.446378716
0.6572802116
0.9019060865
0.7487668985
0.6060810608
0.2865578256
0.8750472207
0.3131556954
0.5681964409
0.3604269928
0.3840446959
0.6980268103
0.3368179986
0.3068621244
0.3995457137
0.2915750172
0.2864093045
0.2927833368
0.2906441684
0.8811139951
0.5186403949
0.8091582826
0.4239701134
0.4279782712
0.7380175629
0.8360741747
0.2877004949
0.7948424153
0.7698485251
0.3122208762
0.3034442762
0.5479430109
0.8384098395
0.3401504093
0.2882165488
0.598807404
0.3178603887
0.2931169155
0.9651769431
0.3803919246
0.2880191666
0.9285726233
0.6301592465
0.3330922146
0.2920966671
0.2879014459
0.6263021566
0.3240179959
0.4523994665
0.3047596268
0.3361881063
0.2863804707
0.3131556954
0.6489422039
0.2962588526
0.3100417619
0.881902743
0.4917440528
0.2878328981
0.3041347706
0.7531540287
0.4741870625
0.3302049815
0.4228321585
0.2863689368
0.4996929891
0.8456891113
0.7973842751
0.6049444603
0.567292866
0.5867692896
0.424540305
0.5756605211
0.6124457646
0.7554426311
0.3549879427
0.4241600876
0.2864302739
0.2878555736
0.7056999577
0.4634029388
0.2970906135
0.3066965133
0.6754302648
0.5122874639
0.3622286391
0.2867436995
0.3225934643
0.2866781945
0.2882676299
0.9672560416
0.3465498042
0.4764904982
0.3956760484
0.4209428165
0.6825539135
0.4254924132
0.4424033983
0.8946670756
0.2865497888
0.6247132294
0.3551326141
0.9597794939
0.5910828737
0.2888458509
0.367741913
0.3056357867
0.3373244677
0.866541152
0.9674341343
0.5504086641
0.2863927033
0.8918003849
0.2882420026
0.6371851944
0.2863825677
0.3360625545
0.300328578
0.3189887909
0.3817138122
0.2908388024
0.2864853159
0.7602064999
1
0.555124045
0.6662627373
0.6165364588
0.286375228
0.4131087861
