0.7089183008
0.4511049749
0.3743885913
0.3045617915
0.437193118
0.6934439519
0.5040197691
0.4680830344
0.4050166772
0.305170207
0.2989371274
0.3027284946
0.8875801125
0.7198586896
0.2891487659
0.7558002883
0.4273147791
0.6762386363
0.2966575596
0.8266088691
0.6361606327
0.3355573739
0.8391381421
0.2896347493
0.6679132443
0.3627462177
0.9548326172
0.7616521547
0.6195037405
0.2891487659
0.5616194978
0.566603093
0.7486380836
0.7825916712
0.4523153902
0.5266391823
0.9578272463
0.6092225571
0.3777716856
0.319100138
0.6311452245
0.3823636078
0.2919593395
0.3171969795
0.9039340097
0.3846937323
0.7730190237
0.3186948051
0.5925488637
0.2879702535
0.6252124611
0.9132060518
0.7152759332
0.325586422
0.3427000582
0.9978534772
0.304712909
0.99463726
0.3639545617
0.3753498048
0.5850219259
0.5057596148
0.3105007401
0.8627634145
0.5149428004
0.2988139799
0.7958022199
0.3095505104
0.4859505646
0.3416524493
0.4470902756
0.5575495568
0.4250238219
1
0.419917333
0.6377553846
0.3588757506
0.6302328416
0.3332362672
0.9663125158
0.3523854382
0.4549472891
0.2970477606
0.3138392088
0.3545191218
0.5530361551
0.8967277362
0.4121106477
0.790431544
0.9130641713
0.3737501916
0.3180914678
0.3693359103
0.3743885913
0.6958869164
0.6427636369
0.2994364456
0.2923859521
0.3334781207
0.3035224242
0.7868250502
0.2890444121
0.8615655598
0.4496963053
0.443901132
0.559583635
0.8247369701
0.6498093857
0.878608314
0.4050166772
0.2995629555
0.3390729195
0.3038160869
0.634337407
0.8075639777
0.5324166388
0.3408726505
0.3500037297
0.6021396446
0.4476904957
0.8576010444
0.3015409903
0.2969354264
0.2879296805
0.420481381
0.6318294187
0.3346961292
0.3877225013
0.2966575596
0.7639392881
0.3390729195
0.3419135089
0.7651839569
0.3327543132
0.9559115998
0.5433673744
0.2879702535
0.4848872751
0.4362147455
0.5449378558
0.2880271575
0.3993120274
0.6357048899
0.842935613
0.3105880898
0.7985682327
0.37567117
0.2893248206
0.4227459607
0.2887223186
0.2879196687
0.3050171171
0.2893705814
0.482553209
0.7492724688
0.6822913894
0.3984303689
0.331441028
0.2878692563
0.4025077895
0.5616194978
0.2891917311
0.3774472205
0.4429087257
0.288436429
0.2878771609
0.3165100184
0.2892574896
0.636616332
0.7058375176
0.9023014943
0.927037118
0.4853124161
0.2898932218
0.3502819066
0.7124300406
0.5044544401
0.6633995087
0.2878866463
0.2905538236
0.9291363981
0.2886043952
0.5850219259
0.9632686063
0.2889056614
0.5609406832
0.4670464963
0.7742484477
0.9877259987
0.7793479121
0.5003330307
0.9265083369
0.3559581817
0.3638030736
0.3152546308
0.3502819066
0.2889249582
0.4543388031
0.9161633635
0.8129684567
0.4174829213
0.3130070614
0.4227459607
0.2944435947
0.8803925424
0.6464019445
0.7570578474
0.3381835024
0.2931720082
0.5208871413
0.5290804985
0.2879245868
0.386203522
0.8393197541
0.288572279
0.4240731109
0.4327102291
0.3779340959
0.4026863241
0.7452469366
0.2878743504
0.5379940971
0.5386647746
0.7860208199
0.2927093379
0.287861176
0.4017946909
0.3743885913
0.9410730045
0.6293203226
0.3546624322
0.6649803312
0.9689731734
0.5373237088
0.9840392869
0.2915178075
0.2891917311
0.2878532712
0.3885703227
0.6791554244
0.6016827563
0.3420442495
0.2902263943
0.3061812803
0.8058152693
0.4080901379
0.7416297535
0.2880118782
0.2884950545
0.5191226887
0.2879059681
0.4494953749
0.3075451305
0.2881046036
0.4093641619
0.4429087257
