0.918939243
0.5184120216
0.5151231083
0.5876453029
0.45320984
0.5301024078
0.5896876901
0.3291162382
0.7281062055
0.8188155065
0.6981589181
0.3589296557
0.6049053037
0.9479710325
0.2874683031
0.3761430524
0.2991817031
0.4591012231
0.8846457061
0.2930846454
0.7296036661
0.2963625848
0.4253050558
0.307989052
0.3394819923
0.2930846454
0.2993816447
0.3298228683
0.6030875747
0.4151472604
0.5878722043
0.3113472155
0.5620806576
0.4746054527
0.3114386853
0.4114542947
0.7404438431
0.8609807696
0.8247625695
0.6310151908
0.2871778634
0.5632076959
0.2863041498
0.3118061443
0.2867145066
0.4149617055
0.8059317882
0.8342628046
0.4811186265
0.4192532375
0.316212413
0.8802519064
0.9170618611
0.5159992522
0.347769508
0.890800237
0.2963037868
0.3244297351
0.5593777623
0.4947401463
0.581522295
0.9703081246
0.2929397032
0.5014160623
0.6904482328
0.3108922393
0.3119908209
0.2870897508
0.4908864281
0.2901399821
0.3165112334
0.317314892
0.7025457095
0.4079818302
0.3402607887
0.478380233
0.5611793744
0.3529636411
0.5155610975
0.3911687744
0.6092224625
0.3565755116
0.5926387968
0.617400565
0.3168114465
0.4671169444
0.3729307728
0.8378615421
0.2925140712
0.3529636411
0.2938835065
0.365417739
0.5168760544
0.2935286548
0.9965477424
0.4254956608
0.3359145758
0.3140637844
0.5048800957
0.2912366426
0.410903669
0.4181289448
0.4054459547
1
0.3000588964
0.9774958208
0.3298228683
0.6335078073
0.3812147177
0.4439928146
0.7637831225
0.912008641
0.4556403047
0.6355462181
0.5799360349
0.3802244263
0.7069176833
0.626933757
0.3737293925
0.8247625695
0.9012179889
0.4507899653
0.6416553491
0.371659199
0.3581904482
0.9061131374
0.6463997106
0.345988161
0.2865021957
0.2877516611
0.3118061443
0.9300485838
0.5983165661
0.4222675435
0.7421327504
0.2863860637
0.7954709609
0.4177549234
0.6853591449
0.2883790422
0.9847524039
0.8227268057
0.8791425522
0.4938822927
0.3330676023
0.324096637
0.2873474305
0.3087636045
0.2964806846
0.4625824784
0.6344138836
0.9588670664
0.456656079
0.299115388
0.4729341986
0.8366055194
0.3683580579
0.286794632
0.9493828166
0.2862428397
0.2943519527
0.652488931
0.6124032728
0.2886894093
0.5456876006
0.7328048512
0.6432375509
0.2960123171
0.9562772682
0.5105344258
0.3703953208
0.2935788387
0.4815408052
0.5245751017
0.2863656297
0.6908899568
0.5488216116
0.4794322708
0.2873278938
0.4078000506
0.7862080121
0.9129747989
0.2877061564
0.3010348418
0.396551674
0.3557012313
0.2864655243
0.510970626
0.4041853685
0.3024850671
0.8917108797
0.5278888203
0.3616172171
0.6677606805
0.3584857465
0.2901399821
0.2862870324
0.9029581219
0.3899676164
0.4000784764
0.2868515352
0.6655212919
0.7974230441
0.2980134826
0.3018243296
0.7864065853
0.3435596679
0.7794189236
0.304783203
0.9560750856
0.3299411521
0.3485993691
0.3051006937
0.3901388833
0.6666412867
0.2902510385
0.2879896024
0.7419218124
0.4190656239
0.3082457956
0.6928760758
0.3657251489
0.8251317399
0.3298228683
0.2868515352
0.7872002391
0.3316124353
0.9588670664
0.2868515352
0.344768375
0.4597140998
0.4966733345
0.2869112268
0.287509985
0.2881406968
0.349016115
0.4990416984
0.7499015203
0.7349330787
0.6884588618
0.7374806122
0.2887776899
0.287308531
0.4891792143
0.6829193879
0.3552658448
0.5192905985
0.4041853685
0.8863526248
0.8935222786
0.3680464613
0.2867145066
0.5618553075
0.4190656239
0.2872514866
0.3658790396
