0.613278732
0.2912174132
0.4488553383
0.3115852694
0.2866438296
0.2865667203
0.9385913014
0.3034798779
0.3078052641
0.3152669184
0.5078053563
1
0.600996447
0.2876125559
0.3323255632
0.4046130704
0.3565146465
0.3193930175
0.2908622149
0.6253260716
0.8802317584
0.7860450892
0.4371613523
0.2898125391
0.4257551061
0.7165888294
0.3946990395
0.9683865215
0.3039370611
0.2872614787
0.4602005612
0.4799395976
0.5317726118
0.5866773766
0.9661387343
0.5438036833
0.6680191348
0.6789693759
0.3147815799
0.8081274122
0.3028051515
0.8241540896
0.4875655058
0.8738065328
0.292056519
0.3083149606
0.6005415932
0.3527662396
0.8493666071
0.636218742
0.6307752422
0.5669651842
0.2885764213
0.360201684
0.4428746713
0.5581674853
0.6291864303
0.2910578287
0.528226023
0.3105902407
0.9641049513
0.4997856093
0.288523573
0.2871405739
0.3407512731
0.3575388967
0.3464906367
0.6955947583
0.9500628608
0.2989718684
0.4516699783
0.7684862098
0.4236621318
0.3268019911
0.7780294655
0.7953331396
0.286552032
0.5093297814
0.3458102135
0.6738373621
0.3462180586
0.3799681833
0.486714521
0.2901936276
0.3550624771
0.2964417586
0.3301718811
0.6182812314
0.6907365304
0.3024360437
0.3117682443
0.3262335491
0.6153254232
0.694271402
0.2900526343
0.287293449
0.5331048365
0.3344027387
0.8729935339
0.295037654
0.8680701122
0.3534801961
0.7155042943
0.7894211308
0.4093248906
0.5898572912
0.30121184
0.5703562976
0.9482058689
0.3794754545
0.6947126573
0.3907232789
0.3135380006
0.7550770559
0.2911772594
0.6644304214
0.7645913445
0.3008608514
0.3030285854
0.5150108358
0.4984913541
0.3341562025
0.9545211529
0.2911772594
0.6738373621
0.3470374251
0.2873935442
0.3194968912
0.5172035097
0.9490834981
0.5238056185
0.4837432003
0.3969712981
0.6041806585
0.5417923692
0.389695576
0.8591843692
0.6157802069
0.4678183394
0.3167462928
0.5209403756
0.9976022718
0.2872148313
0.3659582232
0.2909790674
0.4060556671
0.3495247687
0.4219578108
0.3578327041
0.3060669889
0.8562842743
0.2870308349
0.9132505315
0.2868347342
0.8187449455
0.289389102
0.4420825918
0.327030408
0.7083209042
0.3922721986
0.2880332915
0.2992337487
0.3962702312
0.4616345691
0.2887391297
0.458769989
0.7072287561
0.4602005612
0.5331048365
0.290785173
0.2879880864
0.7523671684
0.5000014924
0.7462897466
0.4703086602
0.374766583
0.5923568088
0.486501915
0.4414893712
0.2867429589
0.2882453193
0.7606758405
0.2966761905
0.7778278036
0.3296997094
0.6153254232
0.4013909664
0.6470837195
0.7492291764
0.8603715284
0.3495247687
0.7525759433
0.9945339203
0.8897564475
0.3415367614
0.2935414108
0.9561707647
0.4732258042
0.2887115781
0.8067846112
0.5527693186
0.2865457369
0.2865483599
0.3182605372
0.3763791721
0.4144734801
0.8915906119
0.4676112394
0.2881969855
0.5651581702
0.779036855
0.3864673715
0.389695576
0.3647312605
0.8965665763
0.2870572226
0.7091939241
0.3831128518
0.4278588532
0.7256569118
0.823225904
0.2866025657
0.9070719704
0.3407512731
0.8017673743
0.3062294701
0.2866118328
0.3912386061
0.3362700348
0.4328733427
0.3104113907
0.2866821191
0.589630104
0.9749635234
0.3943510588
0.4315175533
0.2869322663
0.6867498264
0.6235086404
0.4976295196
0.321713525
0.2866686568
0.4500598002
0.2866118328
0.6178265388
0.7828508413
0.7091939241
0.8369507665
0.2872773767
0.3502234346
0.2912577388
0.3491071787
0.2958674632
0.3157561554
0.3150723148
0.4246121392
