 3.1231e+00,-9.3237e+00
 6.7900e+00,-1.5258e+01
 8.5896e+00,-9.0117e+00
-1.4084e+01,-6.8243e+00
-1.4900e+00, 1.7316e+01
-2.1022e+00,-1.7343e+01
-2.9341e+00, 2.3522e+00
-1.5808e+01,-2.4085e+00
 1.5427e+01,-3.1568e+00
 3.1540e+00,-1.5166e+01
 1.0336e+00, 1.1414e+01
 7.8716e-01,-2.6962e-01
 7.2599e+00, 6.8605e+00
 1.5182e+01, 7.8521e+00
-1.4625e+01, 3.1574e+00
 3.8679e+00, 1.2675e+01
 1.4171e+01, 1.7041e+00
 1.1438e+01, 1.0178e+01
-1.6758e+01, 1.8088e-01
-4.8912e+00, 8.3138e+00
-2.9568e+00, 4.3017e+00
 6.7012e+00,-2.1030e+00
 4.1392e+00,-1.1975e+01
-1.0494e+01,-1.3196e+01
 1.0676e+01,-7.1679e+00
-1.1074e+00, 8.1282e+00
 5.4672e+00, 1.2285e+01
 6.0376e-01,-2.6807e+00
-1.0008e+01, 1.2414e+01
 1.0437e+01,-1.3655e+01
-1.1177e+01,-5.1273e+00
-3.7832e+00, 1.1311e+01
-9.2937e+00, 6.0865e+00
-9.9814e+00,-2.4239e+00
 2.0034e+00, 1.9553e+00
-2.1185e+00,-1.0716e+01
 8.9567e+00, 1.7463e-02
-2.6432e+00,-8.4287e+00
 1.1647e+01,-1.0212e+01
-9.0340e-01, 6.5798e+00
-1.2808e+01,-9.6248e+00
-4.2860e+00,-4.7266e+00
 9.9608e+00, 6.2776e+00
-4.9395e+00, 2.1223e+00
 4.2638e+00, 1.6052e+01
 1.3629e+01,-7.8566e+00
 8.6294e+00,-5.0724e+00
 7.5399e+00,-1.2257e+01
 5.0311e+00,-2.9762e+00
-6.3332e+00,-7.0892e+00
-8.6045e+00, 4.2107e+00
 3.4971e+00, 9.9243e+00
-1.2647e+01,-1.1366e+01
 8.8894e+00,-1.1084e+01
 1.2020e+01, 3.5562e+00
-1.0702e+01,-3.9372e-01
-2.3006e+00, 9.2975e+00
-1.2253e+01, 1.1381e+01
 1.0889e+01,-2.2784e+00
-3.8475e+00, 1.5172e+01
 2.8426e+00, 4.4627e-01
 1.0414e+01,-5.0784e+00
 1.3054e+01, 1.0814e+01
-1.5634e+01,-7.2937e+00
-1.3213e+01, 6.4923e+00
-1.4109e+01,-2.3813e+00
 1.3954e+01,-4.0481e+00
 3.9771e+00,-7.5668e+00
 2.7862e+00,-1.9099e+00
-7.6539e+00,-1.4289e+01
 1.6194e+00,-1.2314e+01
-7.3573e+00, 5.3679e-01
-8.0931e+00,-1.0098e+01
 1.3236e+00,-1.5056e+01
 1.7289e+00, 6.9550e+00
-6.6015e+00,-2.0502e+00
 1.7245e+01,-2.6929e+00
-4.3946e+00,-1.0600e+01
-1.6377e+00,-1.4494e+01
 8.3051e+00, 3.0892e+00
-1.4569e+01, 6.8672e-01
-8.2188e+00, 1.1060e+01
 5.9094e+00,-1.0234e+01
 1.5222e+01,-7.0469e+00
 2.1354e+00, 1.4161e+01
 6.3128e+00, 1.5033e+01
 5.7468e+00,-1.3859e+01
 9.2689e+00,-2.9613e+00
 1.0777e-01,-8.6391e+00
-4.8093e+00,-1.5290e+01
-1.4830e+01,-4.9824e+00
 1.4027e+01,-5.5826e+00
-9.6771e+00, 1.7004e+00
 8.3672e+00,-1.7404e+00
-9.3306e-03,-1.6819e+01
 1.6495e+01,-4.7433e+00
-7.3828e+00,-8.2947e+00
-1.0505e+01,-1.0577e+01
 2.6799e+00,-4.6525e+00
-3.0289e+00,-1.6152e+01
-5.0012e-01,-5.4689e+00
-5.3298e+00,-1.3375e+01
 6.3450e+00,-5.2211e+00
-2.8180e+00,-6.4175e+00
-1.1557e+01, 6.3788e+00
 7.5215e+00,-6.8585e+00
 1.5900e+01, 2.1164e+00
 9.9440e+00, 3.2481e+00
-3.3841e+00,-8.2541e-01
-1.2693e+01,-5.4544e+00
-6.4741e+00, 5.6237e+00
-1.2994e+01, 3.9271e+00
-2.0836e+00, 1.5395e+01
-4.4811e+00, 6.1169e+00
 1.1244e+01, 1.2309e+01
 2.4578e+00, 8.6783e+00
 6.2768e+00, 3.8976e+00
 1.5092e+01, 5.4762e+00
 7.8709e+00,-1.3906e+01
 6.2001e+00, 9.4879e+00
 1.0563e+01, 4.7886e+00
 1.3634e+01, 5.8934e+00
-1.6037e+00,-2.8539e+00
-1.5252e+01, 6.8594e+00
-8.2301e+00,-3.4516e+00
-1.0528e+01, 1.0042e+01
 1.7565e+00, 1.7056e+01
 1.2400e+01, 8.9723e+00
-6.1751e+00,-9.5279e+00
-9.2442e-01, 3.2938e+00
-6.6467e+00, 9.0458e+00
 4.8549e+00, 1.0806e+01
-1.3436e+01,-6.8667e-01
 2.6923e-01, 9.9521e+00
-9.2548e+00,-5.8838e+00
-5.4637e+00, 1.2423e+01
-5.6851e+00,-2.9388e-01
 4.6881e+00, 8.5690e+00
-1.2162e+01, 1.8461e-01
-1.2261e+01, 9.3945e+00
-1.0283e+01, 4.6563e+00
-8.4335e-01, 7.4694e-01
 1.3879e+01,-1.0138e+01
 7.2539e+00, 1.2041e+01
-1.6041e+01, 4.7978e+00
-2.6747e+00,-1.2990e+01
-5.5366e-02, 1.4462e+01
-9.4737e+00,-8.8649e+00
 1.4127e+01,-1.8312e+00
 9.0699e+00, 1.2956e+01
 3.7778e+00, 4.2599e+00
-6.4545e+00,-1.6021e+01
 4.3919e+00,-4.2194e-01
-3.4413e+00, 1.6954e+01
 6.3245e+00, 1.1231e+00
-1.6812e+01, 1.7399e+00
-1.9797e+00, 1.2415e+01
 1.5056e+01,-5.6880e-01
-8.3299e+00,-8.5178e-01
-6.8978e+00,-1.1658e+01
 5.4843e+00,-1.6152e+01
-1.3987e+01, 8.1492e+00
 8.3596e+00, 1.0486e+01
-1.2166e+01,-1.5963e+00
 1.6893e+01,-1.0791e+00
 1.2251e+01, 5.0862e-01
 5.8667e+00, 5.9214e+00
 8.4616e+00, 8.8359e+00
 1.1035e+01,-4.7571e-01
 2.3230e+00,-1.6584e+01
-9.3890e+00, 1.4247e+01
-5.9686e+00,-4.7923e+00
-5.5325e-01, 1.1576e+01
-7.3843e+00, 2.3499e+00
-7.7956e-01,-1.2082e+01
-3.4478e+00, 1.3444e+01
 5.8866e+00,-8.2671e+00
-1.1630e+01, 2.2576e+00
-1.2022e+01,-3.8378e+00
 1.7262e+01, 1.3474e+00
-1.6331e+01,-4.9000e+00
 4.3228e+00,-6.1029e+00
-7.7334e+00, 1.4367e+01
-5.9556e+00, 4.0549e+00
-5.0054e+00, 1.4153e+01
 8.5925e+00, 4.6466e+00
 1.0744e+01, 7.8482e+00
 9.1546e+00, 1.5136e+00
 4.3736e+00, 6.2775e+00
 1.0895e+00, 5.5136e+00
-1.2159e+01, 7.8854e+00
 2.4298e+00,-7.2289e+00
-1.1329e+00,-8.3319e-01
-1.0139e+00, 4.8908e+00
-7.4128e+00, 1.2675e+01
 1.6029e+01, 3.8507e+00
 9.1647e-01, 3.0338e+00
 1.1397e+01,-3.8218e+00
-5.1136e+00, 1.6162e+01
 4.8602e+00,-4.5593e+00
-7.7755e+00, 7.4602e+00
 1.2629e+01,-1.2108e+01
 1.0463e+01, 1.3980e+01
-9.0761e+00,-1.2447e+01
 2.4165e-02,-1.3866e+01
 5.8178e-01, 1.3057e+01
 4.1109e+00, 2.7161e+00
-5.5346e+00, 1.0803e+01
-1.3656e+01, 1.0195e+01
 1.8674e+00,-1.0414e+01
-2.4340e+00, 6.7406e+00
-1.3509e+01, 2.0514e+00
 2.8730e+00,-1.3272e+01
-1.1275e+01,-8.5346e+00
-2.0848e+00,-4.4005e+00
 1.4370e+01, 9.4729e+00
 7.4071e+00,-3.7770e+00
 1.0270e+01,-9.0602e+00
-9.0061e+00, 9.1601e+00
-4.3882e+00,-6.7996e+00
 6.3223e+00,-5.0287e-01
-1.1646e+01, 1.2965e+01
-3.8881e+00,-2.4991e+00
 9.8819e+00, 1.0845e+01
 9.1589e-01,-6.7149e+00
 1.0695e+01,-1.1667e+01
 7.8331e+00, 1.5525e+01
-1.0645e+01, 8.3889e+00
-3.5077e+00,-1.4423e+01
 1.2451e+01,-2.6035e+00
 7.5560e+00, 1.3692e+01
-4.5616e+00,-1.6784e+01
-6.3784e-01,-1.0190e+01
-2.4469e+00, 4.7328e-01
 1.1925e+01, 6.2116e+00
 2.1478e+00, 1.2569e+01
-9.2574e+00,-1.4618e+01
-3.2232e+00, 8.0667e+00
-4.2133e+00,-8.7349e+00
 1.1447e+01, 1.9552e+00
-1.4471e+01, 4.9156e+00
-1.5082e+01,-8.6925e+00
-1.0202e+01,-7.1724e+00
-1.7318e+01,-2.0805e+00
-7.6097e+00,-6.1619e+00
-1.1791e+00,-7.0223e+00
 6.8979e-01, 8.2872e+00
 2.6013e+00, 5.4976e+00
 1.4263e-01, 1.7175e+01
 1.1670e+01,-8.5084e+00
-1.6387e+01, 3.3211e+00
 1.3917e+01, 3.9001e+00
-6.3131e+00, 1.5093e+01
-1.5467e+01,-9.1279e-01
 1.3564e+01, 7.4139e+00
-4.3677e+00,-1.2155e+01
