0.3352836568
0.4477386802
0.2948310919
0.3396217065
0.2865851928
0.7307902952
0.3188713371
0.4256490524
0.88111319
0.4139972074
0.8823619297
0.3551782645
0.2882650208
0.8966006419
0.4435555156
0.2862286163
0.9603380772
0.6160142736
0.3855021605
0.705372114
0.7559684541
0.9385348931
0.9150701745
0.4459417374
0.9901658028
0.4600759948
0.9423096348
0.8563251883
0.3693854694
0.5342012661
0.3811599567
0.9524441661
0.7392640235
0.7252417822
0.3550331487
0.9837760128
0.3379438471
0.3387153062
0.5675558082
0.2862559706
0.7241712226
0.5509239093
0.3670446692
0.3039747862
0.557877778
0.6887103989
0.2858778035
0.5711650822
0.3113125922
0.9910214754
0.3089696967
0.4358790307
0.2873756292
0.9833421552
0.3780353978
0.3720712629
0.3203437035
0.31970904
0.2867497517
0.6393217283
0.4566107635
0.2928280937
0.9008292237
0.8139057458
0.2861383576
0.9606208619
0.2878647029
0.3070711414
0.8250528866
0.5216093021
0.2878102799
0.2857711168
0.3013300612
0.2882949104
0.636612032
0.6162409553
0.489325031
0.6228123251
0.2881471892
0.5486854843
0.4216632491
0.8544550689
0.4647960055
0.2857759982
0.4983195925
0.9582349756
0.4985348424
0.3319555773
0.877174177
0.6112530492
0.3882117976
0.4023516793
0.647212965
0.9420840473
0.9157425693
0.3220627816
0.6926748627
0.4829581451
0.2857052148
0.4457424601
0.863040428
0.5097932021
0.7807540377
0.2857972669
0.2953986619
0.3633567992
0.8185825097
0.4417732283
0.4036056663
0.4260306952
0.2860906104
0.2875995072
0.3844933711
0.58133504
0.4584427717
0.3105803167
0.6756443047
0.436074325
0.2862559706
0.5475672019
0.7324911971
0.4473388254
0.4212857118
0.7060254809
0.324938327
0.5531647279
0.2863723465
0.298356009
0.4854988839
0.2902040713
0.2857210806
0.3175309085
0.4136272681
0.2935376469
0.4865599124
0.7827458483
0.3349087272
0.809563373
0.288118163
0.472462581
0.3749526281
0.3604880854
0.3402733172
0.3227173841
0.2922463591
0.3639664936
0.6723063229
0.7584445567
0.3369231003
0.3843256306
0.9104337462
0.3193937594
0.5011216541
0.5558567241
0.6937741691
0.7713097336
0.7476581737
0.5205103241
0.6749772001
0.863538635
0.6796415996
0.675199596
0.296042379
0.3016956295
0.3785259882
0.4061284075
0.8461782797
0.5493567543
0.5017694438
0.5601253601
0.2861888898
0.3251637012
0.7567947076
0.5433236527
0.4195912904
0.347391886
0.6221327761
0.2991552645
0.2857261367
0.6357083797
0.3786897494
0.4292887707
0.364119228
0.2957472652
0.2874241677
0.3289677053
0.2867119672
0.3240427824
0.573874534
0.647888438
0.5641759057
0.7769524161
0.2931281229
0.2870989545
0.6442841719
0.7144868657
0.2883249726
0.2906482331
0.3095008637
0.4689291079
0.3036624323
0.6451856344
0.2857130606
0.6880486172
0.5695855366
0.6557568224
0.4136272681
0.8952724108
0.9447638582
0.5000429656
0.2883856147
0.78631516
0.5590013163
0.3069866814
0.4479387215
0.5786206531
0.531098179
0.5419856114
0.2871210572
0.293746469
0.6966283222
0.3054938597
0.8221062723
0.9377198514
0.3533019039
0.3050884452
0.3085314288
0.3851654511
0.4903909792
0.6060371007
0.2857130606
0.8368239755
0.7898636802
1
0.2900476964
0.4090353416
0.4770621281
0.3460194632
0.3235985892
0.4417732283
0.7741370113
0.295864808
0.8688050705
0.2864998522
0.7580324279
0.2857618769
0.5556322695
0.2857418277
0.2861888898
0.8423224399
0.8945312647
0.5417627023
0.9041268706
0.2902040713
0.9041268706
0.3413231145
