 1.0796e+01, 9.9995e+00
-8.5803e+00,-9.1521e+00
 5.3281e+00,-1.5546e+01
-2.5373e+00,-1.4572e+01
 1.5958e+01, 6.0478e+00
 5.2731e+00, 5.8007e+00
 1.3272e+01, 7.4628e+00
-1.2882e+01, 2.2827e-01
-3.4421e+00, 3.7553e+00
 1.0765e+01, 7.2316e+00
 9.0140e-01,-5.1107e+00
-6.1149e+00,-1.3037e+01
 1.6753e+01,-1.8890e+00
-2.9927e+00,-3.8497e+00
-1.4945e+00, 1.2342e+01
-3.2996e+00,-1.7007e+01
 1.8639e+00, 2.1397e+00
-1.3729e+00,-9.7553e+00
 1.3109e+01,-3.6406e+00
-8.0864e+00,-2.3465e+00
 7.3408e+00, 1.3180e+00
-2.8133e+00, 2.3060e+00
-1.9052e+00, 3.8009e+00
 7.1652e+00,-1.0276e+01
-1.2766e+00,-9.2149e-01
-6.8623e+00,-1.0250e+01
 1.8449e+00,-3.0964e+00
 3.3759e+00, 4.4211e+00
 5.7559e-01, 1.3859e+01
 9.9586e+00, 4.5369e+00
-1.3207e+01, 3.7521e+00
-2.2305e+00,-2.4551e+00
 1.9496e+00, 7.4473e+00
 6.7032e+00,-4.4498e+00
 7.4143e+00, 1.2107e+01
 1.8367e+00, 8.9483e-02
 5.4360e+00, 1.3586e+01
 3.8013e+00, 1.4112e+01
 6.4135e+00,-8.3725e+00
 1.0875e+01, 1.3217e+01
-4.3736e+00,-6.8771e+00
 3.3313e+00,-1.0310e+01
 1.3026e+01,-5.1697e+00
-1.1134e+01,-1.1461e+01
 9.5249e+00,-4.7732e+00
-3.0503e+00, 7.9840e+00
 3.7286e+00, 1.6827e+01
 1.0321e+01,-1.3753e+00
-1.4741e+01, 5.0755e+00
-1.1682e+00, 7.7552e-01
 1.4171e+01,-6.6938e+00
-1.2555e+01,-2.0008e+00
 7.8914e+00, 1.4952e+01
 3.3308e-01,-1.9707e+00
-1.2104e+01,-6.7563e+00
-4.5869e+00, 1.3050e+01
-1.3218e+01,-7.8028e+00
-9.7098e+00, 1.1745e+01
 4.2285e+00,-1.6662e+01
 1.9236e+00,-9.2762e+00
 1.2189e+01, 1.0959e+00
 9.2928e+00, 1.3499e+01
-4.7168e+00, 2.1556e-02
 5.1356e+00, 3.8238e+00
-1.4763e+01,-9.0858e+00
-6.0791e-01, 2.7789e+00
 1.4730e+01, 8.2021e+00
-1.2706e+01,-9.4608e+00
-1.9259e+00, 5.9021e+00
-3.5895e+00, 1.0554e+01
-1.4847e+01, 8.1579e+00
-2.4834e+00, 1.7132e+01
-4.4139e+00, 1.5303e+01
-8.6226e+00, 1.4455e+01
 5.2608e+00, 7.7069e+00
-5.2328e+00, 8.1595e+00
-1.1066e+01, 3.9528e+00
 3.9895e+00,-8.8553e+00
-1.1476e+01, 1.2361e+01
-2.6304e-01,-1.0887e+01
-4.6321e+00,-1.2166e+01
 4.0002e+00,-4.1150e+00
-1.6063e+00,-1.2144e+01
 1.6882e+01,-4.1073e+00
 7.2725e+00, 8.9015e+00
-2.9966e+00, 5.3040e-01
-1.0546e+01,-4.9988e+00
 1.4852e+01, 4.7116e-01
 5.0355e+00, 1.1161e+00
 6.7809e+00, 6.9749e+00
 1.2526e+01, 5.0094e+00
-6.5469e-01,-1.3364e+01
-6.3449e+00, 6.7055e+00
-4.1866e-02,-3.6495e+00
 3.4338e+00,-2.6260e+00
-7.0062e-01,-1.5288e+01
 8.2444e+00,-2.2071e+00
 2.1921e+00,-1.1729e+01
 1.6439e+01,-5.9448e+00
-7.0714e+00, 1.0219e+01
-1.5851e+00,-5.4007e+00
 9.5082e+00,-6.3364e+00
-3.5336e+00, 6.0808e+00
 2.2584e+00, 1.7133e+01
-1.3454e+01, 9.2114e+00
 6.7652e+00,-1.2446e+01
-5.9581e+00,-2.5606e+00
-1.0445e+01, 6.9332e+00
-1.0134e+01,-8.6950e+00
-1.1447e+01, 5.7946e+00
-1.7066e+01, 2.7631e+00
-4.7782e+00,-1.6397e+01
 1.3590e+01,-6.2117e-01
-1.0052e+01,-2.4705e+00
-1.0338e+01,-6.7508e+00
 9.3516e+00,-1.2557e+01
 4.7517e+00,-7.5013e+00
 9.7017e+00,-8.1603e+00
-1.6280e+01, 5.6266e+00
-4.2467e+00,-1.0057e+01
-7.1676e+00, 3.3474e+00
 3.4909e+00, 1.1847e+01
 6.1065e+00, 1.1271e+01
 7.7636e+00, 2.8443e+00
 1.5014e+01,-1.4094e+00
 7.8275e+00,-7.3792e+00
 9.3036e+00,-1.4517e+01
-9.3386e+00,-1.3307e+01
-3.1181e+00,-1.1493e+01
 1.6023e+01, 4.4510e+00
-1.7447e+01,-1.2983e+00
-1.5275e+01, 1.8646e+00
-1.2894e+01, 2.2723e+00
-1.6472e+01, 5.6051e-01
-1.1302e+01,-3.5946e+00
-4.8233e+00,-5.2872e+00
 3.3977e+00,-1.4512e+01
-3.1553e+00,-5.8860e+00
-1.6296e+01,-4.7619e+00
 1.1616e+01,-3.0314e+00
-1.1041e+01, 8.3196e+00
-9.0740e+00,-1.1016e+01
 1.0483e+01,-1.0317e+01
 1.4994e+01, 2.0146e+00
 1.4171e+01,-8.5346e+00
-1.0243e+01, 9.6274e+00
 3.3803e+00, 8.0979e+00
-7.5114e+00, 2.8958e-01
-1.4738e+01,-1.5606e+00
 8.5908e+00, 1.0474e+01
 1.3851e+00, 4.1073e+00
 1.4833e+01,-3.6397e+00
 4.9631e-01, 1.1445e+01
-1.0727e+01,-1.8937e-01
-2.3537e+00,-8.3135e+00
 3.7647e+00,-6.2692e+00
 3.9521e-01,-7.7404e+00
-1.1097e+01, 1.9341e+00
-8.7379e+00, 1.4722e+00
 5.4310e+00,-7.5728e-01
-6.8975e+00,-5.5537e+00
-1.0532e+00, 8.6809e+00
-1.5802e+01, 4.0110e+00
 8.9034e-01,-1.6055e+01
 1.3470e+01, 2.5412e+00
 1.2903e+00,-1.3235e+01
-4.8894e+00, 3.2193e+00
-7.5360e+00, 7.6608e+00
 1.1087e+01, 2.9568e+00
-5.7294e+00,-9.0582e+00
-5.3414e-01,-1.7321e+01
-1.3634e+01, 6.5090e+00
 4.0027e-01, 7.3976e+00
-7.1100e+00,-8.3668e+00
 8.8895e+00,-9.4744e+00
-1.3795e+01,-4.6566e+00
-9.1731e+00, 3.0605e+00
 5.2008e+00, 1.5141e+01
 1.7297e+01, 1.7493e+00
-7.8547e+00, 5.2199e+00
-8.5625e+00, 1.0719e+01
 2.0353e+00, 1.2511e+01
-1.9463e+00, 1.3863e+01
-8.1495e+00,-1.4240e+01
 1.1140e+01,-1.2899e+01
 1.2299e+01,-8.6056e+00
 1.3980e+01, 9.7206e+00
-7.6335e+00, 1.3012e+01
-2.1548e+00, 1.0094e+01
 6.5302e+00,-6.6143e+00
 1.0462e+01, 9.1292e-01
 7.0991e+00,-5.6393e-01
 1.2530e+01,-1.0732e+01
 2.2439e+00,-1.6989e+01
 8.0990e+00, 4.4253e+00
-7.3742e+00,-3.7782e+00
 1.1975e+01, 1.1766e+01
-1.5444e+01,-6.4438e+00
-5.1821e+00,-1.4877e+01
 8.8780e+00, 8.0512e+00
-1.0049e+00, 1.5774e+01
-9.3149e+00,-8.1649e-01
-7.4918e+00, 1.5697e+01
 8.5694e+00, 4.0599e-01
-5.9705e-01, 1.0359e+01
 1.0793e+00, 8.9737e+00
-5.9198e+00, 1.1575e+01
-2.6628e-01, 4.7099e+00
-3.3466e+00,-1.1607e+00
 1.1518e+01,-4.3548e-01
 4.5706e-01, 1.6778e+01
-4.7290e+00, 5.0993e+00
 3.8885e+00, 9.7838e+00
 1.4850e+01,-5.2212e+00
 5.4596e+00,-1.1254e+01
-8.4635e+00,-6.0794e+00
-9.4020e+00, 5.8226e+00
 5.7065e+00, 9.1671e+00
-1.0305e+01, 1.3521e+01
 7.6459e+00,-1.4612e+01
 6.6913e+00, 5.0797e+00
-5.8675e+00, 1.4612e+01
-6.2369e+00, 1.2718e+00
 3.5714e+00,-8.1681e-01
-1.2259e+01, 7.4255e+00
 1.9938e+00, 1.5608e+01
-1.5427e+01,-3.1801e+00
 4.7452e+00,-1.2854e+01
-9.0488e+00,-7.6015e+00
-8.9653e+00,-4.4017e+00
-1.3629e+01, 1.0873e+01
 5.6121e+00,-2.2654e+00
 3.2782e+00, 5.9893e+00
 1.8951e-01, 1.3426e-01
-6.8210e+00,-1.5369e+01
 1.1130e+01,-7.0334e+00
 1.1024e+01,-4.5906e+00
-1.4567e+01, 1.6595e-01
 9.6029e+00, 1.1597e+01
-9.4789e+00, 8.1809e+00
 1.9800e+00,-7.0110e+00
-1.2103e+01, 1.0867e+01
 2.4695e+00,-4.8757e+00
-1.1146e+01,-1.3180e+01
 5.3870e+00,-5.2448e+00
 1.7359e+01, 1.6158e-01
 2.1935e+00, 1.0355e+01
 1.5574e+01,-7.8168e+00
-5.6113e+00, 1.6213e+01
 1.6809e+00, 5.5972e+00
 4.0318e+00, 2.4899e+00
 5.4243e+00,-9.5279e+00
-4.3189e+00, 1.5856e+00
-1.2606e+01,-1.1092e+01
-3.9069e+00,-2.5809e+00
 1.1866e+01, 8.4341e+00
