0.9081993139
0.8402917698
0.3763458669
0.3504936608
0.2949437811
0.4538370441
0.5579221614
0.7449691387
0.4253206874
0.2906343651
0.2952112898
0.47442734
0.6841695272
0.3197434093
0.2873477873
0.3077898879
0.9033048404
0.3151212898
0.5442232724
0.3062220846
0.4512121669
0.970363888
0.3388143082
0.9489374875
0.4270392697
0.6019153798
0.8512429271
0.3222841426
0.8531535269
0.853845839
0.3367810897
0.3684085238
0.9997790194
0.7688745308
0.4192694425
0.5193610168
0.9709709985
0.4314636085
0.8674128993
0.3017282319
0.5008195324
0.3830752349
0.4862393196
0.6514254669
0.2924137436
0.287667733
0.857801088
0.3177945799
0.2926821239
0.6155726245
0.2894571902
0.9183350965
0.6830573057
0.3720222786
0.2985590205
0.9827606713
0.6105653216
0.6471306239
0.7546176686
0.2931431051
0.4883678585
0.2868898452
0.3864278259
0.6423769346
0.5099408942
0.7723452409
0.9502524457
0.4203969062
0.2925919793
0.6671884722
0.4185196577
0.6921546869
0.7715301363
0.588948352
0.5615296662
0.9586329247
0.3165924632
0.7880450391
0.2958705776
0.9248482758
0.6839471428
0.305262022
0.5739670891
0.3162954252
0.9081993139
0.3676314842
0.929101206
0.3385581728
0.6226253107
0.5268623134
0.3100294593
0.2867878301
0.5642386932
0.4183324447
0.6044192038
0.6923759037
0.449201667
0.3025960125
0.411288592
0.3216407312
0.5062389669
0.3827424711
0.9420222755
0.6721198176
0.9397901297
0.33817503
0.3622791868
0.534628128
0.9122872097
0.28679063
0.3799325048
0.4661096951
0.2986863904
0.2970234166
0.3001990912
0.3351559353
0.299662943
0.8268270212
0.7326510008
0.4516151729
0.7506458742
0.3944813692
0.8783557452
0.4367154064
0.7512742758
0.4900746965
0.2874990348
0.2868770722
0.6779316788
0.7470760285
0.4144227297
0.2872921768
0.4748459189
0.3147349079
0.2900699608
0.4681792996
0.3809204579
0.3215340279
0.5884937264
0.2882784139
0.829590163
0.5814516464
0.2869174903
0.3922296375
0.620805735
0.3233686223
0.6205782618
0.6412441444
0.6934814905
0.6705520589
0.7757987853
0.4587155542
0.4378907808
0.3073716549
0.3648597531
0.3997464875
0.3355288251
0.3427237313
0.4458013871
0.8404708253
0.8410075204
0.3817469241
0.6012325614
0.6217155707
0.5558953588
0.2869726025
0.2880787501
0.8330656787
0.4089108853
0.2935725876
0.2988786983
0.2867878301
0.7474967899
0.2868072542
0.2983692192
0.2872393607
0.6602203869
0.32502363
0.4636350507
0.5244306175
0.4534323992
0.4554585666
0.3702859264
0.3657791902
0.3530384277
0.7560760769
0.76907916
0.9844024764
0.5703436628
0.2905251742
0.3533238345
0.2896123895
0.8221844009
0.4700475992
0.2884434517
0.2868649989
0.3224998273
0.3330673452
0.3496550173
0.5547701462
0.9002274414
0.4074559722
0.5531958255
0.3091552614
0.2889896621
0.4986602806
0.2868193285
0.3201607573
0.2873766402
0.3416689206
0.766619773
0.2879945371
0.3085528509
0.2868282528
0.3514781671
0.3285506016
0.3789487238
0.2869899226
0.6482614357
0.7495974855
0.2879534756
0.7384057498
0.3009536445
0.4224725374
0.3570819471
0.6543603737
0.7670302503
0.2867668305
1
0.5678549227
0.4717127407
0.5071088188
0.8968097876
0.5531958255
0.7009767924
0.8305074347
0.5027670723
0.3594383366
0.2960957492
0.295537889
0.8411862615
0.3299540998
0.3677866459
0.6194408153
0.2869726025
0.2947328258
0.2908197977
0.4576957676
0.4900746965
0.7808457131
0.3279720794
0.6000945837
0.404385538
0.2869479337
0.5390839877
0.8249755495
