-3.7465e+00,-2.5445e+00
 5.3768e+00,-2.9507e+00
 1.7730e+00, 1.3718e+01
 1.3988e+01, 3.8722e+00
 1.4998e+01, 6.8446e+00
-8.1794e+00, 9.1864e+00
 1.0211e+01, 3.3677e+00
 5.1850e+00,-5.8597e+00
 6.5896e+00, 1.1085e+01
 5.2967e+00, 1.5900e+01
-1.5927e+01,-3.6330e+00
 1.2049e+01, 1.0757e+00
 7.7319e+00,-4.2349e+00
 1.4771e+01,-4.3842e+00
-1.0871e+01,-1.3306e+01
-1.5664e+01, 8.8690e-01
-3.9440e+00, 2.3996e+00
 9.9097e+00,-1.1993e+01
 2.6037e+00, 1.0573e+01
 1.3920e+00, 1.5756e+01
 5.4762e+00,-1.1212e+01
 1.9909e+00, 1.8644e+00
 9.4696e+00, 1.1349e+01
-3.3049e+00,-7.1212e-01
 1.3924e+00,-1.2808e+01
 6.5977e+00, 7.5657e+00
-5.6226e+00, 1.2154e+00
-1.4829e+01, 3.1392e+00
-2.8512e+00,-5.0288e+00
 5.7414e+00, 1.1454e+00
-1.0116e-01, 1.4778e+01
-1.6335e+00,-1.3946e+01
-3.7896e-01, 8.2566e-01
 2.8326e+00, 6.7881e+00
-1.2605e+01, 2.7844e+00
-5.0848e+00, 1.0013e+01
 2.4926e+00,-1.1627e+00
-1.0837e+01, 6.5932e+00
 2.2550e+00,-5.0819e+00
-1.1243e+01, 1.1339e+01
-6.1293e+00,-9.8119e+00
 1.1533e+01, 7.5008e+00
-2.9210e+00, 1.1413e+01
-8.8090e+00,-2.5688e+00
 1.6580e+01,-1.8887e+00
-6.0132e+00, 1.5996e+01
 4.3859e+00, 3.7098e+00
 1.5192e+01, 2.8876e+00
-1.4777e+01, 7.3496e+00
 9.5813e+00,-2.4047e+00
 1.6254e+01, 4.8086e+00
 2.7595e+00, 3.3616e+00
 7.7449e+00, 4.1929e+00
-1.3626e+01,-2.5843e+00
-9.2282e+00,-1.3298e+01
-1.9658e+00, 6.0175e-01
-7.6763e+00,-6.1393e+00
-3.2991e+00,-8.7007e+00
-2.2162e+00,-7.2614e+00
-1.3685e+01, 9.1609e+00
 2.7294e+00,-1.1516e+01
 1.7430e+01, 6.6814e-01
-5.5734e+00,-1.2437e+01
-6.6677e+00, 6.4952e+00
-6.5960e-02, 1.1411e+01
 7.0532e+00,-2.1492e+00
-1.6828e+00,-2.9447e+00
-1.8235e+00, 1.2801e+01
-7.6227e+00,-1.4723e+01
-1.6269e+00,-8.8605e+00
-1.0063e+01,-8.1698e+00
-4.7089e+00,-7.1781e+00
 5.9723e-01,-7.3124e+00
-9.5146e+00, 3.4521e+00
-1.0466e+01, 1.3016e+00
-4.1423e-01, 3.0617e+00
 4.2304e+00, 1.4837e+01
 6.5474e+00, 2.6924e+00
 1.1751e+01,-1.1499e+01
 3.7173e+00, 1.9690e+00
-7.7553e+00,-3.8914e+00
 1.2566e+01, 9.7791e+00
-2.0256e+00, 1.0195e+01
-7.1816e+00, 1.3604e+01
-8.9156e-01,-4.5015e+00
 1.4096e+01,-8.4333e-01
 1.2310e+00, 3.8392e+00
-1.1804e+01,-8.7771e+00
 7.6881e+00,-6.0240e+00
 1.0104e+01,-4.9537e+00
-2.8666e+00, 1.5371e+01
 3.3007e-01,-1.7468e+01
-1.3646e+00,-1.0517e+01
 9.0322e+00, 9.4086e+00
 6.1582e-01,-9.9797e+00
-8.5214e+00, 1.3586e-01
 7.4859e+00,-1.0036e+01
 4.9179e+00,-1.5279e+01
-1.1768e+01,-5.7129e+00
-1.2115e+01, 9.1499e+00
 8.0326e+00, 8.2776e+00
-3.5915e+00, 1.3185e+01
 1.7970e+00,-3.2646e+00
 3.9229e+00,-8.0797e+00
 3.7859e+00, 3.9027e-01
-9.3676e+00,-1.1381e+01
 1.4186e+01, 1.2494e+00
 4.1935e+00,-1.0282e+01
-2.7820e+00, 3.4153e+00
 1.6347e-01, 1.7413e+01
-5.5449e+00, 1.2544e+01
 9.5319e+00, 7.6250e+00
-1.1800e+01,-1.1041e+01
 8.5602e+00,-1.3940e+01
-7.4440e-01,-1.6128e+01
-1.3740e+01, 5.4140e+00
-4.8572e+00,-1.5402e+01
-1.0895e+00,-6.2296e+00
-5.7292e+00,-5.4632e+00
 9.4435e+00,-8.1727e+00
-6.8178e+00, 3.3013e+00
 1.3203e+01,-3.0631e+00
 5.2686e+00,-9.2433e-01
-1.1853e+01, 4.2398e+00
-2.3069e+00, 7.2361e+00
-8.2908e+00,-8.2940e+00
-1.6972e+01, 2.0480e+00
 1.6514e+01,-5.6580e+00
-4.4602e+00, 7.5471e+00
 5.0545e+00, 5.8718e+00
-1.3003e+01,-1.8377e-01
-1.7024e+01,-2.0791e+00
 1.0850e+01, 5.2942e+00
-1.5400e+01,-8.3675e-01
 6.8252e+00, 1.5377e+01
 4.8965e+00, 1.1103e+01
 4.7821e+00, 1.2895e+01
 2.5689e+00,-1.5088e+01
 5.5722e+00,-8.6363e+00
-2.2834e+00,-1.6899e+01
 3.3906e+00, 5.2815e+00
-8.4316e+00, 5.8115e+00
-1.7272e+01, 5.6434e-02
 3.4936e+00,-1.3104e+01
 9.7646e+00,-8.0580e-01
-5.4927e+00, 1.4122e+01
 5.0755e+00, 8.3106e+00
 9.3941e+00, 1.2245e+00
 5.4820e-01, 8.5442e+00
 2.9055e+00, 8.4607e+00
-6.2309e+00,-3.5549e+00
-1.1995e+01,-2.3123e+00
 1.1753e+01,-4.9043e+00
 1.1458e+01, 1.0914e+01
 8.2854e+00,-1.1499e+01
 1.1134e+01,-7.5399e+00
 2.3652e-01,-1.4870e+01
 1.3112e+01, 6.6577e+00
-9.6809e+00, 7.8030e+00
-4.5779e-01, 5.9972e+00
-5.6457e+00,-1.9424e+00
-7.7308e+00,-1.1322e+01
-3.8166e+00, 9.2021e+00
 2.7983e+00,-9.3414e+00
 9.1278e+00, 5.7129e+00
 2.4584e+00,-1.7191e+01
-9.5285e+00, 1.4081e+01
-3.0921e+00, 5.2895e+00
-6.8944e+00, 1.1164e+01
-1.4594e+01,-7.6153e+00
 1.4344e+01,-7.6807e+00
-1.6487e+01, 5.4282e+00
-7.4512e+00,-1.6821e+00
-1.6233e+01,-6.1417e+00
-1.4922e+00, 1.6113e+01
 1.3290e+01,-1.1106e+01
 8.7819e+00, 2.6546e+00
-6.4710e+00,-1.3692e+01
-2.7787e+00,-1.1891e+01
 1.0752e+01,-3.4500e+00
-1.0471e+01,-6.5035e+00
 1.3335e+00, 1.2253e+01
-4.0783e+00,-1.3375e+01
-1.3880e+01, 1.8446e+00
-8.3396e+00, 1.1635e+01
 2.2799e+00,-7.2659e+00
 7.4156e+00,-3.6908e-01
-3.0624e-01,-2.0453e+00
-9.0882e+00,-5.1347e+00
-1.3822e+01,-9.4121e+00
 1.0876e+01,-9.5185e+00
 1.1411e+01, 1.2464e+01
 1.0853e+00, 6.2911e+00
-9.0867e-01,-1.2082e+01
-7.8521e+00, 1.5021e+01
 3.5787e+00, 1.6996e+01
-1.3830e+01,-6.2451e+00
 6.7209e+00, 1.3323e+01
-1.2551e+01, 7.0265e+00
 7.2049e+00,-8.0551e+00
-1.5616e+00, 4.4513e+00
 3.2390e+00, 1.2803e+01
-1.0506e+01,-1.9564e+00
 1.3104e+01,-8.8212e+00
 9.2741e+00, 1.4199e+01
-6.5759e+00, 9.5017e+00
 4.3055e+00,-1.6917e+01
 8.1849e+00, 1.2963e+01
-1.0828e+01, 1.3276e+01
 1.3144e+01,-6.7129e+00
 5.9285e+00,-4.5430e+00
 6.4818e+00,-1.5865e+01
 1.5816e+01,-6.8501e-02
 1.4390e+01, 9.8751e+00
-1.0250e+01,-1.0091e+01
 6.8089e+00,-1.3482e+01
-1.3086e+01,-4.1382e+00
-1.3233e+01, 1.1052e+01
 7.2806e+00, 5.8432e+00
 7.6490e+00, 1.2285e+00
 1.7003e+01, 2.3370e+00
-5.1059e+00, 5.8809e+00
 1.1860e+00,-1.6070e+01
 1.2278e+01, 4.2638e+00
-1.0518e+01, 9.5514e+00
-8.9075e-01, 9.1194e+00
 3.6710e+00,-6.4753e+00
-2.4292e+00, 1.7286e+01
 9.8707e-01,-2.9433e-01
 4.1780e+00, 9.6736e+00
 1.2053e+01,-1.5351e+00
-1.0120e+01, 5.2543e+00
-4.7709e+00,-1.4077e-01
-4.5549e+00,-9.7381e+00
-8.0444e+00, 2.3534e+00
 4.2896e+00,-4.6315e+00
 6.6291e+00, 9.4929e+00
 1.3350e+01,-5.1591e+00
 1.5145e+01,-6.3834e+00
 1.6104e+01,-3.4554e+00
-4.5983e+00,-3.8365e+00
-3.0954e+00,-1.4693e+01
 1.0717e+01, 9.1329e+00
-6.2770e+00,-7.4027e+00
-3.8119e+00,-1.6911e+01
-4.4222e+00, 1.5784e+01
-1.6222e+01, 3.7977e+00
-1.1506e+01,-4.1711e+00
 9.9246e+00,-6.4615e+00
 5.9020e+00, 4.1095e+00
 1.4115e+01, 5.4362e+00
-5.8887e+00, 8.0406e+00
-8.6553e+00,-1.0025e+01
 1.1338e+01,-1.3212e+01
-7.7942e+00, 7.6263e+00
-4.4958e+00, 4.3696e+00
