0.6437129331
0.3343621834
0.3497933927
0.5115808995
0.3007656054
0.8642835921
0.8220366774
0.8222247482
0.7182698103
0.6156907147
0.3681900507
0.7368343322
0.6166036135
0.7732713832
0.5379039494
0.7060133569
0.4301527398
0.4003283433
0.7573479239
0.5502336122
0.3095845951
0.3009003496
0.3999740293
0.379349525
0.9632996505
0.7836266962
0.4538854828
0.2908444978
0.3346072841
0.509176848
0.4128031659
0.6721962284
0.5002663722
0.6775816987
0.7916355456
0.4694841376
0.7882442063
0.7677263147
0.7005031724
0.9271639213
0.3413115628
0.5150873162
0.3466335032
0.9612038129
0.4438553556
0.3943626841
0.2877099493
0.3386072467
0.287670471
0.8300569286
0.6437129331
0.3053284671
0.9775446739
0.365111748
0.5603810001
0.3315853586
0.7722477377
0.6072450797
0.2903567794
0.2892473574
0.4166936442
0.9229189902
0.4053323735
0.6003977993
0.305173563
0.9074222951
0.7537879498
0.7321170569
0.379349525
0.9320729757
0.4118831669
0.2955017997
0.3373414848
0.2947852387
0.3226443125
0.3124205082
0.9868083607
0.3643500069
0.4326661181
0.953988188
0.658445844
0.3778818603
0.5013486337
0.6739930475
0.292335485
0.3337519699
0.5994850201
0.5135518796
0.3871665899
0.5383507173
0.8254106994
0.3007656054
0.491012328
0.7402506161
0.5689840225
0.472400772
0.8731468452
0.4460452737
0.8716587138
0.2881923019
0.8836847608
0.6147777712
0.4676160008
0.4021061841
0.4478441346
0.305484026
0.3940156219
0.3530248378
0.2877320563
0.4985373783
0.8625845512
0.4534806033
0.3264902222
0.314181523
0.9834246616
0.8111972077
0.5547376086
0.2877724088
0.4524697167
0.3056402393
0.3106288525
0.3030012882
0.3713179309
0.2883997101
0.5276652218
0.3341176625
0.5889942981
0.2899368186
0.2914443769
0.5828445457
0.4927265613
0.3878434968
0.4003283433
0.6751152252
0.6330212941
0.2934525592
0.290677589
0.6473459812
0.2937731461
0.3305198531
0.8352047291
0.2991376805
0.6757882185
0.312694756
0.7197929817
0.5887664057
0.2901425418
0.357930569
0.6947491556
0.7353358503
1
0.6300597753
0.9242563678
0.2947852387
0.4998338194
0.2912627497
0.3342398505
0.3372156942
0.3151312984
0.2930091626
0.4028202313
0.545964466
0.2877639876
0.8320863879
0.2883003082
0.3080616871
0.5500086793
0.5234583151
0.9121531541
0.6943055883
0.3764237605
0.2943907884
0.6188856256
0.3187817532
0.5976596624
0.2964167459
0.403535932
0.4115158533
0.9481063231
0.2953973893
0.4865293803
0.302712543
0.9924578633
0.7009448166
0.2881486392
0.8016963367
0.2907772142
0.3604401083
0.4001511339
0.9097289819
0.5219118982
0.3344846613
0.5028658891
0.5935538153
0.2888390661
0.3778818603
0.5392446323
0.2894726936
0.2950373181
0.454290661
0.308901291
0.6914191965
0.5732953477
0.7801925334
0.3101038334
0.3242698661
0.8593333143
0.3090711499
0.9255839057
0.8607059257
0.2884168894
0.2875660633
0.2954495094
0.287575715
0.2985772641
0.3326627494
0.8603632722
0.287717143
0.555414056
0.4500513074
0.9707604085
0.2883997101
0.2877029311
0.5439457327
0.2891517406
0.3001675137
0.6498414114
0.2963615671
0.3493771527
0.5026489903
0.5250066356
0.3243794502
0.9470785085
0.9064054976
0.7349072865
0.6234483215
0.3607378019
0.3252615655
0.5432733403
0.3181752914
0.3814862264
0.3227516181
0.3757788049
0.349238677
0.6266408272
0.4082278272
0.9466190127
0.4526717436
0.2876960883
0.3247091103
0.2879197652
0.7101855733
0.4297673763
0.2877476712
0.3514705033
0.4500513074
