0.3023211215
0.4290236287
0.8360458578
0.3791467841
0.4961232925
0.6683359942
0.8442452586
0.9691229519
0.5839008665
0.2967756157
0.2865382718
0.6349882064
0.4659661017
0.2930438512
0.5639919311
0.6523883154
0.8170977904
0.4223482593
0.2938374277
0.2999112977
0.3801324278
0.354899456
0.5010796822
0.4409095808
0.3237164706
0.2962433103
0.2868634193
0.6456199373
0.3931421804
0.2880446512
0.2865863015
0.5125966583
0.2885167487
0.4833242218
0.7426964135
0.2873252386
0.5413231132
0.3149938602
0.3682725797
0.818410517
0.5222501141
0.834964164
0.7731116136
0.8083836968
0.2863842073
0.9002224451
0.2979439534
0.2875440101
0.7865569056
0.3739609421
0.3633492434
0.8182232029
0.3187027827
0.5484784045
0.6034301098
0.3291791483
0.2879714322
0.3163723274
0.5653455862
0.288629285
0.3757300006
0.4407122525
0.659589437
0.3319169492
0.3992691719
0.3095221156
0.3398059725
0.2936853191
0.4248149618
0.6716903499
0.6571163735
0.7170507343
0.6923466516
0.5782343556
0.6616109374
0.2918472804
0.9071390119
0.4250053361
0.6465232688
0.3211143864
0.8553714394
0.916561908
0.6061572493
0.3011633459
0.451278779
0.4371742001
0.6602634656
0.4060653158
0.5502714656
0.287179357
0.3504809544
0.6703492909
0.8826262357
0.2923394444
0.3750850498
0.8953422147
0.5357535353
0.8840351884
0.8362258687
0.530203736
0.5032427339
0.8545142416
0.374121173
0.2864139046
0.5608360332
0.293435201
0.9498876452
0.8830966917
0.359889707
0.3110423618
0.2863242852
0.3471480102
0.3338667839
0.467206233
0.4098833762
0.3854587243
0.5178524757
0.723953837
0.4251957996
0.287382816
0.2874419593
0.9759299443
0.9116286578
0.5516173067
0.329061867
0.6631819809
0.2862975546
0.2863001753
0.550047245
0.3098756877
0.9911208674
0.2980704474
0.3003918419
0.4104323558
0.3809569668
0.3021008332
0.6505849519
0.7131486883
0.3941832906
0.2977554646
0.9718363992
0.8091474091
0.4286392672
0.3412409503
0.3664114796
0.3468737678
0.3591465187
0.9414079771
0.577328377
0.4381543422
0.3072023775
0.3467368498
0.79327129
0.717699764
0.3044481774
0.9356259011
0.9204444179
0.7194286471
0.8659934326
0.2874822579
0.328245012
0.6485548025
0.7271741888
0.4468662884
0.2862986028
0.2903065194
0.2863342434
0.3309559268
0.3058829882
0.5350864825
0.4348302871
0.3373673237
0.7407967064
0.8569091879
0.4532964702
1
0.5664741256
0.3281289069
0.4244344812
0.542439257
0.2863274299
0.4797345406
0.4255769936
0.361535923
0.4565400305
0.5408768581
0.2866172137
0.3344836668
0.2863158992
0.3052388067
0.2863417557
0.4719819109
0.3922775439
0.2863499667
0.8002976266
0.4075146692
0.7265309277
0.3213278992
0.4150410247
0.4428872635
0.5771019135
0.611838634
0.6054754569
0.9546248491
0.3161735405
0.2957246199
0.4472659003
0.4871432167
0.3551888571
0.7448024036
0.730811562
0.2884069841
0.8832533315
0.3182916342
0.9949338544
0.2862980787
0.288119432
0.3387729827
0.9408292073
0.6304556545
0.9520193002
0.759810542
0.3083047162
0.2909651847
0.3537470808
0.2863090855
0.2863635932
0.4606202788
0.3659489768
0.5543115795
0.5207091613
0.3302412711
0.8324294025
0.3638054004
0.2864628154
0.4087880597
0.8078101759
0.2869063664
0.2867693116
0.507582988
0.3411098009
0.2867693116
0.3829475388
0.3120504574
0.3131719595
0.7340098382
0.6068390423
0.7527579659
0.3019547953
0.3378764972
0.6607127101
0.2863543342
0.3062908599
0.8851260225
0.4884202573
0.3430916059
