0.2903969085
0.3610775835
0.6559860211
0.9775457942
0.549829941
0.2883980594
0.3045288863
0.8434971413
0.4378763366
0.5193565318
0.3621282204
0.7978455303
0.9892340283
0.7028064286
0.3240509652
0.2892797953
0.5310712044
0.4980045865
0.3295034315
0.3570839127
0.3475865359
0.4576819
0.3168232248
0.771850348
0.7465436003
0.3260553774
0.4151509296
0.6795521792
0.6663425112
0.6035314584
0.8253179429
0.2885874483
0.3981460677
0.3378062982
0.326394164
0.3292694172
0.3845703868
0.2951727322
0.5090619185
0.4205713854
0.5574776377
0.9039707935
0.2871956645
0.7712381443
0.6864544061
0.528188219
0.423216115
0.9989683246
0.2874528761
0.2928035971
0.8973316704
0.2870223927
0.8343218344
0.2880326049
0.2993267291
0.3055471675
0.5121184578
0.3010090973
0.3098063885
0.9199306709
0.5184767833
0.650791793
0.2870293944
0.3445996741
0.4283666947
0.3562092296
0.5482589543
0.3073329917
0.6616201976
0.2868858486
0.4000896039
0.3693418605
0.8144297008
0.4522060821
0.3127844522
0.6387890677
0.7648812575
0.3039920099
0.7931276731
0.7813709527
0.3080861224
0.6421902814
0.5762459842
0.4717000627
0.5426590723
0.4099935139
0.3814089314
0.3395980019
0.921404231
0.3557736481
0.9667353244
0.8479199108
0.4924174462
0.4611566437
0.6096801036
0.2874388804
0.2870750784
0.8465100593
0.8273549955
0.5518516195
0.9686438649
0.6964203854
0.440038883
0.6564372212
0.2890818449
0.2891375344
0.8908125323
0.4493881012
0.2969106346
0.8629148557
0.2878595182
0.3008706878
0.9155768893
0.593970086
0.6846759278
0.3035382147
0.4667167051
0.37488993
0.5935149805
0.411459291
0.4424092608
0.6795521792
0.2936460078
0.9874682408
0.7813709527
0.9767584948
0.7683742009
0.2911303167
0.5534254209
0.3951675223
0.4949917377
0.6226562016
0.9417120609
0.4550387243
0.3206083839
0.4134849175
0.4967121292
0.2869900094
0.9051312295
0.35929104
0.6372008334
0.3183323017
0.3867570894
0.8750062175
0.7486482782
0.3229584741
0.6156004379
0.2872387139
0.9424132474
0.2914429815
0.8733769853
0.5469134198
0.2935977557
0.5114627536
1
0.7310283648
0.3154462857
0.2872499134
0.2958261998
0.34513781
0.8354117825
0.9747422134
0.3639437523
0.3199802643
0.4268338172
0.2915228685
0.7305996959
0.2877005594
0.8366798771
0.9099955284
0.7486482782
0.6317511364
0.3662386044
0.4904917852
0.4347487069
0.3812436846
0.2889456594
0.4786124188
0.503192464
0.4443934005
0.287067027
0.291482839
0.423595394
0.7613718268
0.3440637411
0.2905380691
0.468996044
0.2897325887
0.2871457872
0.3604800218
0.295496418
0.5145260509
0.5919223053
0.329152631
0.3578163889
0.6306150196
0.3540431116
0.3862507781
0.4943474511
0.6492090568
0.5337375983
0.3598845053
0.7755123279
0.3005275657
0.3174226731
0.3193576641
0.9045517651
0.3270757635
0.9143345023
0.2881140648
0.6099078305
0.4306765481
0.4721170373
0.404373592
0.3925650594
0.2871363364
0.7256568871
0.2896699635
0.5308492265
0.2874528761
0.5930598989
0.3631850715
0.3428659735
0.7032457302
0.8501999313
0.8458032107
0.6897836994
0.8115742268
0.545344858
0.6435498948
0.5994329384
0.5719392632
0.3604800218
0.4560538781
0.3792697415
0.3779630837
0.5484833028
0.7178734127
0.3372994832
0.7689888679
0.2872845608
0.4328048808
0.9750694224
0.3154462857
0.2872728368
0.3163279562
0.2873715224
0.5242064487
0.7058784253
0.3158365795
0.5014600141
0.7408355352
0.3422053998
0.7359446135
0.3073329917
0.434164668
