0.4252559566
0.9013034095
0.3014049441
0.9662126813
0.2872487621
0.2870170118
0.6562218226
0.3486119014
0.2872042001
0.6893052761
0.2865947562
0.2877806894
0.661848211
0.7599789221
0.3667918464
0.2867112271
0.7946842093
0.3972147688
0.776345098
0.5199290317
0.7164945551
0.6721639451
0.4431486866
0.8424635106
0.8292758638
0.5620948755
0.287477474
0.4555911372
0.3511263033
0.3258372063
0.8905216082
0.3046859707
0.354114301
0.4233551705
0.4850982271
0.2949267011
0.33153912
0.2917625504
0.350844784
0.308367704
0.3353274913
0.3380996046
0.5686444985
0.2872793425
0.4796001885
0.5403220527
0.3853540758
0.2883684456
0.6428969087
0.6031465635
0.2866760778
0.3733892663
0.901010405
0.4668633549
0.3816833958
0.2902077579
0.7708633785
0.7283581174
0.9855169168
0.4823442644
0.8632172483
0.3490279488
0.5197090578
0.4269743081
0.7154096271
0.4093949137
0.5465824486
0.3226307802
0.3007036746
0.6652175428
0.5403220527
0.3225224726
0.2880598719
0.3178062859
0.7871746024
0.7863786942
0.6231607975
0.31600699
0.3555575739
0.6539677252
0.3614602702
0.9534293182
0.6431232303
0.5806490276
0.4703891158
0.9872076601
0.2967859813
0.3060383362
0.2921502432
0.3590745042
0.3961629891
0.2939397744
0.9950619205
0.4441411399
0.2883684456
0.4906348501
0.8257765601
0.5752081674
0.9324375908
0.4252559566
0.706475181
0.5704538683
0.2925065002
0.4192054264
0.3620618014
0.820757535
0.7231975422
0.9623755699
0.2937398122
0.555336841
0.6786397705
0.3595193439
0.2890152172
0.4237346076
0.3986230438
0.336831018
0.9581581184
0.2891327228
0.3211282695
0.3060383362
0.3337219369
0.3442500217
0.3586308195
0.4664498149
0.3806918869
0.5542124184
0.4036043988
0.6010992594
0.2882703715
0.3614602702
0.347783449
0.3865334844
0.2907206256
0.2899639971
0.8620392881
0.3130265253
0.2949803401
0.4207092878
0.2897617919
0.5343073248
0.3995066199
0.9232466897
0.2923716209
0.2958052215
0.2882462873
0.8124642171
0.6117913485
0.369436357
0.4827673135
0.8657274991
0.4403804234
0.2980020003
0.777759109
0.7585294468
0.6890838016
0.9005701971
0.6647685943
0.8026795697
0.6703736017
0.2868738376
0.525440963
0.6526143519
0.8650599643
0.5779276939
0.4627400905
0.2989579486
0.2909897157
0.4409722973
0.5745285885
0.3751523203
0.3132142669
0.8728170131
0.9510889825
0.9024716824
0.2871753645
0.5137851159
0.32295661
0.6349670728
0.4716379977
0.7317839766
0.603374051
0.6487762555
0.5729434013
0.7958612934
0.7601857676
0.306363354
0.4308183892
0.5334182268
0.7807790201
0.5447915169
0.5320855736
0.2898621173
0.9444496885
0.349863674
0.8742806608
0.383845795
1
0.2882703715
0.2865973797
0.5020325199
0.3172009451
0.2867112271
0.8849528936
0.658248819
0.4403804234
0.3657132881
0.2868449898
0.7238440161
0.4735156397
0.2980020003
0.8239239624
0.2949803401
0.7958612934
0.9344095815
0.9806106716
0.7075682859
0.2889004839
0.3398993628
0.2884438252
0.6661151603
0.5376460369
0.3090564009
0.7861795578
0.5441203711
0.5494963512
0.3089697531
0.3281217418
0.3335994397
0.2895018614
0.3008426058
0.3077735189
0.3740287089
0.9083644595
0.8652269755
0.3925119792
0.3289353198
0.5070219765
0.3268578971
0.2879058886
0.2947138388
0.335078904
0.3287021318
0.9746478774
0.5003029972
0.42582794
0.3159085031
0.3079424825
0.4615084386
0.4182685253
0.3450572299
0.9627578604
0.6190691203
0.2869147472
0.2867381563
0.2886257881
0.4693501606
