0.412814229
0.2863962759
0.7091222205
0.3677904805
0.8894909364
0.6267627201
0.3545903895
0.9565198487
0.8548034593
0.424808187
0.2903222956
0.2862050873
0.5173928929
0.4299792468
0.4232884038
0.4958931535
0.3933062588
0.8101052338
0.2984445902
0.5062612389
0.4363845808
0.304463705
0.666235527
0.3119057051
0.3006005434
0.7332437247
0.352297205
0.6001973679
0.6358255585
0.4269071915
0.9809056061
0.3123700282
0.504959201
0.6285765697
0.5339497261
0.8169064229
0.3400378471
0.7302590624
0.378643437
0.9057235581
0.3441358894
0.7266225956
0.3302067702
0.6502831622
0.704541325
0.4340447486
0.7650102145
0.6765083256
0.7749783256
0.568242868
0.4922487333
0.3789709076
0.4643068413
0.2884107745
0.9639373936
0.6740568313
0.4106082706
0.3395187909
0.8101052338
0.3600207933
0.3640937109
0.9622601417
0.8379910245
0.2900241629
0.2912406464
0.3452149325
0.9482573408
0.4066004969
0.4117095116
0.6898181337
0.3597227633
0.5134513457
0.615642712
0.2921128561
0.2942189364
0.997322083
0.6190483241
0.6151885555
0.2938033307
0.8241681938
0.8806435532
0.2892939857
0.4278648109
0.5088702465
0.3064778308
0.3300880806
0.372033616
0.2914096159
0.5069128787
0.4418901569
0.7666472906
0.3554589714
0.3135004375
0.9587036206
0.774169955
0.7091222205
0.297000201
0.3864599064
0.4466589985
0.3668596226
0.7635747511
0.3544460823
0.2863454714
0.2861647484
0.296637949
0.2940097784
0.3321255903
0.7830081111
0.82324347
0.9525228118
0.3483656572
0.9415472191
0.389519115
0.6120090751
0.3424011744
0.5680170768
0.7765921564
0.6590588555
0.8523980833
0.3033801045
0.5386202
0.7629586949
0.2983799559
0.8736161601
0.3633325516
0.3068094611
0.3168253685
0.3706094309
0.6780666248
0.3784798756
0.6446430987
0.5426340837
0.5399571061
0.3409515688
0.3204345525
0.5348382695
0.4432763982
0.5399571061
0.3198025207
0.2999085839
0.325460964
0.2867587946
0.286863836
0.2883003681
0.3212857778
0.455313116
0.6773989507
0.2865624584
0.2903222956
0.4709303504
0.861082357
0.7615192414
0.5992888805
0.2862747587
0.9310385581
0.5664370084
0.8913161037
0.5228888327
0.5330617006
0.5180511063
0.3809454263
0.8761912786
0.3832698714
0.716285417
0.3306829866
0.4210195441
0.7792062865
0.288523951
0.3047000536
0.4532882793
0.9147795896
0.6038316525
0.2887887199
0.860071922
0.3430656192
0.5459860066
0.3015970029
0.3059852218
0.2927640339
0.2941140187
0.4170807738
0.2896669831
0.318451975
0.5134513457
0.2876051802
0.8901007842
0.5970178762
0.5040921049
0.3318837063
1
0.3187613437
0.3827698992
0.352297205
0.648930514
0.2953053038
0.2900241629
0.5292935281
0.814838147
0.2904754873
0.2869943329
0.5215675954
0.3980249484
0.3989071987
0.2884107745
0.5536053771
0.35574954
0.2867587946
0.2867879354
0.7674644379
0.6269894822
0.5732142609
0.303303927
0.4288246156
0.8814312939
0.3300880806
0.7511582775
0.6430620662
0.9193542178
0.3125568592
0.315729996
0.2861657962
0.4210195441
0.4618406538
0.4604066088
0.2876276659
0.6556871335
0.3656253736
0.6263091704
0.5036588383
0.9044378954
0.7429839322
0.325348319
0.894328768
0.2869774114
0.7680766865
0.4711384097
0.2872109654
0.4165214354
0.4238576506
0.2861673679
0.5097413516
0.2910744167
0.4381472769
0.6410282304
0.2865507639
0.4567348113
0.9338609302
0.6511845714
0.3166248173
0.2870995171
0.319488563
0.5187096802
0.3765262184
0.8383487752
0.440113585
0.2873286753
