0.5116493463
0.7003871084
0.3479238648
0.3589465582
0.8034694676
0.7997943474
0.8995067226
0.3563003439
0.3443804552
0.7892170405
0.3430421906
0.2988658625
0.4478013884
0.5706842256
0.9716964262
0.5327883184
0.5125228293
0.8530155663
0.634443759
0.7572195623
0.451818223
0.3082603113
0.5410220368
0.9553071109
0.8839078614
0.4245635184
0.3345592804
0.438483809
0.4328238744
0.7580476306
0.4213429002
0.9326933959
0.6317248702
0.8542195043
0.2874005592
0.4902689033
0.2863663648
0.2896558461
0.2966134232
0.3784374891
0.7321999364
0.9901454781
0.7703601367
0.8137777521
0.9541782065
0.3168263656
0.6509421335
0.6920262761
0.6090239277
0.4123933582
0.8703173705
0.8497275181
0.8593333617
0.2870359109
0.3235597078
0.326928879
0.2868945421
0.74742487
0.6491381675
0.4074559751
0.3970967248
0.3157323464
0.7717829929
0.3617847675
0.2949024149
0.6700291739
0.591304457
0.4589186815
0.3009076093
0.2914603524
0.8845316439
0.380736984
0.2890968126
0.2999362444
0.3125633513
0.3039378227
0.7939418889
0.754730087
0.6484613916
0.9562212575
0.3212816186
0.3929124386
0.4574915323
0.5713623888
0.4845253794
0.2866424583
0.3008371524
0.6258289804
0.2973401678
0.4638377533
0.7617629226
0.8223944274
0.8364651645
0.4365242211
0.4416360785
0.9042969165
0.3429091211
0.3407988274
0.4085469994
0.4819859144
0.6394239513
0.6822854922
0.4548504033
0.3450547316
0.5922125981
0.5396839917
0.3850669667
0.3072419509
0.4744186672
0.5374563068
0.4111064726
0.3293667054
0.5740763782
0.5448187798
0.9232018324
0.7324131247
0.819227983
0.5770187938
0.5428077231
0.2963177401
0.3493110652
0.4187103909
0.5797367702
0.4714973608
0.3374457959
0.2866780762
0.3235597078
0.3261307474
0.2908432222
0.2890968126
0.2956820269
0.2869872201
0.549295607
0.9378803985
0.5679729918
0.2915028651
0.9962606696
0.3123767752
0.411841256
0.2871556181
0.9711124651
0.409824341
0.6653285514
0.5281348912
0.4636320012
1
0.2893865579
0.2862563193
0.3313875396
0.3010490179
0.4232342236
0.2905298696
0.5999350328
0.3255651094
0.2865551528
0.368843738
0.3470980107
0.3524099378
0.9858582644
0.2869713382
0.7858476789
0.7972656792
0.3896437586
0.4287696401
0.4390732816
0.3662044366
0.4160960468
0.2931959306
0.6977523041
0.7115251485
0.3297202569
0.3078331866
0.2866424583
0.5059889029
0.6556719329
0.582229699
0.588807614
0.3233398824
0.9028561422
0.2866660292
0.2946320007
0.2937951065
0.3224666011
0.5681988386
0.5263661926
0.2932449274
0.3146571149
0.2870195065
0.4480015107
0.3976240475
0.916700248
0.6003894272
0.293492461
0.6818413061
0.6078877923
0.3671319008
0.5758868307
0.3127505567
0.2862966711
0.3182457908
0.2866309346
0.6836173323
0.2863130907
0.2946320007
0.362690544
0.2885311076
0.9468072944
0.7373033035
0.4502078734
0.5336763665
0.7632028367
0.8630357609
0.3379554611
0.4966967236
0.7121771732
0.2867943468
0.6671205311
0.4538378415
0.5546810492
0.2865865839
0.8717863121
0.3713599931
0.3455966123
0.7754283197
0.8412910189
0.6715936067
0.6769475733
0.6103872507
0.8366449163
0.3563003439
0.5204142142
0.4022334002
0.2868945421
0.3505710017
0.6793961797
0.2906460888
0.4951927023
0.2863995501
0.3735870221
0.2864702824
0.912328128
0.3577653113
0.4750462595
0.3055961845
0.6561219455
0.2862895093
0.289519822
0.8891640685
0.6119777138
0.4558647819
0.2864879208
0.7472152001
0.3363073285
0.4394666699
0.3704127632
0.3250031949
