0.6670510503
0.4094186359
0.3748524136
0.2974028372
0.3457537059
0.4112491027
0.3563047546
0.5215001675
0.2887503155
0.9015020054
0.3057336252
0.3168188354
0.5287899365
0.6690685514
0.4358923977
0.4320034109
0.9781505983
0.3117480592
0.5673210408
0.7128429151
0.521279906
0.4515718406
0.5122839445
0.697737229
0.5314504932
0.3593917593
0.8936162395
0.2969217665
0.7892056186
0.3321599923
0.4808933046
0.3860497191
0.3887608422
0.671531667
0.5138148868
0.4186672645
0.3414836883
0.7498199487
0.8603991922
0.6992777269
0.2976473991
0.5893106872
0.2888329894
0.3102153398
0.6831317303
0.2879012683
0.3595401761
0.3583564361
0.8187447926
0.467097289
0.9503887694
0.6263780296
0.295051244
0.7322538016
0.3180277286
0.4256618529
0.2905135225
0.4729165884
0.9761398911
0.7264680176
0.2908134982
0.2876978138
0.8794783287
0.3614812148
0.712625304
0.402911185
0.7618826625
0.5977222005
0.6733210858
0.6356842114
0.2887231044
0.3175213175
0.2886425123
0.5468381212
0.298144563
0.3452122467
0.6093242846
0.6817971636
0.9932085869
0.2873592461
0.3191553938
0.386387049
0.2866297275
0.6964154328
0.3626863712
0.5149096971
0.3872323297
0.4874642912
0.2936578666
0.2891198384
0.395661455
0.778207653
0.6372712693
0.3561591785
0.9482025327
0.3005139314
0.9970360555
0.5943111979
0.5294546064
0.3127642159
0.4421838393
0.3327652833
0.5576196897
0.8738441926
0.7635319059
0.3683644873
0.4666835916
0.497097496
0.3830340173
0.3082149919
0.6791248763
0.4177317074
0.3030979863
0.4382418662
0.5024945023
0.933110674
0.377113859
0.287425294
0.9051307579
0.6485879084
0.2877771062
0.3224329985
0.3274491225
0.5290114579
0.2875475903
0.4409978492
0.652426527
0.9509288087
0.8937674299
0.3915002423
0.8337052508
0.8430454168
0.3381191955
0.3103932757
0.9361681111
0.4256618529
0.2877371117
0.8615831061
0.3046255338
0.2870965719
0.6762252897
0.3231933114
0.2872208419
0.6081867317
0.9441626369
0.7473017315
0.3009297558
0.4735430772
0.2869864427
0.8610762177
0.6849094778
0.6254692863
0.8033066744
0.2868004115
0.8376826063
0.2895825854
0.2870096935
0.5177610909
0.2871364243
0.3469799728
0.2922552145
0.4578551119
0.5486310849
0.5868117399
0.8636030871
0.7721300393
0.3248474218
0.5305630876
0.3984697298
0.8868735237
0.3241817184
0.5936291328
0.3200918485
0.3046255338
0.8828069346
0.2866480918
0.3610313722
0.4435711314
0.4153102487
0.3493262269
0.806200362
0.2982074614
0.5033608652
0.5437045831
0.291243946
0.4883161408
0.3110210627
0.2873115414
0.2899807988
0.2877973646
0.4702084392
0.3082149919
0.7163191567
0.9175665434
0.305813993
0.3138945025
0.9756653276
0.5977222005
0.3129510234
0.4517734217
0.3109309021
0.2897125584
0.806007933
0.4866133357
0.3226494748
0.8462289274
0.8261940549
0.9353183973
0.3571809395
0.7953191311
0.5365634282
0.6343234163
0.4318098532
0.5781879059
0.3663500902
0.4455597004
0.5399070301
0.3342327324
0.3050176215
0.9483128338
0.3589472786
0.7984496856
1
0.5943111979
0.9491914968
0.3758187697
0.4214878498
0.7868223652
0.306299604
0.7322538016
0.2999687778
0.8324319042
0.2875841007
0.6846873653
0.6152388982
0.289031964
0.3657344791
0.3654274188
0.2889172241
0.2870708765
0.6386311226
0.5425867867
0.2866229064
0.2866113628
0.3649677623
0.3476659909
0.6422550693
0.4621507309
0.6501691302
0.3371031323
0.3009297558
0.428724661
0.3120232965
0.2871096815
0.3479413467
0.3095975851
