0.4023589478
0.3376332368
0.292641416
0.9784544104
0.2878127059
0.9283032294
0.682779983
0.5276095895
0.3986283805
0.8464480371
0.5141943055
0.7574041635
0.5642621331
0.5322596188
0.2864108583
0.4747726224
0.3375058233
0.4668698593
0.6876524931
0.3830049448
0.2974163562
0.5852938003
0.2909998398
0.3373785509
0.3000375429
0.7285765831
0.8678477211
0.3361136081
0.2987593249
0.4929785474
0.2887450042
0.8740380412
0.5030968275
0.4262244422
0.6492150872
0.2890894375
0.2940910237
0.8372392458
0.475191086
0.3423134469
0.3265119135
0.3213105188
0.2953983764
0.3402110247
0.3785464238
0.5192355428
0.3966925253
0.8751646754
0.6528192062
0.2871759095
0.6322669323
0.4798102763
0.4588583779
0.5599820435
0.3473101563
0.4386239067
0.302998722
0.2862207877
0.3056627622
0.419219077
0.4151132164
0.8815198525
0.6118522706
0.3385290769
0.4114202913
0.6318139789
0.286152707
0.9800967639
0.5671944435
0.5923253159
0.484882072
0.2864323235
0.2964425674
0.9461515003
0.8161340579
0.3965171675
0.3603764356
0.3341192747
0.9540403289
0.6832235537
0.2898770606
0.2867594629
0.8012698783
0.3342428492
0.7889599385
0.8119851125
0.7117669435
0.9963095745
0.447743452
0.6433489899
0.3026228322
0.4940496458
0.4294839562
0.3801879779
0.883710602
0.5780444072
0.4998556772
0.2914204428
0.3003838478
0.3647645075
0.7869819919
0.7017363018
0.2861097608
0.29154996
0.6166200053
0.3530627264
0.2969850517
0.3608254621
0.4989932179
0.8434610863
0.786585631
0.2863228975
0.5492031848
0.7370905162
0.4899864977
0.9612572027
0.2976037075
0.3040729214
0.5837071092
0.904206167
0.623881047
0.3448559725
0.2870624027
0.6586654178
0.2868541769
0.3911338009
0.2953983764
0.9908626809
0.3741724046
0.2871954359
0.3780562135
0.7532563492
0.6593390893
0.3740120518
0.7154527047
0.4566177901
0.8072285782
0.3082546187
0.9495259398
0.3544995389
0.5404874438
0.3432443958
0.4617223244
0.5422718717
0.4695630034
0.9084607323
0.787576052
0.2865628467
0.3626329423
0.2997634745
0.3030743902
0.6374726003
0.3071489047
0.2865888441
0.3302409721
0.338786297
0.9475787618
0.4629538756
0.3384006776
0.5093929624
0.4243189605
0.5989082783
0.2867144567
0.4325745583
0.5939139515
0.4570245301
0.873068949
0.6036769431
0.3054201544
0.2954549578
0.4594709305
0.8413387771
0.3326475798
0.4652180739
0.7379376896
0.2960300244
0.2906756901
0.291992791
0.6566432705
0.3036086381
0.9376948332
0.6025414759
0.4411841798
0.2920380131
0.2941435538
0.4099538986
0.4003991772
0.3162441035
0.4425683987
0.2860992858
0.2930760119
0.9842315115
0.7379376896
0.6324933928
0.7964166272
0.7855936092
0.7997214376
0.3079115146
0.8383126917
0.3325258742
0.4358820699
0.5957298392
0.3425787429
0.5260629941
0.7569903678
0.5074348839
0.286152707
0.3453975411
0.601633127
0.3321616234
0.7962216221
0.286131758
0.3530627264
0.6600125681
0.6785601434
0.3562409379
0.873068949
0.3691004368
0.2862565713
0.4352966363
0.2885076394
0.6186627678
0.293473875
0.7782036086
0.8464480371
0.2860914294
0.3815095013
0.9328907188
1
0.4372509769
0.2869902101
0.2873789949
0.3155504776
0.7609124544
0.8640406175
0.7469943369
0.9293067479
0.290324144
0.2863052692
0.6295485872
0.3536358792
0.2862883387
0.2863412235
0.2861780198
0.72450641
0.431219726
0.5633604921
0.4075843417
0.6962516714
0.3873763889
0.3091235659
0.5438347366
0.3167441938
0.3883958711
0.4584503611
0.3292946192
