0.2918262721
0.2924308537
0.507061669
0.302058836
0.335248915
0.2926097573
0.9759446597
0.7781537253
0.4331670614
0.6693692346
0.7162069245
0.3318274305
0.5363590781
0.4748017688
0.3368757761
0.3702514981
0.3437554544
0.2873210704
0.2880306527
0.2910595744
0.6740709749
0.3271379486
0.5088034161
0.4335554602
0.5288059919
0.3916761847
0.3093870726
0.3341368108
0.4489592878
0.5995836604
0.6384646897
0.58821173
0.2905707766
0.3554481268
0.9023458921
0.2892794218
0.2904621132
0.9673402846
0.7406712913
0.4256623899
0.9420511347
0.4633861846
0.8846188318
0.3620948537
0.3908167235
0.9469609322
0.8412866956
0.9126206391
0.3043742461
0.3230116542
0.5850307178
0.3089536139
0.3515866518
0.5094573203
0.2991747305
0.2965266187
0.7745098475
0.6009490803
0.2882746633
0.2987225489
0.9728377913
0.3153833914
0.4990453274
0.3734190723
0.2915774563
0.6493314537
0.3059514276
0.3500411865
0.4222441229
0.4160545232
0.2904621132
0.341637153
0.8814642202
0.3648258293
0.2875046447
0.4650341644
0.755172805
0.3249934101
0.3326721696
0.7741037643
0.4821659647
0.5932135927
0.3507416661
0.5770869799
0.8970255113
0.2867639649
0.8825723915
0.6398248457
0.2982157914
0.534355983
0.8296966185
0.3269096739
0.2895540788
0.779565457
0.3710388579
0.7749156904
0.2896487477
0.7653157954
0.3756649274
0.8801924098
0.2873499206
0.5911669659
0.7072712084
0.3247708088
0.4441677369
0.5001247301
0.408508576
0.8624766662
0.9641950512
0.383206155
0.8412866956
0.3737384776
0.4531880474
0.3440227335
0.6556529104
0.6585827987
0.6084600543
0.8427130213
0.3321885897
0.5648638566
0.5254865159
0.6898765678
0.4329729896
0.3341368108
0.5296925463
0.3847101065
0.7185926847
0.2967598629
0.2893392442
0.4427787082
0.3610438611
0.6984913128
0.7759292432
0.7364229051
0.5077144816
0.9260623438
0.3663605719
0.4785797899
0.7923302543
0.6821035671
0.5239402559
0.5827596969
0.2876058544
0.6348354145
0.2971745186
0.2890755029
0.2873794692
0.2867585405
0.3053127434
0.462358424
0.5734606257
0.5435015222
0.4004184154
0.3270237369
0.4898156031
0.3716709283
0.3184764874
0.4119852112
0.2868269543
0.3808850408
0.2977811635
0.2873210704
0.3648258293
0.5877571954
0.7690076528
0.4771081906
0.8560071813
0.2972344276
0.5800358734
0.9607296168
0.4544023114
0.674518164
0.4592855736
0.336498205
0.3112511974
0.8149639094
0.4025556365
0.4018415803
0.3958392675
0.3579284373
0.3051546981
0.9140085607
0.8584046705
0.2868766423
0.2869812569
0.5929861644
0.7022299482
0.6439023642
0.787573996
0.680321703
0.4013071185
0.2883448655
1
0.3148985047
0.3104436806
0.3440227335
0.7175088755
0.3009952462
0.2894302771
0.3815459223
0.593895913
0.7402473349
0.3062746654
0.288745701
0.3232294379
0.414569408
0.3669779478
0.5072792273
0.7048626437
0.600266357
0.4541997498
0.9897223658
0.661734165
0.5970807105
0.2871998877
0.4143841976
0.8360741774
0.555843673
0.8460802002
0.4662729979
0.5414896192
0.2868908134
0.9535967579
0.2867734136
0.3663605719
0.7582919569
0.9961330867
0.8337163295
0.4279573482
0.9305343156
0.2876768158
0.621202901
0.6395981858
0.6168806443
0.4218661288
0.9478532947
0.8050206104
0.9237151229
0.2871269593
0.4743832288
0.5122955361
0.2868766423
0.378096951
0.2868766423
0.7921328226
0.3273668175
0.3614935245
0.6357430192
0.794300969
0.2868325531
0.2869293012
0.2870709904
0.2867401676
0.8527275878
0.9997179718
0.3105327682
