-9.1225e+00, 1.3951e+01
 6.5172e+00,-1.5319e+01
-7.1840e+00, 8.9780e+00
 8.2791e+00,-1.3766e+01
-1.2375e+01,-8.3012e+00
 1.6283e+01, 3.2069e+00
-2.4594e+00, 2.3086e-01
-4.9857e+00,-5.2340e+00
 8.1472e+00, 9.7764e+00
-7.1509e+00, 5.4267e+00
-3.8988e+00,-7.2860e+00
 9.6716e+00, 1.1393e+01
-7.9900e+00, 7.6079e+00
 1.1349e+01,-3.9823e+00
 1.3729e+01,-5.5880e+00
-1.2970e+01,-5.3491e+00
 1.3430e+01, 5.7763e+00
-7.8083e+00, 1.5355e+01
 3.3996e+00, 1.6730e+01
-1.5598e+01,-6.1640e+00
 1.8227e+00, 8.6885e+00
 2.2145e+00, 1.4924e+01
 1.1458e+01, 1.4028e-01
 1.2603e+01,-1.8314e+00
-1.0998e+01,-1.9978e+00
-1.2465e+01, 5.3230e+00
 4.1182e+00,-1.5199e+01
-1.4104e+01, 4.8463e+00
 7.5359e+00,-9.9558e+00
 8.2983e+00,-5.6836e+00
-9.3731e+00, 1.3496e+00
 3.0118e+00, 9.7521e+00
-1.9960e+00,-1.6700e+01
-7.2608e+00, 1.2363e+01
-1.9573e+00, 4.2847e+00
-1.6478e+01, 3.9252e+00
-3.4497e+00, 1.6422e+01
-1.1639e+00, 2.5409e+00
-5.3204e+00, 5.7446e+00
-7.7661e+00,-1.0329e+01
-3.2529e+00,-1.7446e+00
 8.5792e+00,-8.7211e+00
 4.8520e+00,-1.6626e+00
-1.3649e+01,-3.9594e+00
-1.1336e+01, 7.4565e+00
 2.8552e+00, 2.0030e+00
-1.3949e+00, 5.8561e+00
 3.0756e+00,-3.2555e+00
-1.0178e+01, 1.2263e+01
-1.5166e+01, 1.6469e+00
-4.8495e+00, 9.0505e+00
 5.2155e-01, 1.5715e+01
 1.2570e+00,-1.4411e+01
-4.6716e+00,-1.0502e+01
-5.6405e+00, 1.5166e+01
-1.6137e+01,-2.7614e+00
-8.5841e-01,-7.2373e+00
 2.3276e+00,-9.7846e+00
 1.5765e+01, 6.4608e+00
 6.1567e+00, 1.4980e+01
 6.8498e-01,-2.5168e+00
 1.5008e+01,-3.8362e+00
 2.4879e+00,-1.1386e+01
 4.1157e+00, 1.3283e+01
 1.5931e+01, 4.9371e+00
 9.2628e+00, 4.2621e-01
-1.1692e+01,-1.0777e+01
-4.1037e+00, 1.3870e+01
 1.0344e+01, 7.7565e+00
-1.1446e+01,-6.3696e+00
 1.1810e+01, 1.1910e+01
 1.1876e+01,-8.6639e+00
 2.0384e+00,-4.8059e+00
 7.3337e+00,-1.2088e+01
-1.6560e+01,-4.7278e+00
-3.3396e+00, 1.1714e+01
-6.8328e+00,-3.3657e+00
 1.2118e+01, 9.0936e+00
-9.1094e+00,-1.1889e+01
 1.7830e+00, 7.0207e+00
 1.1246e+01, 3.8597e+00
-2.8723e+00,-9.7713e+00
 1.2489e+01, 7.2440e+00
-3.0544e+00, 9.9283e+00
-2.8532e+00,-3.9618e+00
-1.6593e+01, 5.4817e+00
 2.3368e+00, 4.5913e+00
-8.4462e+00, 4.2167e+00
-4.1867e+00,-1.5731e+01
 1.3810e-01, 1.1045e+01
-6.1369e+00, 1.3129e+00
 1.5083e+01, 7.8132e-01
-1.6899e+01, 7.0174e-01
 3.8508e+00, 6.0212e+00
 1.3932e+01,-1.0799e+00
 7.2345e+00,-3.3547e-01
-1.2457e+01, 1.1394e+01
 5.9270e+00, 4.4182e+00
-1.3711e+01, 2.2688e+00
-1.3081e+00,-5.0946e+00
-1.0855e+01,-1.3423e+01
-6.2146e+00,-8.1103e+00
-8.2925e+00,-1.3210e+00
-1.2305e+01, 8.8985e+00
 1.2169e+00, 1.2475e+01
 8.4240e+00, 7.9602e+00
-7.8628e+00, 1.0611e+01
-4.6083e+00, 3.2062e+00
 2.7030e+00,-1.1161e+00
 9.5100e+00,-9.9018e+00
-5.6832e+00,-2.1193e+00
 1.0175e+01, 9.4706e+00
 1.2158e+01, 2.3468e+00
-2.2083e+00,-1.4494e+01
 3.9634e+00, 8.2611e+00
-8.2218e+00,-4.0626e+00
-9.9230e+00,-5.5920e-01
 1.2042e-01,-6.0335e+00
 7.9329e+00, 1.2651e+01
-7.7097e+00,-7.3063e+00
 2.0394e+00, 1.0996e+01
 8.2464e+00,-2.5959e+00
-1.0007e+01,-7.9620e+00
-1.2967e+01, 7.3590e+00
-9.6623e+00, 5.5550e+00
-6.4293e+00,-1.2122e+01
-7.3254e-01, 8.1399e+00
-1.4889e+01, 6.7374e+00
 1.6014e+01,-5.4473e+00
 1.0749e+01,-6.5412e+00
 3.7185e+00,-1.3740e+01
 7.4696e+00,-4.0923e+00
 1.4323e+00,-7.1150e+00
 5.5578e+00,-5.6307e+00
 4.4446e+00, 1.0570e+01
 4.0608e+00, 5.8879e-01
-4.3856e-01, 1.4062e+01
-1.1078e+01, 4.5502e+00
-3.1650e+00, 6.1734e+00
 3.9666e+00,-7.8446e+00
-9.7754e+00,-5.5912e+00
 1.0237e+01,-1.1771e+00
-7.7269e+00,-1.5375e+01
-5.5242e-01,-9.5215e+00
-1.3139e+01,-9.7108e+00
-1.7004e+00, 1.6844e+01
 9.4552e+00, 1.4364e+01
-1.7403e+01,-1.7924e+00
 1.4047e+01, 7.3966e+00
-9.1701e-01,-1.2236e+01
 6.7051e+00,-8.0407e+00
-1.0770e+01, 1.9142e+00
 2.6226e+00, 1.3085e+01
-1.5131e+01, 1.0150e-01
 1.0098e+01, 6.0275e+00
 1.3307e+01, 4.1908e+00
 9.6661e+00,-1.1991e+01
-1.2988e+01,-2.1725e+00
 9.6313e-01, 1.7364e+01
-3.9649e-01,-1.3792e+01
 1.3579e+01,-8.9731e+00
 3.3518e+00,-1.6933e+01
-5.6802e+00, 1.2918e+01
 9.6104e+00,-3.5098e+00
 7.1117e+00, 1.8069e+00
-1.2010e+01,-2.3540e-01
 5.0959e+00, 2.5948e+00
 1.2380e+01,-1.0621e+01
 6.6331e+00, 7.9197e+00
 1.0206e+00, 2.8520e+00
 6.5854e+00, 1.0449e+01
-6.1603e+00,-6.4592e+00
-5.1014e+00, 1.1172e+01
-1.0718e+01, 1.0255e+01
-1.3938e+01,-7.1828e+00
 5.6058e+00,-3.3667e+00
-9.9578e+00, 8.8596e+00
 1.3326e+01, 3.0343e-01
-4.3843e+00,-1.2761e+01
-1.4261e+01,-1.1642e+00
 4.3845e-01,-1.5924e+01
-4.4544e+00,-1.0616e-01
 8.0000e-01, 5.6123e+00
 1.7370e+01,-1.0134e-01
 1.7172e+01,-2.3385e+00
 9.8731e+00, 2.3082e+00
 7.4971e+00, 3.8620e+00
 7.5076e+00, 5.5642e+00
 3.4940e+00,-6.1226e+00
-3.4168e+00, 8.0981e+00
 2.2212e+00,-1.3191e+01
-1.4771e+01,-8.5688e+00
-4.8933e-01, 7.8264e-01
-6.1712e+00,-1.4270e+01
 2.5022e+00,-1.5507e+01
 5.3699e+00,-1.3632e+01
-2.2204e+00,-7.9365e+00
 1.4310e+01,-7.3822e+00
-1.4604e+01, 8.5294e+00
-9.9693e+00,-9.5256e+00
-9.6961e+00,-3.0580e+00
-7.7196e+00, 1.4422e+00
 1.5785e+01,-1.3889e+00
-5.8360e+00,-1.5993e+01
-2.9999e+00, 1.4918e+01
 4.6036e+00,-1.2282e+01
 5.7255e+00, 1.2829e+01
 4.6412e+00,-1.0540e+01
 5.7480e+00, 6.1084e+00
 9.2297e+00, 3.9047e+00
-1.2120e+01, 2.6043e+00
 1.5910e+00, 6.7100e-01
-7.4097e+00,-5.3251e+00
-4.7486e+00,-8.9424e+00
-1.7116e+01, 2.3980e+00
-1.9005e+00, 1.2945e+01
 4.3813e+00,-4.3090e+00
 5.3858e+00, 9.2526e+00
-4.6608e+00,-3.7360e+00
-1.1346e+01,-4.4957e+00
 9.1772e-01,-1.0943e+01
-1.4133e+01, 1.0117e+01
-1.0081e+00,-3.1750e+00
 1.5023e+01, 8.8409e+00
 1.2288e+01,-6.8963e+00
-6.8386e+00, 3.1870e+00
-1.1058e+00,-7.4422e-01
 4.2943e+00, 4.4158e+00
 1.1668e+01, 5.3295e+00
-4.5166e-01, 3.9530e+00
 1.3068e+01, 1.1086e+01
-9.2939e+00, 2.8939e+00
 6.8259e+00,-6.5261e+00
-1.2239e+00, 9.6908e+00
-2.6080e+00,-1.2725e+01
-3.0445e+00, 1.7050e+00
-2.2140e+00,-6.3797e+00
 6.0575e-01,-4.1641e+00
 5.2802e+00,-1.6487e+01
-9.5956e+00, 7.2749e+00
-2.3872e+00,-1.1196e+01
 1.2332e+01,-1.2263e+01
 1.3246e+01,-3.9502e+00
 7.3933e-02,-1.7412e+01
 6.6721e+00,-1.9348e+00
-7.5976e+00,-1.3089e+01
 1.3911e+01, 2.7653e+00
-5.5930e+00, 7.6689e+00
-6.9346e+00,-5.5496e-02
-1.1571e+01, 1.3003e+01
 1.0187e+01,-1.4074e+01
 1.6822e+01,-4.0411e+00
 1.1248e+01, 1.3399e+01
-3.5378e+00, 4.6017e+00
 5.4972e-01,-8.0672e-01
 4.3824e+00, 1.5031e+01
