0.2943859998
0.2944954736
0.3323166457
0.3370465947
0.2870092069
0.3375564003
0.4519504859
0.3068990981
0.9060999729
0.3130887247
0.3107591144
0.5468906863
0.9538642953
0.3500327218
0.4859179294
0.5464437104
0.7079759118
0.8789047689
0.4553877475
0.3612347473
0.4732915757
0.477686515
0.4998220254
0.3650343337
0.2863391453
0.9870942051
0.6633694658
0.4938056357
0.361535837
0.362745218
0.96597578
0.3958026309
0.6146475146
0.457419389
0.9246344695
0.3949291411
0.3004662196
0.7365106993
0.2890609053
0.474753555
0.3311062956
0.648106627
0.3768907107
0.7181479623
0.8798493287
0.395627722
0.4553877475
0.2968260805
0.7729184955
0.2958616426
0.6917874041
0.4987448055
0.7348170999
0.2906865282
0.9160010467
0.5054428585
0.6613549754
0.9151950559
0.2907281039
0.3765658593
0.7314206622
0.881884887
0.3042075005
0.2903600811
0.2917314828
0.6289182657
0.4612988883
0.3600354333
0.5518140514
0.4104938101
0.2857070398
0.3142416924
0.6046698672
0.3966787516
0.5444336187
0.2912841389
0.3152196129
0.4235518093
0.4337316159
0.2927263085
0.2877268642
0.3172218615
0.6720763845
0.5722876498
0.6298232715
0.6237116141
0.285750277
0.3193903422
0.2874456213
0.286354127
0.2897027857
0.6811862797
0.8669953478
0.3171202854
0.3106679752
0.3696956842
0.8466920076
0.5536072466
0.7847229503
0.9382924958
0.8817288408
1
0.3127093981
0.5740942696
0.2861729339
0.7863067472
0.3152196129
0.5856294936
0.7532690111
0.6347977351
0.5817813609
0.6243909977
0.4443449269
0.3535853576
0.3610843913
0.5158997315
0.4014547199
0.4348991444
0.3490528023
0.450742387
0.4397957286
0.2874456213
0.3288465633
0.2857319712
0.8943731893
0.361535837
0.5401973547
0.2893748838
0.2857352837
0.9164027295
0.5634943677
0.778347287
0.5384167493
0.6789687653
0.9774845911
0.2863243376
0.75285414
0.7177169805
0.4409784364
0.5315353977
0.2911532615
0.7847229503
0.6796343281
0.2871402613
0.6105662284
0.7571994015
0.3600354333
0.3676622695
0.7440927002
0.2884747857
0.5148059014
0.3185563055
0.7627501743
0.3305065428
0.9615462387
0.8487758592
0.4397957286
0.3926704722
0.2949401053
0.8391300247
0.3472503219
0.3302676568
0.8106911278
0.3469750309
0.3124265465
0.6937667464
0.2857319712
0.2871402613
0.2882918259
0.3698529488
0.5404200618
0.5833655633
0.2858247161
0.8391300247
0.597639885
0.3159133779
0.2879725425
0.8435444721
0.9869280921
0.2944406524
0.3290819541
0.2857032041
0.4066671843
0.7222336718
0.3180399948
0.5792929046
0.3520120574
0.6433755712
0.6001341966
0.6514813006
0.4625291737
0.2857319712
0.3426441346
0.8355630077
0.9899110256
0.2867088996
0.4647910326
0.7362991696
0.4050405006
0.3166147115
0.5763537455
0.3108504114
0.3094086286
0.950144704
0.2935864577
0.2923384887
0.4610940802
0.3635051469
0.380990399
0.4566058782
0.4401896446
0.5718361351
0.8123909499
0.8153985191
0.4985295086
0.3860039294
0.286354127
0.2883521223
0.3648808572
0.4660281868
0.5811025652
0.2867851625
0.8910827895
0.4397957286
0.7890684918
0.4693388312
0.3181429511
0.4660281868
0.2881150804
0.4108604907
0.8564855376
0.8646888927
0.4495369621
0.7196550469
0.8606961812
0.5500223615
0.8257777129
0.3124265465
0.6241645444
0.2858522585
0.3730234582
0.6662759456
0.5700306609
0.3473881692
0.3312266807
0.8823524893
0.3647275045
0.285702158
0.9112502883
0.2860992251
0.285750277
0.511312628
0.6110197515
0.7837310047
0.3923245852
0.2870092069
