0.6588663324
0.5139617484
0.6045813764
0.2950866671
0.9775098291
0.5834096922
0.2928462326
0.7943985354
0.9491328063
0.5786387868
0.3362463955
0.4167048542
0.5731932208
0.3082731327
0.457348295
0.7574738639
0.3869918535
0.3538280827
0.9555026974
0.7091545751
0.6212126747
0.3337737562
0.3738355744
0.2944674291
0.8448982299
0.7741533881
0.3989168639
0.3505715975
0.8137831036
0.5122105724
0.4581636669
0.3400625127
0.8379111077
0.6768365691
0.8841887758
0.3116889788
0.2883307528
0.6588663324
0.2870601654
0.9794531156
0.4942180014
0.2876851267
0.6146071916
0.9640336985
0.3577400282
0.4466564054
0.3512735284
0.7469967572
0.3272743006
0.3019653705
0.5750075124
0.3134408798
0.4330675962
0.5015479356
0.9439150296
0.8464935582
0.2871831307
0.379172397
0.5082807733
0.7603833257
0.2870838141
0.316816844
0.8134022128
0.3464308267
0.3169161135
0.2950866671
0.644393897
0.2925806623
0.3211193123
0.3057326366
0.4042595765
0.4082360149
0.7987214933
0.2870967768
0.5065389224
0.8450758074
0.4955071983
0.7327577777
0.2906788569
0.4446631502
0.5813643939
0.2879976832
0.9485762759
0.4005098805
0.6066321544
0.5006825565
0.3288864767
0.8696280064
0.444464258
0.7193941847
0.644847201
0.4006874042
0.3577400282
0.6964013437
0.6489241489
0.5852284556
0.4824920978
0.887014986
0.317514994
0.2888615522
0.2892297184
0.3412321467
0.3716107172
0.2887870941
0.2871004553
0.2889120608
0.8170091306
0.4765898715
0.2931638588
0.3066162763
0.2870967768
0.7601758659
0.2877150578
0.5374033009
0.4148463912
0.6364521108
0.3437385412
0.2931179701
0.8111109092
0.858335463
0.2888117395
0.3545453013
0.4434709875
0.3487623014
0.9976253507
0.692197745
0.5902331242
0.3060516846
0.2949295626
0.6319072718
0.3312397937
0.3759225635
0.2954591866
0.3561347563
0.2873805006
0.7438282198
0.3229376969
0.3109684749
0.587275309
0.3890283842
0.5906882919
0.9290289006
0.8901210029
0.9605143541
0.4643150782
0.7628684907
0.4040799928
0.343871846
0.9931367942
0.8548917696
0.2870899451
0.287391182
0.4030046368
0.3243578122
0.2915801797
0.2984857518
0.9243506579
0.8086172136
0.481646038
0.7243715207
0.2938242529
0.2873699941
0.4608215207
0.4686579161
0.3689410814
0.3545453013
0.7372442924
0.5879577566
0.2883097652
0.2871897864
0.3011918118
0.6552551842
0.9645115332
0.5861380749
0.5190115121
0.4657593853
0.2873297181
0.6797414176
0.3167177301
0.3286543872
0.5829551049
0.3313590009
0.6105059127
0.6121009263
0.4176376455
0.435207569
0.4869492167
1
0.3592129908
0.3059716786
0.88981203
0.4357929751
0.7890496641
0.9058253683
0.7119957033
0.4620522472
0.3105233378
0.2937759715
0.3621974711
0.2954054605
0.4391244709
0.4767998426
0.4282427339
0.4736568359
0.3027589276
0.2979293406
0.2884164464
0.6168853255
0.4292033491
0.2923640696
0.4006874042
0.4850359061
0.9001117266
0.8154935806
0.7245874058
0.4030046368
0.2872833105
0.2995737598
0.3340184256
0.4803787313
0.2873297181
0.3764070319
0.7733386401
0.3957564251
0.9203544465
0.3900526454
0.9889933273
0.7016933961
0.3206978623
0.3070244239
0.899368925
0.3621974711
0.453288908
0.2870599902
0.7230752899
0.962193514
0.381144754
0.541422726
0.9220969829
0.7641080387
0.2979293406
0.727820362
0.2873596627
0.8000902098
0.6716860755
0.4655528517
0.5340615805
0.5231992747
0.2871524788
0.4827037604
0.5425409681
0.3890283842
0.3299381878
0.3320773129
0.5859106558
0.6527696678
