0.7324599856
0.3679306308
0.3383686703
0.3552082155
0.3601861489
0.2918884174
0.3115664881
0.7129668773
0.5233104132
0.6800129262
0.3513633983
0.7188511525
0.390293814
0.5986065899
0.9029856713
0.3106744763
0.701994487
0.2892687364
0.8231462899
0.3935647595
0.7942503238
0.3805583597
0.4403768661
0.5411000749
0.5572774797
0.3222029802
0.3227391301
0.9162723539
0.2988012896
0.7804518961
0.5211030011
0.3344942071
0.3219895872
0.3216706424
0.7262173999
0.5803871405
0.8240819399
0.4796200702
0.2920484573
0.459669913
0.3137722271
0.2933364729
0.5301775154
0.3218831196
0.5072921982
0.3096251808
0.2941833661
0.323170789
0.7136221471
0.9089446487
0.8833802432
0.3255882247
0.7534665356
0.2873634495
0.8167353818
0.6509693928
0.4947404533
0.2955043088
0.3240413915
0.3838722238
0.334126598
0.6712734707
1
0.2875612344
0.8294720858
0.4195780849
0.6557217719
0.503379052
0.4034306645
0.9621265335
0.334371526
0.7041964793
0.5613416745
0.403251608
0.8693840739
0.2899681757
0.2923351571
0.5697163043
0.4758338369
0.7473641735
0.5908570765
0.9424557185
0.2899381127
0.4762535376
0.5422189052
0.541323781
0.4193903888
0.3989853462
0.3216706424
0.4333311671
0.4874639846
0.4348874553
0.2920484573
0.3457123874
0.4143583134
0.9108008392
0.6065891188
0.8554489523
0.7634679333
0.3013715703
0.527515073
0.2876532715
0.9654356925
0.6573040768
0.4898111743
0.3927001579
0.3499640979
0.7547235615
0.3508020647
0.4292721558
0.3224169832
0.8349814115
0.3868937994
0.5758424608
0.5915405608
0.3634866001
0.288162699
0.4437411683
0.549396405
0.59997477
0.4310070389
0.8302106092
0.8250157427
0.3195795827
0.9245348098
0.5035960419
0.289166916
0.3182534306
0.2932007175
0.9575573075
0.398104131
0.9021003667
0.2898489655
0.7794404029
0.3032991023
0.3242605566
0.9908214665
0.6708242305
0.9848751402
0.2915003851
0.3186586935
0.2902465536
0.3750319141
0.2954513752
0.7155857844
0.8454356264
0.9904024047
0.2991166069
0.4979703753
0.376319962
0.290278352
0.9272947684
0.3158740886
0.594730979
0.4302351049
0.3947797565
0.7390898902
0.9616294731
0.7264332923
0.5156021161
0.287945615
0.5731183277
0.3764815035
0.288924558
0.7061751276
0.3082621196
0.2880498719
0.2908803546
0.6054485973
0.7733395957
0.6143446101
0.2875144228
0.3489926099
0.2880654654
0.5899458707
0.8663736539
0.3991619056
0.9215968229
0.8026927879
0.2875870058
0.3095387823
0.6148007654
0.2894266894
0.7882882179
0.3630329094
0.5180193335
0.2945276697
0.4855486514
0.318964266
0.8384349803
0.4195780849
0.2906058695
0.4000462793
0.3203044661
0.4241105851
0.4382125302
0.3687074348
0.3122915751
0.7309566625
0.4930226764
0.4339141353
0.6143446101
0.5361863611
0.2944284438
0.6759843521
0.4134341008
0.7928643833
0.3612295878
0.459669913
0.664750082
0.2874933829
0.4002234686
0.8751580488
0.3857143805
0.2909507064
0.3408110276
0.2874449892
0.433719727
0.6081858816
0.3543454556
0.651875216
0.8726964421
0.5411000749
0.2881132953
0.6692511153
0.3096251808
0.4697768177
0.5182393305
0.7120926268
0.559986166
0.3083461018
0.5142857918
0.6602400722
0.9585912585
0.9075058795
0.3262601832
0.4825785584
0.4883167223
0.8832212325
0.3470695845
0.3151009723
0.7354597848
0.2886355555
0.2879892469
0.2876143542
0.4509411938
0.4073957168
0.6818005061
0.4511426245
0.8530139399
0.2886780986
0.6059048026
0.2873872986
0.2876238208
0.2875529943
0.3070218004
