0.3629797919
0.2881121281
0.8929973703
0.342603767
0.4225185931
0.8224305258
0.6382063729
0.8291409378
0.4822852235
0.3369433791
0.3554482988
0.316742619
0.644795098
0.4065998785
0.3136694945
0.2963430994
0.4278513671
0.4338366891
0.5710038476
0.4747042237
0.2965660911
0.2878523488
0.5912442962
0.2943602443
0.3601346919
0.3379521232
0.8104598903
0.3754544329
0.8335605397
0.9600768523
0.3250092997
0.6527303756
0.3486722907
0.4818619884
0.665830536
0.4591803479
0.7942666621
0.3017308606
0.3922884651
0.2893210209
0.7061458032
0.3312033813
0.4055163709
0.2876305393
0.2916936241
0.3232579391
0.3135760575
0.9537892251
0.9749627313
0.7751807559
0.9246515825
0.4163261999
0.4593847848
0.6293300812
0.4348098456
0.6056118699
0.5734998716
0.7098765719
0.8453074331
0.3914279985
0.2885899185
0.5122334788
0.5361079101
0.4897295446
0.5243358286
0.2883262674
0.2877725747
0.2876919158
0.4124394402
0.8497367593
0.3141390497
0.5421412403
0.3287430549
0.549095023
0.6286466847
0.3664851281
0.533879267
0.3021528653
0.3045802033
0.2959593903
0.64161574
0.3147077224
0.3026527399
0.3233662628
0.6951116819
0.3557372806
0.3954086905
0.9957868658
0.3202867988
0.8676141026
0.496595501
0.362376993
0.6044710741
0.4102377031
0.9166578539
0.344997678
0.3336067545
0.7694500643
0.2936917891
0.7737524287
0.5558487617
0.4355899012
0.3152820626
0.2878171089
0.2887133924
0.7118471774
0.7397154717
0.4305440318
0.9328084859
1
0.3811552538
0.2904855939
0.299452609
0.6525039375
0.9757176299
0.5996803677
0.4549038949
0.4311232694
0.5318763654
0.9688819547
0.3136694945
0.6957761915
0.2884918261
0.5948913613
0.9760502947
0.464931264
0.4139150869
0.2887774861
0.7875012196
0.713814591
0.2963430994
0.2911360214
0.7490431077
0.319768885
0.8628895696
0.8034937816
0.2993885231
0.5341019815
0.6617723903
0.2881431486
0.8980162132
0.3959321311
0.2941176629
0.9234542169
0.5666972973
0.3370689718
0.2891703393
0.2888653874
0.7757919997
0.2955310502
0.3098820036
0.2880521866
0.6549937638
0.3204950415
0.3525875513
0.5969435264
0.3355713261
0.7144696768
0.3179363636
0.2969056577
0.6687568557
0.4888752294
0.3596896972
0.3824783977
0.5556232829
0.8454855647
0.2875225051
0.5314316546
0.4406929274
0.4795384848
0.4196912334
0.3890333448
0.7848949051
0.4575474417
0.3245678295
0.3975082314
0.7944645108
0.4206313672
0.5696432099
0.4272766238
0.6090344084
0.2882742275
0.8211146037
0.2876919158
0.2969628442
0.7867004139
0.2874409434
0.3154747664
0.9285850407
0.9061565977
0.3477100386
0.8727669394
0.9200865069
0.2969628442
0.2874426975
0.5960313985
0.6457029684
0.5844115379
0.3269124063
0.9303900854
0.2882072889
0.3064578414
0.2876735033
0.6534095827
0.3316793772
0.5080828537
0.956455232
0.5439331536
0.2876224723
0.5208024008
0.3011090558
0.3387146703
0.2898977534
0.4622543632
0.6366143873
0.4385271017
0.991384695
0.2907179515
0.2914285724
0.6933381865
0.4282349738
0.5120146202
0.2879950452
0.3093639555
0.7125033393
0.6999776048
0.8539415151
0.5305426521
0.3126503966
0.9772821683
0.2939266747
0.4462502231
0.2885305391
0.2892954718
0.5323212149
0.5628496739
0.2875335547
0.2886508698
0.7481991932
0.5741809328
0.839203973
0.3757762937
0.315378336
0.6370692988
0.6777347891
0.2881275509
0.3156680979
0.9274143614
0.7183925025
0.7397154717
0.5261062463
0.8599889285
0.2884350671
0.4311232694
0.4510628
0.2878057126
