0.3625565202
0.3607479086
0.863801956
0.7071116509
0.5283836463
0.3851146617
0.2986446243
0.4616494317
0.3551414098
0.6465091775
0.4354263778
0.2931670632
0.3180375437
0.2908198679
0.536362921
0.3178323322
0.3198065296
0.4911809212
0.6304746506
0.3516967071
0.36059801
0.2915530259
0.313473773
0.4553286485
0.2893952214
0.608944195
0.314340878
0.363924822
0.4294196748
0.429804741
0.7118902205
0.449277515
0.3092403858
0.4371853007
0.9429346871
0.4913944962
0.583776118
0.3220523819
0.296073276
0.9752796712
0.5376968204
0.2859283592
0.940665778
0.7623760122
0.6722885152
0.5195706914
0.6593225591
0.2861220649
0.4464766263
0.3706001506
0.9249263163
0.8715090741
0.5830968736
0.679405025
0.6347720366
0.7611446508
0.9139967329
0.3130924502
0.8830979348
0.2987772116
0.7769885698
0.9322809735
0.3449009909
0.9875709202
0.4694869709
0.7265326888
0.7590878622
0.7992724832
0.9604418004
0.2897201332
0.2979916462
0.2859424834
0.3662276825
0.3673118405
0.2964320438
0.7642192054
0.539699702
0.7996593248
0.2925267273
0.3941826736
0.731651524
0.4124612113
0.5690822967
0.5084254326
0.3483279842
0.5623212898
0.5858143387
0.6771841935
0.8376147261
0.5121283882
0.2990443751
0.9044025682
0.2857923356
0.3509885838
0.2860906847
0.2859808441
0.7508054033
0.9801105665
0.2867258877
0.2873217589
0.3102223432
0.9011039158
0.2954312079
0.3900385078
0.7344129344
0.8974621367
0.2859890391
1
0.3161128503
0.3029852877
0.3116848088
0.5634470241
0.3677783165
0.529489305
0.7787932317
0.3114997932
0.4795190929
0.2908616278
0.5182539534
0.3673118405
0.3104029406
0.2950331987
0.7867526819
0.3750669634
0.3504244669
0.3535532339
0.473440963
0.2875610589
0.6970601185
0.4028322549
0.4984715463
0.8729631509
0.8524919128
0.6166556134
0.7940237393
0.4411176245
0.3211889524
0.3174237496
0.8495630651
0.3440911234
0.2860906847
0.7157853807
0.5558016998
0.3346370889
0.2881484679
0.5119102215
0.4657625011
0.6760727111
0.3095062887
0.9542667754
0.3973310536
0.5374744277
0.3158140365
0.3004198778
0.3270877407
0.8589526302
0.5101664333
0.5490765964
0.3515548182
0.6649212234
0.6128003591
0.3314517951
0.2859353342
0.5953338036
0.2979916462
0.6760727111
0.6966213397
0.3037550288
0.3018612539
0.2859353342
0.4223589843
0.3241415935
0.4197192374
0.7468410713
0.69068426
0.6239084792
0.4328975683
0.5553527191
0.9796290623
0.2858160542
0.3346370889
0.423685497
0.4401315235
0.2906545389
0.4340629578
0.5905726884
0.2997238692
0.2859149323
0.4133837243
0.6164288672
0.3457157594
0.2950331987
0.5434893297
0.660667522
0.2884735529
0.8158433064
0.8599617503
0.3477740023
0.4317352091
0.2924786592
0.2858960994
0.311963512
0.820690619
0.7895143935
0.8275025135
0.8758500901
0.285849015
0.6847229859
0.7005651924
0.286799395
0.2867079453
0.4405257242
0.4257788466
0.6128003591
0.9598718918
0.2931167888
0.2860512833
0.8264048485
0.3876499103
0.7797936575
0.5994162751
0.3453077637
0.6762950637
0.5824177149
0.4360119443
0.3657648864
0.2866039409
0.2974181824
0.2858289597
0.2859649769
0.5826440914
0.3821055511
0.9202687327
0.5508678837
0.7889236661
0.2866901767
0.7981103318
0.5783447128
0.3938349685
0.4006910459
0.4369895362
0.2876362274
0.3390769434
0.3265133963
0.4313484334
0.2861438559
0.9362419135
0.2864750051
0.2870158702
0.4659688582
0.2861009705
0.3435539436
0.2954312079
0.3107660328
0.4344520903
0.4589905774
