0.7412470033
0.2888662754
0.481327569
0.579499909
0.3040551441
0.3597546199
0.3869085681
0.7688609854
0.4975580362
0.3421299666
0.2900704787
0.5509912207
0.2970666498
0.3503958503
0.3430524417
0.6865102338
0.7605929774
0.2963856459
0.3246028281
0.3361150246
0.3644113063
0.9055102671
0.2873744188
0.8585887876
0.3490059317
0.6485017345
0.3152090945
0.4220427104
0.5379919409
0.8981092582
0.5075294168
0.2878740642
0.336489566
0.8580727828
0.7599692512
0.4075926681
0.3862339117
0.7125570303
0.7576780161
0.8507710256
0.3114884586
0.3650210486
0.3903087124
0.6591364072
0.5482939886
0.4637929382
0.4343197862
0.6991532088
0.4756422363
0.3958404976
0.602278342
0.3944471303
0.4947593387
0.9975455029
0.3189764416
0.2945887832
0.3371166682
0.7837082246
0.7188785927
0.4720859471
0.8705805457
0.9342260579
0.2950452908
0.9571773026
0.376334327
0.9841384186
0.4904712097
0.4621473803
0.3275186113
0.4743849738
0.8005754277
0.867078118
0.8150554965
0.4304443879
0.4894025899
0.636012199
0.3006324083
0.2898306602
0.4509584073
0.9655680024
0.3135034843
0.2928574285
0.301452314
0.6645501554
0.9068175561
0.3584257547
0.4239368574
0.37876996
0.291742271
0.5431352355
0.2887323608
0.5125526774
0.4023732294
0.5424634668
0.6922903875
0.3858972603
0.3545024506
0.3079395609
0.3251556691
0.548069391
1
0.2922224074
0.8073813379
0.7009188894
0.5627194095
0.37504623
0.3368653978
0.5379919409
0.4045225983
0.4491488956
0.367480061
0.6586847173
0.2883497465
0.2943411358
0.6802624392
0.3159834947
0.686955611
0.5920188516
0.3618424675
0.5920188516
0.9450648191
0.4358795346
0.2876642519
0.5908796309
0.4180951012
0.5710984746
0.9237735182
0.300099124
0.6387406106
0.3201088058
0.2917033799
0.668826965
0.2904838709
0.2881570555
0.3585728888
0.8062205713
0.4511598457
0.3236172303
0.2921406621
0.4607111896
0.3113090915
0.3918532392
0.7492913006
0.6084372166
0.3376209242
0.4605063016
0.5713252696
0.4870565468
0.935594929
0.3458606912
0.602278342
0.4016600721
0.7395442739
0.8859460987
0.2887985332
0.5191395454
0.3466742188
0.2883683125
0.5064406138
0.305202631
0.290257633
0.5559455676
0.8384669853
0.2873859932
0.9725070908
0.2986877378
0.6616192315
0.6546159698
0.8269093457
0.6973852866
0.3081900628
0.7637040919
0.2941460907
0.6856191141
0.3619925593
0.2960542855
0.8038916048
0.3997074722
0.3087802202
0.6793680493
0.7833057765
0.3082738866
0.9409478816
0.7158310875
0.6591364072
0.9034615458
0.9944344976
0.2889590395
0.6853962585
0.2880608674
0.5579756513
0.2880454482
0.5055704177
0.4264128381
0.6305506756
0.6173329777
0.4947593387
0.292684308
0.3171638666
0.8669103973
0.2874559616
0.3184679084
0.3530737219
0.4760618276
0.8052513696
0.4398023924
0.3322007667
0.4300587554
0.2911045972
0.3503958503
0.3638035803
0.3718595726
0.9692068667
0.2887985332
0.2981946238
0.4584613381
0.3777925206
0.8857885109
0.3781178632
0.3438485664
0.2898895729
0.7649449977
0.8797341327
0.3121212627
0.8742091177
0.4704188371
0.7907102194
0.8837317302
0.2888892049
0.6453266359
0.9824759231
0.3095505981
0.5485186131
0.2934849733
0.3040551441
0.4617366885
0.7587203095
0.2996412622
0.3737657848
0.3180638698
0.9085486941
0.5979453798
0.2933022453
0.5979453798
0.3181646469
0.5597816894
0.3453210881
0.40006155
0.9665166621
0.3181646469
0.490257375
0.2874228195
0.3872465714
0.5539173666
0.4212876238
0.7756124525
