0.6632531421
0.7052178037
0.8643201312
0.4016535673
0.5368019842
0.7674224133
0.6609837005
0.3730354825
0.9911558879
0.2899481249
0.2888846002
0.3755855751
0.4617200569
0.8601690229
0.6068151218
0.8335424352
0.5115341811
0.3360123395
0.5884932229
0.3107120632
0.3320260403
0.6015440462
0.2935630361
0.6564389426
0.8838555431
0.6109411154
0.4535589476
0.9035372468
0.6923126804
0.5928408275
0.3076376918
0.861384708
0.3543646633
0.2987465487
0.3373764348
0.4005886957
0.5736511553
0.3126451936
0.2900308225
0.8042766375
0.2904135817
0.4167638129
0.9541264919
0.3053093649
0.5334488638
0.7775448986
0.6038356111
0.57866821
0.6077319728
0.9326295198
0.3415732436
0.9415134111
0.4566054594
0.4697877489
0.2896279858
0.9190924933
0.3502888172
0.4401656827
0.7256505956
0.2983396335
0.2894478834
0.3922090469
0.2980540746
0.3793054637
0.3206321417
0.2887975531
0.7442147227
0.2960733616
0.419567421
0.4652237086
0.3744660773
0.9709375877
0.7726044146
0.837977039
0.4872907765
0.6707271134
0.3292279556
0.5179116851
0.3079592989
0.3338181853
0.7401431629
0.9942166903
0.5203403005
0.289044925
0.3692692474
0.305611245
0.3006482972
0.3951481778
0.8269973272
0.3908369946
0.9731891095
0.2890648312
0.355222073
0.6404798754
0.3459245795
0.8103404734
0.8479715411
0.2897911515
0.557067017
0.318310191
0.6797517664
0.3096905781
0.4437284065
0.3459245795
0.755687756
0.4485196991
0.4029007133
0.6618917205
0.2888037207
0.4043323036
0.443132767
0.9542387761
0.4866507629
0.6820014025
0.8783006401
0.4991142723
0.8888311583
0.7107437676
0.3672591218
0.8159528136
0.3082022213
0.2925219268
0.4475177138
0.8046698312
0.4030792967
0.2895600341
0.6876131598
0.6829004838
0.2974408148
0.2969012014
0.2897911515
0.321044366
0.5670501586
0.4383944293
0.4639847914
0.2888222233
0.2888909433
0.3356433629
0.9892853438
0.4762740401
0.7317320159
0.6274403758
0.3515415541
0.805847785
0.6022314753
0.3050101287
0.4523451211
0.5830067191
0.2969012014
0.3114934637
0.5807226938
0.2888784332
0.3549357353
0.5627341058
0.6056691041
0.2945943701
0.4748038976
0.4840960135
0.5534478785
0.7239067604
0.5247687642
0.2889640619
0.3176199344
0.2894633777
0.2930074237
0.4387874524
0.4021874279
0.3221907573
0.3572413352
0.5381453713
0.2913009868
0.5267667724
0.690076502
0.2912417873
0.6109411154
0.3825912224
0.3453890133
1
0.9059321368
0.6880613119
0.3197137265
0.4041529901
0.2889982403
0.3056871278
0.9214629169
0.3592864943
0.7550543208
0.3664916541
0.923119234
0.3022998449
0.309943761
0.28905479
0.3018939152
0.772397827
0.5618264272
0.5536738859
0.3642082644
0.2903896647
0.6741160701
0.3375013124
0.3086103582
0.5518665545
0.7740488936
0.748268482
0.2888142936
0.6632531421
0.4976003082
0.8421853166
0.3292279556
0.9858348778
0.3202224017
0.6249209868
0.433704768
0.314842606
0.3216673511
0.8697798397
0.4718731766
0.3847520486
0.2887852177
0.4048708667
0.3188079356
0.3698919987
0.3303834011
0.7358386065
0.4547755164
0.9166941016
0.3063001261
0.288773587
0.6207969598
0.6907476819
0.3209410773
0.289117677
0.9126832592
0.3842516572
0.2890960106
0.3090225722
0.2893026096
0.4495236575
0.821695923
0.7605281169
0.2888354391
0.329688341
0.9438391088
0.9243522436
0.7775448986
0.2906112209
0.6331631029
0.4126913133
0.4376093981
0.3169373813
0.4708296265
0.3684936158
0.3399013464
0.2892238865
0.5466801146
0.4945802075
