0.3804046886
0.5470257741
0.9817923865
0.8602698418
0.3686780414
0.2904706919
0.6347951796
0.8052663154
0.2926021194
0.3383002004
0.3506870448
0.4367297371
0.8371697042
0.2860773418
0.3903307691
0.3139965106
0.297328048
0.6660908287
0.2906693684
0.8993072137
0.8273905496
0.297019229
0.7019656045
0.4552640741
0.3139004053
0.6295881801
0.6936254322
0.3075645194
0.991161245
0.3093837211
0.804114801
0.8953258623
0.5846667647
0.6894366266
0.3529578957
0.3390724729
0.5177645958
0.3877704632
0.5430034942
0.3017206688
0.3879403817
0.4677654467
0.6967040787
0.5285583776
0.7122066997
0.5903347484
0.2970806585
0.3556981897
0.5916957334
0.2893688087
0.5474732262
0.7402546228
0.5327668883
0.6436094574
0.3406321268
0.3159513105
0.3375329874
0.3341436065
0.4349724684
0.6649717586
0.5830806746
0.3512515843
0.5528504726
0.3288444809
0.7981259429
0.3715107091
0.760068773
0.9805013422
0.2862117101
0.8330319036
0.438101114
0.4702542037
0.3058159953
0.2860431352
0.3535308783
0.7355998162
0.4312849237
0.286629326
0.529222063
0.9663871021
0.4432294832
0.7017467926
0.8520989117
0.3034417037
0.2889394424
0.3005745911
0.5749319158
0.3146736146
0.3007155467
0.9289057673
0.3303808942
0.3053294697
0.5182033624
0.3075645194
0.2860724552
0.955990841
0.2861103252
0.3401100099
0.6916427618
0.4605611333
0.2873579617
0.4017039281
0.9398726921
0.4792468077
0.9402199083
0.2860773418
0.3309783816
0.3718278611
0.9397567485
0.7037147608
0.5312149692
0.4474105613
0.2910377832
0.6361525352
0.417783688
0.8664364827
0.2863050563
0.4654923667
0.8384208648
0.2863922857
0.4424369922
0.8979876237
0.6121245969
0.8580757874
0.3228386488
0.3133270547
0.2860506399
0.7875400393
0.3751867556
0.3951752469
0.8021900885
0.3529578957
0.3039048723
0.8924837466
0.3956992649
0.7425730215
0.8188862851
0.2907906315
0.6805802966
0.3648093464
0.489627759
0.2861495894
0.3127593386
0.2922261349
0.5014340126
0.5349866928
0.3480345941
0.5114209102
0.3010708184
0.7971538889
0.4283954233
0.6557740826
0.596233786
0.291506895
0.4500158022
0.7034962472
0.5864799791
0.3682097508
0.2876070757
0.3150639567
0.288813195
0.547696991
0.9094502862
0.5946452444
0.2934372191
0.6499235201
0.2878517572
0.3983335639
0.7212827695
0.6557740826
0.4981989242
0.9490293876
0.5171067464
0.3204691125
0.7307084162
0.3135175461
0.9566908598
0.6332110572
0.3064737333
0.8708627168
0.3079056007
0.2867853949
0.8087058177
0.8201905229
0.3923966577
0.4756779644
0.4316716487
0.3367708515
0.4954042247
0.3693041333
0.6209744533
0.7377185827
0.3808999416
0.6021355483
0.7180498704
0.7773698019
0.3840603451
0.3675870723
0.8016113354
1
0.5483684394
0.2923191093
0.2861164331
0.4226754637
0.393088739
0.2876786595
0.3250559497
0.3178657368
0.9225262078
0.2860064837
0.7446753452
0.4802997627
0.3074796496
0.2867690048
0.4830443062
0.9928417703
0.4518268709
0.598957441
0.4440232337
0.2860101489
0.4971230315
0.3176615996
0.2869771688
0.465698679
0.2868526955
0.2883074786
0.2864650276
0.4091015329
0.9322470018
0.3556981897
0.4215411153
0.407644952
0.2861103252
0.3719866169
0.588747233
0.9402199083
0.3110901304
0.2963545483
0.2860431352
0.6539752873
0.2961178727
0.6519501587
0.8828242577
0.6796919927
0.2860506399
0.3568660408
0.3266435457
0.2887511071
0.581721547
0.5072842174
0.5164492603
0.9177801018
0.9915473778
0.2863922857
0.617117682
0.4830443062
