0.2907168525
0.3396558526
0.8189840213
0.3049446036
0.3471319104
0.4788911796
0.3760487468
0.5974852558
0.3090345072
0.4818423816
0.3557574033
0.5277564695
0.3734757699
0.4871406135
0.2993735469
0.774591382
0.7956623751
0.989098591
0.3973298104
0.893298257
0.3842813628
0.3111778666
0.5257677594
0.8240016109
0.4350278355
0.4843810903
0.3971540884
0.5095347711
0.8953943009
0.4969788609
0.2879670569
0.8901204586
0.7507576106
0.7772135164
0.5404149236
0.6399119627
0.4474680493
0.6904959485
0.6421724799
0.680305387
0.2990403946
0.5178431076
0.9528570259
0.5886322702
0.6362923005
0.4628772695
0.2863072776
0.9597004546
0.9240950826
0.3653261224
0.2953118311
0.591355328
0.2861869654
0.6292705214
0.3737957332
0.8766909932
0.3148547018
0.2866298815
0.3749193443
0.6015734681
0.3557574033
0.9157508528
0.2991731576
0.6367449391
0.9313066799
0.3551767735
0.2863680379
0.5820563141
0.3814500717
0.4071531998
0.2941205197
0.2862114135
0.286592705
0.3483733573
0.3641017586
0.7609183032
0.2876566833
0.9294403306
0.9569418679
0.5757153347
0.6052079693
0.3604767599
0.8139131279
0.7995561729
0.4901229038
0.5185015762
0.3285656859
0.6990816557
0.986591512
0.453702691
0.653000943
0.718031061
0.3157369748
0.5619397342
0.2868858797
0.2923943041
0.3018213974
0.6709468901
0.3244596992
0.4169034488
0.3085129928
0.2955939743
0.584776484
0.4122705496
0.4344434886
0.4373727021
0.2989742622
0.3396558526
0.6831919227
0.2865120627
0.2957080104
0.3370913974
0.6778590778
0.6597472181
0.2868546479
0.2868858797
0.2888253872
0.2912052686
0.5890860432
0.2862323684
0.2918948465
0.2861806786
0.3212928794
0.4401233131
0.3016036693
0.6971050155
0.4875659951
0.4753233733
0.7931170914
0.2950339014
0.2949788215
0.3113606023
0.810883413
0.9415680307
0.3068995547
0.8809783887
0.2880684549
0.5763942717
0.624735296
0.8227059283
0.3534474083
0.6008920414
0.8679246873
0.5395232766
0.8442248308
0.2866953287
0.356340111
0.3042355434
0.3425413586
0.4703169523
0.3039246324
0.3084266329
0.5804702242
0.7553357844
0.9785082068
0.8097425792
0.3931416712
0.5012903486
0.3760487468
0.2862690381
0.4799438495
0.287105863
0.3086861921
0.8036155009
0.3653261224
0.7713501335
0.4812090089
0.2861825996
0.8873646339
0.687843927
0.6624404405
0.4067906234
0.2863362615
0.2862873724
0.2889794002
0.290520636
0.3357050335
0.4122705496
0.546669206
0.3842813628
0.345222563
0.5004264751
0.3846166045
0.7389897465
0.3952280996
0.3079972334
0.4095195804
1
0.8774898137
0.3822793979
0.8103133144
0.3151473935
0.3250184619
0.5585624179
0.2862576882
0.5108425168
0.9142542258
0.8466836777
0.2863142618
0.3947050529
0.6880651061
0.3075718387
0.4959041145
0.2889794002
0.8362160696
0.4240569519
0.5786582139
0.3353299199
0.441307
0.2976239219
0.4062475046
0.3940091478
0.8001379171
0.5008583147
0.3987393537
0.4215948527
0.6933636309
0.4005106434
0.2861710737
0.2864026062
0.9078693296
0.5390776311
0.3259202361
0.7221284153
0.3383665897
0.427490949
0.3036163272
0.2935555745
0.4963338605
0.9908865903
0.966498581
0.5594625908
0.7089201402
0.3684216468
0.3282162005
0.9358135027
0.3337192879
0.2862192716
0.286252275
0.3269460989
0.8725018031
0.4518852432
0.4005106434
0.315441485
0.7191108171
0.7515919381
0.2867942744
0.7528418269
0.2864209373
0.3068995547
0.4901229038
0.3146603526
0.792135165
0.5185015762
0.6054351327
0.3012440776
