0.3097529488
0.4286219723
0.2884543028
0.3101115864
0.7347880126
0.3580452573
0.362987273
0.4775954603
0.2863522084
0.3180163208
0.2910109567
0.5853222782
0.8352330857
0.3199961861
0.3128818467
0.2970235494
0.7799415066
0.2863522084
0.5215136156
0.8855155624
0.4001313399
0.3920766843
0.3791078927
0.4618236217
0.2860715936
0.2883635769
0.966828018
0.5918932644
0.8784918759
0.2926038463
0.3619274848
0.4284299266
0.5427837571
0.6581572385
0.4332567824
0.2981010191
0.8526065621
0.2868760431
0.5600338693
0.3927682012
0.4780154056
0.2925072067
0.5012410119
0.3384095296
0.7503389304
0.790051811
0.3525272812
0.2983615291
0.9354675226
0.8711268549
0.8191497431
0.466350649
0.5066534629
0.4593682126
0.3305888002
0.2869967174
0.5228337259
0.5801157917
0.3424633101
0.6195615019
0.4799081101
0.2866710456
0.7492970727
0.4146515651
0.559808987
0.288157927
0.2970235494
0.4157656147
0.2914006126
0.307313721
0.2860135408
0.6466913316
0.5767232639
0.3299925265
0.8588953116
0.6934996884
0.2895909564
0.310836457
0.3929413484
0.3766595801
0.4089503032
0.5034024882
0.8479463772
0.2940813267
0.5523996598
0.2922213667
0.8432271727
0.573785302
0.2860923381
0.931242029
0.3233440102
0.378616146
0.7559417613
0.5528480244
0.3874542621
0.4548928365
0.4834961667
0.3144170191
0.2868760431
0.8772243541
0.3013291932
0.8825720918
0.793580046
0.6753604159
0.9738325544
0.6304325785
0.3412726704
0.6514185367
0.7908377009
0.310836457
0.4078575802
0.412986872
0.2862065104
0.9742200199
0.5939336193
1
0.7801413298
0.9810585842
0.329873708
0.3336244036
0.2876424341
0.6713521851
0.6152540091
0.4818055839
0.515371546
0.6213745768
0.3448779754
0.3874542621
0.7394401024
0.8672111282
0.9640783616
0.7540785417
0.4348125388
0.2861822829
0.3128818467
0.2858543529
0.3428626705
0.5381057857
0.2884238882
0.3149049372
0.3125984548
0.8086169479
0.3669769777
0.7702778719
0.4062251397
0.4638773275
0.6824637344
0.2857847743
0.3353635151
0.2861029717
0.2858173846
0.3431295979
0.7066291314
0.5414459004
0.7992191471
0.3701024234
0.4909346367
0.3913868875
0.2973354542
0.2857732644
0.3005410005
0.6369895959
0.2857769267
0.2863809614
0.6123058686
0.4395114932
0.6655476758
0.3433970742
0.9021967155
0.3063897344
0.3102016418
0.6930598268
0.30697548
0.691078773
0.5327757926
0.7068468175
0.2888002504
0.3626838503
0.3432632675
0.9791466789
0.5539693385
0.286688813
0.9408317329
0.2865680911
0.6430846367
0.7137918365
0.5029698143
0.5155903666
0.9098206491
0.5866812832
0.5127489251
0.3292818008
0.9216439379
0.7074996422
0.6020982223
0.7947513716
0.4078575802
0.9129833118
0.3279924635
0.7984447018
0.8105142791
0.3586369324
0.9331890424
0.3210602771
0.320526337
0.9102360535
0.3211675191
0.7565618472
0.3699449989
0.2859382226
0.2944592674
0.873227046
0.5416688061
0.4028053736
0.4729921164
0.4862511225
0.3513896113
0.2872341805
0.6706833093
0.2857781474
0.80556658
0.4195033717
0.2886720366
0.618201443
0.4434627688
0.3183252663
0.4213860542
0.6311113326
0.5751410118
0.7455354938
0.9143424743
0.3978325405
0.7799415066
0.4234674661
0.5928000362
0.6686752909
0.4868882247
0.3555535512
0.4478453232
0.727339136
0.331913361
0.310836457
0.2857847743
0.9774388044
0.2984927805
0.6507437059
0.9875598415
0.3297550351
0.2924112468
0.3924222281
0.2892707079
0.6888744368
0.2865680911
0.6753604159
0.2857743108
0.4395114932
