0.5164988199
0.2955897646
0.7017527337
0.7770977412
0.3003700525
0.288523693
0.5235344417
0.5206713909
0.6199719469
0.4484340465
0.5266248074
0.2994841379
0.347535178
0.7589290755
0.7174314192
0.5571936787
0.4133450061
0.8659306165
0.7939986583
0.7078741888
0.5784189213
0.3898426879
0.2877177833
0.3352043386
0.4332429328
0.5103769139
0.3424027045
0.6671682324
0.5632744912
0.5544960298
0.7779032642
0.8433009401
0.6170195124
0.5352699722
0.4109524013
0.4488348535
0.566884541
0.4083941146
0.9936455403
0.5511286153
0.2864994985
0.4696595422
0.9596658521
0.2911472329
0.8125111964
0.6485077587
0.3305739625
0.3045829085
0.4223176236
0.8287221634
0.3643889269
0.2979223416
0.3109291105
0.3406924733
0.8468212742
0.2874818136
0.2956463826
0.7206712351
0.7398974198
0.6033863391
0.2862926851
0.3168490197
0.4326608947
0.843654411
0.3657685231
0.4416676569
0.5160604487
0.2989528905
0.3013553595
0.3969495418
0.5569687534
0.3255883883
0.4655194879
0.2863250033
0.3081966013
0.28827908
0.6936197649
0.4393013444
0.3680901109
0.3185766552
0.4494366333
0.4091230942
0.8578683898
0.9664978141
0.3663849014
0.6982417183
0.3768358617
0.9449826725
0.4673792491
0.4628427657
0.6498612512
0.9223534025
0.6195177836
0.9539363143
0.414825437
0.3654610768
0.3441363084
0.3167487821
0.3941546979
0.2874211093
0.3601617485
0.3045829085
0.3401709786
0.381094574
0.3251385263
0.9118398596
0.2966942764
0.2870564349
0.2994841379
0.9812203029
0.8809883425
0.2870564349
0.7303313484
0.2980488264
0.2936640162
0.3225982989
0.6973625316
0.6507632284
0.3967740703
0.7206712351
0.5988419113
0.59929631
0.4001259249
0.7481070557
0.7882843409
0.8629300522
0.515622242
0.2956463826
0.3311712869
0.5802314164
0.8980992499
0.3876273695
0.2960474235
0.3960732391
0.8669246786
0.3296258276
0.3598636018
0.2890549917
0.333965647
0.2867231937
0.3033466323
0.2866865267
0.3147765906
0.5426232088
0.294546078
0.3891590716
0.447433364
0.916765795
0.7857050814
0.3779747181
0.5648533197
0.3215186954
0.700656537
0.5655302342
0.3701244502
0.2913966748
0.6102036624
0.6008867938
0.411135868
0.7992689665
0.3101200413
0.6006595742
0.8629300522
0.5775129593
0.6333563658
0.3042699297
0.962825036
0.287285554
0.5264038295
0.2865859457
0.6058860329
0.2869606142
0.8503094355
0.4040536021
0.9496032933
0.3589722241
0.2862767876
0.8035269183
0.298756415
0.7908527142
0.3801048543
0.2890549917
0.7441171609
0.7655146478
0.9933275905
0.390185153
0.5272879566
0.3083682646
0.7403202951
0.2918261109
0.4978081426
0.4993165148
0.7345949259
0.471947675
0.7087462334
0.873148572
0.5184735042
0.6172466522
0.2863428214
0.2865457795
0.5406145571
0.286363434
0.415196496
0.4140844589
0.3279891563
0.4107690318
0.2869452539
0.3973008003
0.5341587779
0.3881369439
0.2874818136
0.2863477126
1
0.8979515591
0.3155580116
0.3260406337
0.5277302346
0.4272657574
0.9141816039
0.2866629542
0.2878088035
0.2867357648
0.9271320041
0.2889931909
0.3047403735
0.2863868409
0.3045044198
0.28940725
0.6550435995
0.9134957475
0.3144861286
0.454680254
0.6986810989
0.620653149
0.3908713929
0.6083857476
0.8029482359
0.5077636501
0.3517251511
0.3532914752
0.3236929894
0.6991203368
0.7628462584
0.5045062556
0.4494366333
0.4649007693
0.65931689
0.2862951309
0.2876954625
0.2867231937
0.8248603846
0.7296901956
0.2863428214
0.2863931292
0.6480564568
0.3628678916
