 1.0533e+01,-3.9557e+00
 1.6277e+01,-3.8085e-01
 4.0029e+00, 7.4056e+00
 5.1871e+00,-4.8824e+00
-9.8592e+00,-1.2740e+01
 1.1050e+01, 1.2790e+01
-2.9307e+00,-1.0820e+01
 4.0177e+00, 1.0504e+01
 2.7941e+00,-9.2630e+00
-2.6253e+00, 1.2204e+01
 1.0794e+01, 2.5896e+00
-1.5808e+01,-3.4962e+00
 3.6472e+00, 1.4037e+01
-7.3346e+00,-1.8203e+00
-3.3241e+00,-7.4880e+00
 9.0209e+00,-5.5969e+00
 1.2495e+01, 3.6941e+00
-2.5507e+00, 4.9252e+00
 2.6763e+00, 6.3344e+00
-8.1215e+00, 2.1633e+00
-5.9293e+00,-8.5152e+00
 1.1326e-01, 1.3564e+01
 1.4270e+01, 9.2387e+00
 1.4500e+01, 2.8273e+00
-1.1328e+01, 5.9344e+00
-1.0756e+01, 4.0335e+00
-3.5373e+00, 1.4237e+01
-5.8521e+00,-6.8484e+00
-4.6204e+00, 9.5747e+00
-8.2970e+00,-6.8531e+00
 5.4480e+00, 4.6022e+00
-8.1668e-01,-5.8996e+00
-1.8810e+00,-9.5695e+00
-1.0134e+01,-4.4725e+00
 1.1478e+01,-6.2440e+00
-8.1106e+00, 9.5097e+00
 8.8779e+00, 5.5757e+00
-9.9131e+00,-8.7497e+00
 1.2016e+00, 5.3583e-01
-1.8986e+00, 1.0635e+01
-8.9995e+00, 1.4856e+01
-7.9222e+00,-9.1700e+00
 2.3968e+00,-1.7563e+00
 4.3847e+00,-1.6046e+01
-2.4931e+00,-6.0667e+00
-8.2489e+00,-4.3414e+00
 8.4451e+00, 1.2329e+01
-1.5737e+01, 2.6077e+00
 6.8361e+00,-1.0906e+01
 5.4476e+00,-2.9181e+00
-1.2190e+01, 7.2163e+00
 7.5981e+00,-1.4268e+01
 1.5033e+01,-3.9888e+00
 1.4494e+01,-1.8936e+00
-5.0752e+00,-3.0875e+00
-1.5313e+01,-7.6890e+00
 1.5309e+01, 5.5604e+00
-4.2132e-02,-8.1114e+00
-3.9709e+00, 6.7873e+00
 9.8313e+00,-1.1423e+00
-1.6587e+00,-1.7359e+01
 1.0314e+01,-1.1365e+01
-5.5677e-01,-1.2703e+01
 2.7524e-01, 5.9634e+00
-1.3740e+01, 3.3221e+00
 9.4299e+00, 8.2542e+00
-1.0948e+01,-3.1333e+00
 1.4461e+01, 7.0852e+00
-1.3595e+01,-8.5894e+00
 1.3071e+01,-2.6613e+00
 7.5114e-01,-1.0634e+01
-1.2303e+01, 8.8958e+00
-6.0344e+00, 1.0610e+01
-1.7332e+01, 2.2850e+00
-1.5143e+01, 4.5092e+00
 1.1155e+01,-1.2706e+01
 7.9174e+00,-3.0786e+00
-1.2576e+01,-1.5749e+00
-9.6037e+00, 1.0288e+01
 9.1038e+00,-1.2287e+01
-9.0722e-01, 1.2422e+01
 4.0740e+00, 1.2518e+01
 2.5382e+00,-5.0197e+00
-2.8259e+00,-3.0201e-01
-1.3273e+01, 4.8274e+00
 3.3669e+00,-7.7477e+00
 2.3815e+00,-1.3589e+01
-2.1239e+00, 2.8764e+00
 7.9639e+00, 9.1031e+00
 1.9755e+00,-1.2015e+01
-2.7442e+00, 8.8685e+00
 4.5567e-02,-4.1579e+00
 4.7329e+00,-8.4314e+00
-1.5266e+00,-2.8679e+00
-6.1669e+00,-1.1530e+01
-9.4404e+00,-1.0480e+01
 9.2375e-01,-1.4542e+01
-1.5471e+01,-3.6293e-01
 6.0773e+00, 1.1996e+01
 1.3797e+00,-1.7017e+01
 1.1356e+01, 8.4498e+00
-1.4204e+01, 7.2616e+00
 1.1682e+01,-8.8116e+00
 1.2707e+01,-5.0232e+00
-5.5739e+00, 1.4111e+01
 3.9149e+00,-1.9629e+00
 1.5252e+01,-5.5068e+00
 1.4716e+01,-8.7080e+00
 6.0942e+00, 1.4923e+01
 5.8738e-01, 2.0448e+00
-2.8532e+00,-4.3456e+00
 1.5585e+01,-7.0279e+00
 7.7427e+00, 1.6255e+00
-1.5329e+01,-5.4331e+00
-3.8702e+00,-1.6012e+01
 2.3166e+00, 1.5042e+01
 5.5564e+00, 6.3984e+00
-2.8683e-01, 9.2495e+00
 3.9080e+00,-1.2792e+01
-8.1945e+00,-1.3162e-01
-7.1882e+00, 7.0888e+00
 2.2684e+00, 9.7691e+00
-1.1668e+01,-6.5755e+00
 4.3728e+00,-6.2468e+00
 6.9179e+00,-1.8382e-01
 4.3234e+00, 3.4337e+00
-3.4979e+00, 1.0820e+01
-1.2167e+01, 1.1005e+01
-1.6984e+00, 1.4877e+01
 5.4420e+00, 8.7482e+00
-4.6313e+00, 1.4523e+00
 1.3436e+01, 1.5895e+00
-4.3223e+00, 1.5773e+01
 9.4934e+00,-9.4062e+00
 5.3395e+00, 9.0966e-01
-6.3836e+00,-1.3582e+01
-3.0162e+00,-1.3876e+01
 1.2915e+01,-1.0759e+01
-1.3397e+01,-6.5728e+00
-1.2350e+01,-1.2087e+01
-2.7810e-01, 1.5956e+01
 2.2293e+00, 1.7121e+01
-7.3191e+00, 1.3689e+01
 1.0069e+01, 4.0468e+00
-7.7664e+00,-1.4480e+01
-1.3519e+01, 1.7605e+00
-1.0070e+01, 7.4593e+00
 1.4392e+00, 4.0672e+00
 2.1029e+00,-6.6736e+00
 1.2195e+01, 6.3453e+00
-1.0550e+01, 1.2908e+00
 1.3769e+01,-6.3915e+00
-6.9302e+00, 4.9490e+00
-6.3531e+00, 8.4887e+00
 9.3467e+00, 1.0340e+01
-5.7402e+00,-1.5632e+01
-9.2293e+00, 3.6660e+00
 9.5459e+00,-2.7639e+00
-7.5725e+00,-1.0756e+01
-6.3993e+00, 2.4697e+00
-1.0035e+01, 1.2085e+01
 6.9684e+00, 7.1373e+00
-4.7333e+00, 3.0482e+00
-8.4586e+00, 6.1030e+00
 6.6593e+00,-6.6975e+00
-1.2539e+01,-9.8433e+00
 2.1575e+00, 1.9045e+00
-1.7166e+01,-8.4138e-01
-9.4194e-01,-1.1111e+01
-7.2710e+00, 1.5730e+01
 9.8501e+00, 4.5974e-01
 1.6680e+01,-3.8508e+00
-5.8871e+00,-1.3545e-01
-4.3885e+00,-1.2526e+01
-3.0486e+00, 1.6018e+00
 5.7531e+00,-1.2963e+01
 9.4848e+00,-1.4638e+01
-4.5665e+00, 5.0020e+00
 1.3211e+01,-9.2085e+00
-9.2004e-01, 6.9064e+00
-1.3476e+01,-3.0322e+00
-1.5822e+01, 6.0500e+00
 6.7995e+00, 3.5957e+00
-4.9878e+00,-5.4860e+00
 7.0722e-02,-1.3730e+00
-7.6815e+00, 1.1218e+01
 1.1231e+00, 1.1102e+01
 2.4876e+00,-1.5498e+01
 5.9188e-01, 7.7949e+00
 4.0368e+00, 1.6115e+01
 1.1385e+01,-1.9618e+00
 1.1531e+01,-8.9520e-02
-6.4122e+00,-4.6928e+00
-9.9650e+00,-6.8511e+00
 8.1694e+00,-1.1747e+00
 5.1957e+00,-9.2518e-01
-1.1356e+01,-9.9808e-02
-9.6981e+00,-1.5246e+00
-3.4101e+00, 1.7091e+01
-1.1320e+01, 1.3158e+01
 8.1087e+00,-7.2501e+00
 3.1852e+00,-1.7061e+01
 1.0464e+01,-7.6954e+00
-1.2262e+01,-4.6904e+00
 1.1165e+01, 1.0024e+01
 8.2106e+00,-1.0185e+01
 8.3245e+00, 1.5018e+01
 1.3330e+01,-3.1134e-01
 6.5780e+00,-8.8007e+00
 2.0083e+00, 1.3442e+01
 1.2762e+01, 1.1299e+01
-1.3916e+01,-1.0512e+01
-6.8094e-01, 4.0806e-01
 3.1027e+00,-3.5700e+00
 7.3998e+00, 1.3544e+01
-7.8954e+00,-1.2900e+01
 4.9494e+00,-9.9312e+00
-1.2895e+01, 1.3760e-01
-3.8464e+00,-2.2102e+00
 5.5632e+00, 1.6337e+01
 6.0320e+00,-1.5885e+01
 1.7056e+01, 2.0458e+00
 3.9775e+00, 1.2360e-01
-1.3475e+01, 1.0266e+01
-1.5816e+01,-1.9783e+00
-1.6756e+01,-4.8013e+00
-1.0859e+00,-1.5838e+01
 9.6635e+00, 1.3751e+01
 7.2702e+00, 5.5169e+00
-8.0982e-01, 4.3587e+00
-1.0786e+01,-1.1161e+01
-1.2074e+01, 2.8734e+00
-5.9492e+00, 6.1297e+00
-3.3721e+00,-9.1012e+00
-4.2995e+00, 1.2868e+01
-9.4358e+00,-3.1438e+00
 6.3162e+00, 2.1365e+00
-4.6050e+00,-1.0508e+01
 1.3466e+01, 4.9395e+00
-1.1671e+01,-8.4450e+00
-8.5124e+00, 1.2628e+01
 6.7157e+00,-5.0645e+00
-2.4277e+00, 7.0623e+00
 3.3979e+00,-1.0964e+01
 1.1398e+01, 4.8290e+00
 2.4372e+00, 1.1926e+01
 1.1698e+00,-9.0009e+00
-1.5983e+00, 1.7393e+01
-1.4504e+01, 9.0829e+00
-9.2637e+00,-1.4571e+01
 6.3894e-01,-6.2642e+00
-1.8309e+00,-7.7685e+00
-1.1284e+01,-1.3282e+01
 1.7199e+01,-1.8671e+00
 8.3030e+00, 4.0192e+00
-1.4336e+00,-1.4052e+01
