0.3849887852
0.3319420308
0.3513129052
0.7628490602
0.3738934877
0.3224250517
0.5009377725
0.3340960317
0.427230601
0.4630430668
0.7063673693
0.600704626
0.5569260673
0.5290791043
0.4518267752
0.8130450017
0.4353474111
0.4618087083
0.6811544095
0.4522306683
0.9775183304
0.3018175296
0.3504775496
0.288859595
0.3477285568
0.5413719708
0.5764689864
0.2888310592
0.3581700455
0.3244573293
0.3142976868
0.3584624015
0.8140113582
0.4010191637
0.7512657997
0.9587251724
0.3545601979
0.995847122
0.7830670565
0.291197602
0.4516249441
0.4303042942
0.3325355759
0.4159145821
0.4304971606
0.326211498
0.3457029867
0.4236107748
0.3146695745
0.2943410834
0.6972673228
0.2915336703
0.8649599881
1
0.5865152463
0.2945649494
0.298149443
0.3564269781
0.2946557019
0.5853724194
0.7638939558
0.2890019062
0.6535431616
0.3229544902
0.4486067977
0.6881111923
0.5255233759
0.2896990012
0.4001333181
0.4791024458
0.9847425854
0.9410283004
0.294839273
0.2983217543
0.6462524025
0.5191043739
0.9564404827
0.6811544095
0.9010423251
0.5612306798
0.3785581759
0.8038764901
0.3753302929
0.4734264841
0.8712476987
0.928703443
0.8948972534
0.3702666594
0.7043748798
0.3463747103
0.2913477443
0.6304861364
0.5215351385
0.8085772858
0.3076399891
0.3438407104
0.915324159
0.7859085193
0.2887005212
0.3102051006
0.316470724
0.8095516506
0.992822582
0.49725839
0.2908276556
0.6621780221
0.308944383
0.2887491451
0.3770996894
0.8013139347
0.2921987111
0.5096525751
0.2938213978
0.4970424282
0.3391788913
0.6716873752
0.3138364113
0.3177359512
0.6680694123
0.3816687806
0.7373760773
0.3886939753
0.2895034895
0.5576051834
0.3673200304
0.3345811623
0.5505984821
0.3600797267
0.6999368003
0.6314014398
0.2906668698
0.6412313943
0.8093569157
0.4283805395
0.9534350105
0.5555684882
0.3049329547
0.7759110695
0.290800421
0.5517269206
0.2889432588
0.3572961357
0.313470263
0.4684211728
0.889083098
0.6542258199
0.2924479126
0.2927431343
0.2947471432
0.2962523788
0.3261007226
0.4015519405
0.7178197496
0.3375409079
0.386834478
0.5904027879
0.5018056808
0.2949787584
0.3964419205
0.3815040041
0.5168990096
0.6288840555
0.3319420308
0.5535337948
0.8479364565
0.2887054542
0.4899461941
0.8714160225
0.590174032
0.2887771554
0.7759110695
0.8770878793
0.848474389
0.376132757
0.7842863109
0.316470724
0.9037593824
0.2924117912
0.410203479
0.294839273
0.9322630988
0.3816687806
0.4929493883
0.443020645
0.5830876204
0.6639922963
0.6883351366
0.5264113893
0.5751011261
0.2908276556
0.6750736429
0.6558180788
0.2892853954
0.3508946155
0.5913179006
0.5346538679
0.8999775736
0.7808260203
0.397491769
0.7850979116
0.2888521969
0.2915970401
0.7127671684
0.940160991
0.3528570664
0.4388730182
0.4388730182
0.9628445802
0.2891258793
0.29223379
0.3336132458
0.2893144429
0.3139283475
0.2990262682
0.4953166587
0.4091091495
0.8464984731
0.6780038203
0.4373026776
0.355562592
0.2928567055
0.4688368049
0.3018175296
0.3473209505
0.2887084492
0.7800092702
0.3108059169
0.3012200954
0.3205510151
0.2901312072
0.2982067102
0.3988975993
0.9313471848
0.9504689397
0.2887121489
0.8331458522
0.2888521969
0.3237021565
0.3627602082
0.3727827928
0.2887935383
0.2901764019
0.8046626783
0.2905631762
0.9919747139
0.6512665388
0.3912516585
0.9281699369
0.4540519769
0.649444072
0.4715449924
0.322214354
0.7125470185
0.7189153292
0.8299777724
0.574645298
