0.3199163397
0.7047248949
0.3885058364
0.3347661176
0.6693986942
0.777400681
0.2912058487
0.5783526315
0.3259472087
0.4553348829
0.4867149444
0.7271839537
0.2857967719
0.8729751036
0.586728469
0.3251545104
0.4614508085
0.5252996469
0.3826097715
0.8243967155
0.7946202216
0.8574450409
0.5765435568
0.3314563334
0.7810028084
0.6089525327
0.4193493307
0.5123536127
0.3070844962
0.2858077595
0.361654902
0.8214432017
0.2896873108
0.9904326713
0.9399899612
0.5428274123
0.6521456466
0.7541391909
0.8633154175
0.7711505097
0.5996513182
0.6541687695
0.5824256894
0.2871684961
0.3856249926
0.2915570179
0.509084948
0.8772949078
0.7246162344
0.4480814477
0.8763404832
0.6413313665
0.9596942084
0.6895915414
0.323701697
0.3907302405
0.3055097673
0.353414476
0.3066644674
0.496113152
0.3679390905
0.6139427786
0.5176032042
0.3214083048
0.7282519
0.3487496531
0.2887590213
0.2860647891
0.2859188471
0.3009926654
0.9156310772
0.5758653559
0.2893288716
0.6803018614
0.4577736532
0.4069824109
0.6420083512
0.3290725238
0.287325693
0.3470893006
0.7162271522
0.2862800778
0.3026860968
0.347502575
0.4999866324
0.4575700315
0.2911627208
0.8452248544
0.4837466511
0.3950592036
0.4464827395
0.5004180035
0.3834436807
0.2858077595
0.2948691836
0.6026003653
0.2862295295
0.2881238963
0.7658641753
0.4093482474
0.7634110335
0.3220567914
0.3459931722
0.5252996469
0.288327144
0.2911197638
0.3933195953
0.2870198001
0.9735989072
0.37652757
0.5957955119
0.6325194195
0.3013534286
0.2934762862
0.5339276502
0.331335764
0.5233161485
0.8039075524
0.600785531
0.9588302129
0.4905472319
0.4053542971
0.4594051588
0.8968863247
0.4770043549
0.7524791615
0.2988478458
0.3134780651
0.7711505097
0.5571567897
0.8695712754
0.6953136787
0.3542780285
0.5677366478
0.2859392492
0.9836554763
0.3096885913
0.2890545062
1
0.698385164
0.5270652175
0.285848569
0.4217976032
0.5106091124
0.2860647891
0.4933257971
0.4187865391
0.3876552181
0.6664953711
0.375879522
0.3264034395
0.4144995549
0.4325156993
0.4219865676
0.2859612202
0.2857972951
0.8857408149
0.98334213
0.3064975796
0.3026860968
0.3554367264
0.3115964887
0.2880393825
0.3043076856
0.4300032906
0.2884470856
0.2878482363
0.8616486914
0.320872052
0.4124668588
0.8273310858
0.3487496531
0.5119172306
0.2886636291
0.3375398636
0.8023705661
0.5499795746
0.6307095632
0.8741011868
0.9167045296
0.5659329792
0.4504885916
0.2899484421
0.6193846518
0.9101708788
0.5130085041
0.3744282774
0.2945376209
0.2860013242
0.8538736874
0.6214245529
0.3844480878
0.2890881994
0.3135737876
0.3193907049
0.7121167176
0.8284264981
0.6078182456
0.9609269434
0.2859688924
0.8543861164
0.3232597553
0.9618629059
0.2941049792
0.3637772705
0.3869767054
0.3254933479
0.286999252
0.6467433439
0.2912926168
0.7472694947
0.7808032188
0.9236580295
0.5246381516
0.3511347518
0.2876655686
0.3126235966
0.4643262218
0.3332821845
0.3029894362
0.4626814991
0.2859254735
0.3426238471
0.8809240383
0.285805841
0.4472814835
0.2858145612
0.7967623266
0.5138822824
0.2865420051
0.3414318698
0.3464032067
0.2857962487
0.2956663864
0.3868073533
0.6820755107
0.5819729597
0.323701697
0.5751872694
0.4236912981
0.2860013242
0.6408799698
0.4152415609
0.3451767629
0.4387603599
0.3022359847
0.4512933668
0.7246162344
0.72568691
0.4385639414
0.3352653292
0.320872052
0.3009210055
0.4674216059
0.4109957999
0.7780024286
