0.2872400193
0.9532801852
0.4472086272
0.3169558933
0.9649988732
0.2923337732
0.4043934351
0.3598795949
0.3342719308
0.710312235
0.8508812132
0.7815182556
0.6025696805
0.4683949003
0.3778085281
0.898513987
0.9632122083
0.3350135194
0.6803186119
0.2937912842
0.3385422539
0.3287597302
0.7312706482
0.4175938457
0.9535963876
0.6362123222
0.2921140684
0.3097216767
0.7847216641
0.6780897249
0.6617393463
0.3606249627
0.2883208851
0.6443675085
0.4259025578
0.2908095004
0.4986639965
0.289946703
0.5125626271
0.2888668634
0.2971357524
0.8190285012
0.3075751672
0.978643498
0.741272442
0.8014629546
0.4345783723
0.3009650485
0.2969565891
0.4652923212
0.4834870306
0.7499078867
0.490293529
0.6820996518
0.4330232597
0.2928321776
0.4224821808
0.7904864655
0.5233250157
0.6255426406
0.4930748013
0.9800554211
0.5049380479
0.5047210274
0.4172204214
0.6445937801
0.337016283
0.3054495953
0.2921576669
0.5125626271
0.5045040541
0.8292376499
0.4388825544
0.4504167478
0.2894267536
0.5655797936
0.4708876511
0.3797710622
0.2873929473
0.9432423502
0.4704715421
0.6639867512
0.3087648657
0.2866449762
0.6396124382
0.6718342175
0.3572228293
0.5081989392
0.54220345
0.7116200939
0.4371169002
0.4554679644
0.3713893953
0.8074481637
0.3247741809
0.304427935
0.4663248448
0.3483962492
0.2876178283
0.2895208719
0.3443103446
0.2987516975
0.4204064236
0.800491436
0.6368925701
0.2869241065
0.9097960537
0.935062366
0.896877084
0.5489196921
0.8880621252
0.709657772
0.727412572
0.3358852301
0.3093715061
0.3951842644
0.7896945309
0.5621933713
0.4742257442
0.6103058775
0.2889511079
0.4011738936
0.2923782276
0.3656237617
0.6430095635
0.3115107759
0.2918560749
0.2868260025
0.3041191193
0.2877708572
0.7924617547
0.3633345863
1
0.5909707117
0.3219322097
0.3477067647
0.8900645967
0.33231973
0.4480088208
0.5716854029
0.2919413873
0.3207606492
0.8240683386
0.563773172
0.4345783723
0.6439149199
0.4122163319
0.4006405382
0.2991406541
0.3698145944
0.3769957694
0.5594874036
0.5859719986
0.8508812132
0.3971087811
0.9163147283
0.4412470562
0.9995438641
0.3514699329
0.6046174384
0.3411306475
0.7638273766
0.546006305
0.7122734858
0.2890658613
0.3557649502
0.8386796587
0.3592856025
0.3560554854
0.570553829
0.289648785
0.3258943027
0.3503447274
0.7567944494
0.3069095038
0.3331692652
0.2936923065
0.6778666809
0.3035093311
0.2899806689
0.9923235912
0.5762154172
0.9130126026
0.3002071702
0.5475744964
0.8698564358
0.9153573588
0.2911191505
0.5428739492
0.3737742338
0.3495064404
0.790288579
0.8813301182
0.2912781028
0.2875103757
0.4683949003
0.9731818114
0.3721813351
0.3917183191
0.5556591453
0.3518940834
0.2900148074
0.7070364102
0.5215613284
0.5504902588
0.800880247
0.5036366346
0.4400633441
0.5839282737
0.694953257
0.6150835733
0.8926600174
0.6405186432
0.2869975453
0.4516248004
0.286795572
0.736604002
0.3805937179
0.8242539658
0.3128008965
0.2943478211
0.4796842288
0.9190238536
0.8459756845
0.2927860135
0.3677855833
0.2893957269
0.3470206662
0.6606148181
0.4045732669
0.5077635553
0.2911191505
0.600294578
0.6776436091
0.3013868764
0.3098977202
0.3393128718
0.4052936054
0.3287597302
0.9701254861
0.2868340471
0.343108611
0.2945031713
0.985881531
0.3930995227
0.4144317802
0.9411553319
0.3731356355
0.3232312151
0.8825951115
0.2874759528
0.2896811957
0.6953945287
0.2868181327
0.3993996706
0.287269209
