0.5974021985
0.8345138331
0.3301363066
0.289259797
0.6514469433
0.8866312931
0.4355058841
0.9512289287
0.2927580626
0.3017936319
0.7313423197
0.4209251016
0.3240218183
0.3056961958
0.3110934026
0.3661209202
0.7742236181
0.7916983775
0.2862402415
0.7492293369
0.3003467216
0.3071999698
0.2996479143
0.2904883141
0.9346248444
0.2858969467
0.3030749485
0.2991007417
0.4349209829
0.2916154588
0.4374609006
0.6164424449
0.4791771391
0.6738120423
0.4384414687
0.7535910823
0.5350924139
0.5695784278
0.5515945903
0.2858866682
0.3813354588
0.325937964
0.6496484855
0.5397599241
0.6223315499
0.2997863577
0.4158687119
0.3462882899
0.9662899454
0.7924808731
0.9903357007
0.9115735279
0.8458326978
0.4184821649
0.3231349907
0.4819161576
0.8559754623
0.6773673561
0.4059625434
0.3174012279
0.4230041778
0.6873264467
0.9734356971
0.3036162287
0.5433247701
0.4957525768
0.2861390628
0.2937318841
0.5915106465
0.4691521712
0.2860591205
0.7936526345
0.4455604175
0.3011344048
0.362752627
0.5170079672
0.2915699755
1
0.9089552772
0.2913006531
0.2857610501
0.3783713969
0.8453094001
0.3773916583
0.9269224756
0.305614179
0.300702296
0.2862862117
0.6507726602
0.684455741
0.7187234557
0.4766576679
0.2925608367
0.6998469674
0.9101998212
0.3181194912
0.6046560864
0.5163510792
0.7240895831
0.6008022492
0.3048028762
0.9729693955
0.5560785012
0.5286696654
0.4378528844
0.4914710779
0.8248993854
0.7669371523
0.3695486531
0.2872104381
0.5382026164
0.5229358021
0.3897603643
0.7465174582
0.3393531526
0.4842414068
0.3367854998
0.4360915277
0.7889513764
0.5069769547
0.3741561428
0.3816670826
0.2912563624
0.5856229342
0.2868319006
0.432007716
0.3086677998
0.5437708772
0.5056753458
0.5288906738
0.28567497
0.5235961578
0.8702395319
0.3209599067
0.3036942042
0.8982848122
0.9318591654
0.3335319528
0.3600416566
0.5015645196
0.6568349246
0.3128691782
0.8361250274
0.2871168646
0.2882072197
0.3181194912
0.8799702984
0.3585532407
0.7899339189
0.4402115773
0.2914795199
0.6415417393
0.2856043912
0.2869817023
0.3935541177
0.4169865356
0.6417672071
0.9623636834
0.8904271882
0.3573716789
0.2858765637
0.2886460246
0.8694275169
0.2858472949
0.84670325
0.5504750497
0.3251437671
0.3282469375
0.7820284759
0.3389644349
0.3658122405
0.7268689618
0.5797407872
0.3133458821
0.688208656
0.2871633049
0.337039738
0.2979731539
0.3887347858
0.6793640318
0.6446968891
0.5082801808
0.3575189266
0.527344339
0.2856251298
0.4327827445
0.5700294972
0.6202934853
0.3086677998
0.2860591205
0.4670818837
0.4175467028
0.6833502139
0.4273861573
0.7026863964
0.2917529299
0.2885172045
0.2856068311
0.6363520376
0.7172160693
0.285985441
0.3316988021
0.661763384
0.4568307341
0.3048028762
0.2856922216
0.3355227805
0.5910575873
0.3304947106
0.3585532407
0.6633292664
0.7550396993
0.2934177652
0.3324281835
0.6804722757
0.4613202211
0.3690777716
0.3335319528
0.3988102133
0.3149957963
0.3977514643
0.6392862545
0.7508937429
0.4070492454
0.3582570838
0.7865866572
0.2857176627
0.2855885319
0.3598922441
0.3895891623
0.5009169944
0.3540205391
0.4141982965
0.3736748658
0.3104534747
0.3561983195
0.2878300354
0.9242667345
0.2863995584
0.2866905977
0.813573344
0.8568218495
0.6345452707
0.2975866276
0.8433844619
0.9879935882
0.2855911461
0.647173724
0.5709318166
0.4304617189
0.5198586022
0.5102380015
0.2856922216
0.3956452168
0.3210672304
0.9305175804
