0.5040270301
0.506633569
0.481111288
0.2911884899
0.6157880129
0.9865818283
0.2875679735
0.4718777927
0.7350435486
0.3107595951
0.7580046967
0.7879228267
0.3234817688
0.3889373902
0.4382402522
0.4501624138
0.4209206953
0.7966177745
0.4025551884
0.511647963
0.3008510986
0.3165049885
0.2870903402
0.3170017793
0.8237771485
0.8682148474
0.6923968712
0.474802673
0.6489406292
0.2871083661
0.3066545581
0.297068082
0.3016204973
0.6743695331
0.9901033315
0.9675870904
0.6337542467
0.7171755966
0.5248350703
0.2883111374
0.8996552966
0.693503011
0.3447115567
0.8074973
0.7825256649
0.9537017295
0.3234817688
0.4362814416
0.919332038
0.3376573956
0.4370639697
0.8340855975
0.2990477348
0.3152315505
0.2903084618
0.7286209689
0.4615367253
0.8746241184
0.3286655612
0.9443183737
0.7005621174
0.2870563874
0.3774504417
0.3837094482
0.4849223224
0.307813585
0.3193368712
0.3106703087
0.3499168486
0.3967147479
0.9183854924
0.3303056078
0.3719939381
0.3231547219
0.296542293
0.2888210315
0.3177038037
0.86604939
0.393404235
0.2958624911
0.2983478766
0.3161103552
0.6957127761
0.8647096541
0.9119071029
0.5199829077
0.6255727084
0.4640031944
0.6795079347
0.8335393902
1
0.2872658561
0.8215376804
0.5705432256
0.6223881499
0.7309807687
0.8638695657
0.2871270916
0.2887434945
0.2877507268
0.553614299
0.578477025
0.4068732202
0.2872777541
0.5348151939
0.8793042213
0.4147530282
0.4768994183
0.7863284774
0.2870107063
0.2868671699
0.5583427671
0.287915955
0.8174045818
0.2962560877
0.4171704936
0.7243163913
0.4048868731
0.3376573956
0.556765503
0.4981877361
0.6846313496
0.3075625573
0.7395139799
0.3639200565
0.4775296486
0.4588760584
0.2875217975
0.8853242796
0.4988347615
0.4291073075
0.3165049885
0.3222892571
0.3014086756
0.9748425623
0.9424683861
0.3840434675
0.2907728124
0.5219656182
0.4329706887
0.3525925309
0.323810175
0.3815494496
0.6999018482
0.4775296486
0.358528757
0.5158078761
0.6132836308
0.6790616978
0.5365966412
0.3301875058
0.4635914267
0.2876987907
0.7948495764
0.6493929296
0.3411335112
0.3092634346
0.3751869779
0.4075985407
0.3774504417
0.5563150559
0.5266040491
0.5669226542
0.2915440867
0.6107789579
0.3225047138
0.5354829946
0.2870107063
0.8912148192
0.9851474836
0.2973660781
0.9311984269
0.2948884553
0.7863284774
0.4166111945
0.3461981266
0.6692171472
0.9359092862
0.798576121
0.6151050356
0.2892609608
0.3015497247
0.9912299232
0.5827906654
0.4013068383
0.321539944
0.7264709184
0.6308011892
0.6976986444
0.3165049885
0.6475833285
0.6712348991
0.3616536365
0.38022987
0.5560898662
0.3974166011
0.2869595964
0.2995694146
0.4094188097
0.3019052397
0.2874918866
0.2877683877
0.287187465
0.7905048992
0.5473261867
0.6761584407
0.3598610738
0.4485564921
0.9256933211
0.358528757
0.3916774785
0.4061495025
0.2869539951
0.4891786123
0.8084582174
0.3093501648
0.3574997316
0.2982228044
0.3456556367
0.8586140878
0.2899383517
0.2868697959
0.5184430261
0.733334971
0.7335487085
0.293482654
0.733334971
0.3598610738
0.2892609608
0.2916250002
0.6180643656
0.4666863179
0.5144925509
0.6665237328
0.2873792294
0.3979441009
0.3691614913
0.3645292247
0.9196016021
0.2892035396
0.6414685153
0.5363738478
0.9172978857
0.4644152358
0.3944454804
0.4241373753
0.7176096894
0.2892321635
0.2873020744
0.5221861152
0.3111183328
0.6369324212
0.4233781418
0.2897770383
0.767093352
0.5419529824
