0.5068949975
0.8239369802
0.6383567767
0.2982122894
0.5154235348
0.797415365
0.6089497116
0.9896746499
0.9216580834
0.2982730325
0.8520457325
0.3802573567
0.3322359958
0.5220285129
0.30511267
0.5868264721
0.4243249315
0.2879201859
0.3098682689
0.3324761
0.5774970259
0.3969001891
0.5099486405
0.4864323004
0.8795001105
0.2958135582
0.9555154171
0.4469546556
0.3550994786
0.316131126
0.2875086836
0.2930379849
0.6796854581
0.3099550325
0.2973213642
0.8029034453
0.3096089425
0.2877986521
0.8388587271
0.4473545584
0.3117239545
0.8150550994
0.496497094
0.3030134136
0.712014936
0.2878735388
0.2876983242
0.3310442617
0.3409832742
0.5324466652
0.4485561386
0.6178495573
0.4132738577
0.7080696585
0.8224365318
0.8830303602
0.5213663677
0.4447608164
0.8214963657
0.5827282475
0.7170374807
0.3521047411
0.2902367761
0.2950804527
0.5114788209
0.3546680784
0.7209530343
0.4030974271
0.3232259228
0.546753297
0.8828708244
0.374740165
0.3053452253
0.3021533075
0.6000498435
0.9640887108
0.540254907
0.2903932448
0.3206749479
0.2968617359
0.416610499
0.4222398938
0.3319964766
0.4857940487
0.3512599009
0.3113650527
0.4096034536
0.532669194
0.4956358653
0.8226243452
0.9679998111
0.9350372526
0.7014670206
0.6794616862
0.3137434159
0.3617115836
0.3794374598
0.2877065684
0.2914972524
0.332116163
0.3044997324
0.2913130682
1
0.5989091269
0.8492315232
0.7532177892
0.9267166246
0.4038138089
0.7401029098
0.6463090913
0.301248458
0.2909230833
0.2893636491
0.4913424982
0.3124494079
0.3165222671
0.3591828046
0.3874274977
0.293714528
0.2945772486
0.2884660672
0.4116173123
0.4731420129
0.3301014551
0.720301386
0.9126787431
0.3670337158
0.8686554363
0.8148643919
0.4065148202
0.3546680784
0.3847348539
0.6537899892
0.319535272
0.7074109016
0.3187181449
0.5086388283
0.626743729
0.3292842474
0.6469899055
0.4271858706
0.3144967757
0.3349091815
0.4767042874
0.2997812582
0.3556765253
0.5984528692
0.4248954939
0.3396908058
0.6957186409
0.9123959919
0.2997812582
0.9306093472
0.6392664337
0.5187213992
0.3948052959
0.9702957398
0.7997738415
0.2928640961
0.4503637319
0.5068949975
0.4345227056
0.2877788331
0.4339389299
0.9784003656
0.4962817082
0.2890705811
0.293714528
0.7532177892
0.5364573508
0.3768335199
0.2877065684
0.2942351624
0.4296816224
0.7498521739
0.458471339
0.789285743
0.3145916557
0.3852375156
0.6805802659
0.6528842023
0.2895999144
0.990539188
0.411066894
0.2877065684
0.5747704712
0.8259923826
0.6059828096
0.6084932601
0.3493074395
0.8762538125
0.9326487787
0.679014059
0.4542000138
0.3075865669
0.423945011
0.8381336143
0.8073717297
0.3955018751
0.2958671984
0.7362594927
0.2897372657
0.2875657034
0.3671880383
0.5604951636
0.7848789046
0.5559797567
0.8598486808
0.9032946509
0.6743074212
0.2879954118
0.5068949975
0.2960834575
0.3494460231
0.5143263651
0.2883251631
0.3830667346
0.7716838578
0.3357744517
0.3565460399
0.7313260896
0.2883421641
0.3505595594
0.9734828576
0.8449716462
0.2884119168
0.4224289842
0.7270163903
0.9974634824
0.3830667346
0.2962474342
0.4689749333
0.5950315573
0.3009079179
0.6404032245
0.5213663677
0.483882421
0.5564308907
0.2875088591
0.29952318
0.3004381578
0.863941645
0.7216043005
0.3265376508
0.9284144525
0.9521632188
0.5838663016
0.4840945908
0.7592831844
0.3098682689
0.5189415897
0.4932718511
0.3769953805
0.3140247414
0.3526706444
0.3495847421
