-9.8814e+00,-1.4542e+00
 6.6094e+00,-6.0608e+00
-3.2067e+00, 4.8250e+00
-1.6190e+00,-1.5750e+01
 1.8229e+00, 1.1942e+01
 1.2970e+01, 1.5585e+00
 1.3873e+01,-8.1020e+00
 1.4790e+01, 4.4888e+00
-7.9479e+00, 1.4642e+01
 5.7877e+00, 9.6028e+00
 9.2458e+00,-5.1346e+00
 1.2717e+01,-9.7240e+00
-1.6054e+01, 3.5071e-01
 1.4323e+01,-4.6258e+00
-1.0159e+01,-6.1223e+00
 2.7692e+00,-7.2261e+00
 1.5140e+00, 4.4289e-01
 1.4894e+01, 8.7085e+00
 3.9450e+00, 1.2987e+01
-1.4384e+01,-1.3855e+00
-1.5589e+01, 6.5467e+00
 4.1644e+00,-8.2908e+00
-8.7989e+00,-7.8344e+00
-1.9815e+00, 1.7314e+01
 1.3665e+01,-9.3429e-01
 1.2435e+01, 1.1345e+01
-3.6727e+00, 1.2908e+01
 1.1580e+01,-3.1821e+00
-1.9568e+00, 1.1827e+01
 1.0173e+01,-1.7818e+00
-1.5987e+01, 4.6211e+00
 1.0771e+00, 7.5420e+00
-1.1747e+01,-3.0320e+00
 1.9356e+00, 1.6459e+01
 5.0168e+00, 2.7576e+00
 6.7152e+00,-1.1878e+01
 1.2924e+00,-1.4218e+01
 3.0764e+00, 9.8210e+00
-4.3978e-01,-6.3202e+00
-4.9677e-01, 1.5842e+01
 9.2699e+00, 1.4354e+01
-3.4552e+00,-5.8659e+00
-2.4627e+00, 1.3806e+01
-1.2192e+01, 7.7472e+00
 7.4654e+00,-3.3855e+00
 9.3766e+00,-1.2148e+01
-1.2252e+01,-1.1297e+01
 9.6404e+00, 1.1519e+01
-5.7250e+00,-4.5421e+00
-1.4340e+01,-4.7897e+00
-4.2414e-01, 1.1442e+01
-4.3136e+00,-1.3240e+01
-9.0893e+00, 1.0322e+01
-8.9386e+00,-1.1664e+01
 2.9854e+00,-1.4741e+01
 1.7322e+01, 1.9514e+00
-2.0850e+00,-7.8623e+00
 6.0604e+00, 7.5815e+00
-1.3740e+01, 1.0192e+01
-1.0829e+01, 1.2028e+00
-7.8850e+00,-1.3888e+01
-6.4167e+00,-1.0364e+01
-1.2475e-02, 3.3487e-01
-6.7696e+00, 7.6616e+00
 4.2455e+00,-1.1696e+01
 4.8457e+00,-3.0395e+00
-9.3811e+00, 6.5612e+00
-5.8027e+00,-1.5420e+01
 5.2279e+00, 1.4562e+01
-4.2685e+00, 9.8066e+00
 3.7609e+00, 5.6088e-02
-2.3352e+00,-1.2845e+01
-8.6332e+00, 1.2629e+01
 1.0460e+01,-6.8128e+00
-1.7026e+01,-2.3510e+00
 9.0559e-01,-4.7323e+00
-1.5186e+01,-7.2897e+00
 7.8572e+00, 8.8144e-01
 9.3964e+00, 5.4938e+00
 2.2534e+00, 3.3722e+00
 6.5482e+00, 1.5693e+01
-1.1682e+01, 1.0232e+01
 7.5659e+00, 4.8091e+00
 8.9319e+00, 2.7611e+00
-1.4281e+01, 3.8806e+00
-5.7892e+00, 1.4837e+00
 1.1260e+01,-1.7555e-01
-4.4941e+00,-2.3890e+00
-6.5977e+00,-7.4688e+00
 1.1200e+01, 2.4185e+00
 8.0139e+00, 1.0092e+01
 1.4742e+01,-2.0459e+00
 1.1907e+01,-1.1621e+01
-1.3176e+01,-7.6030e+00
-7.2633e-01, 7.6469e+00
 2.1067e+00,-1.2509e+01
-4.3739e-01,-1.2077e+00
 6.7133e+00,-8.9876e+00
 6.2090e+00,-1.6173e+01
-1.7079e+00,-3.8826e+00
 1.5562e+01, 1.6297e+00
 7.6426e+00,-1.2312e+00
 4.7379e+00, 5.2324e+00
 3.1558e+00, 1.4476e+01
 1.2568e+01, 5.7174e+00
 1.6716e+01, 4.7044e+00
 1.1886e+00,-7.5493e+00
 1.0844e+01, 7.0620e+00
 5.5741e+00,-1.0409e+01
 3.3900e+00,-4.3664e+00
-1.0537e+01, 3.7293e+00
-1.3009e+01, 5.9536e+00
 9.0958e+00,-7.4944e+00
 8.9624e+00,-9.5163e+00
 9.7340e+00, 9.7738e+00
 3.3048e+00,-2.0140e+00
-3.6348e+00,-1.4637e+01
-9.4615e+00,-1.4146e+01
-1.6624e+00,-9.8420e+00
-4.6370e+00, 1.1314e+01
-1.3442e+01, 1.5476e+00
-8.0758e+00,-3.7914e-01
-2.2997e+00,-1.1266e+01
 4.7305e+00,-1.3954e+01
-4.2835e+00, 2.7375e+00
 1.2864e+01, 3.4493e+00
-8.1139e-01, 1.2999e+01
-4.5627e+00,-8.1298e-02
-3.6975e+00, 1.5630e+01
-6.3044e+00,-1.2691e+01
-1.3541e+01,-1.0057e+01
-7.9110e+00, 4.6577e+00
 1.4890e+01, 2.7475e-01
 6.2237e+00,-1.3668e+01
 1.4494e+01, 7.1480e+00
-6.2450e+00, 4.4643e+00
-2.7297e+00, 6.7929e+00
 1.0161e+00,-2.7304e+00
-5.1887e+00, 1.3090e+01
 1.1880e+01,-8.0183e+00
-1.0280e+01, 1.2406e+01
 5.1256e+00, 1.1011e+01
 8.5685e+00,-1.4195e+01
-3.4513e-01, 9.4606e+00
-1.0465e+01,-9.9370e+00
-7.0872e+00,-9.0075e+00
 1.4379e+01,-6.2158e+00
-2.9404e+00, 1.3279e+00
-7.7227e+00,-1.5552e+01
-4.3780e+00,-1.0645e+01
 5.4601e+00,-1.5529e+00
 8.3102e-01, 1.8767e+00
 3.4510e+00, 6.6221e+00
-3.0534e+00,-9.2280e+00
 5.9455e+00, 7.3788e-01
 1.1453e+01,-5.4778e+00
 1.2130e+00,-1.7290e+01
-4.5102e+00, 6.6813e+00
 3.6283e+00, 1.1404e+01
-7.4093e+00, 1.8188e+00
 1.0825e+01, 3.8841e+00
 7.5827e+00, 7.0741e+00
 1.5577e+01, 6.0387e+00
-7.2088e+00, 1.1920e+01
 2.8961e+00,-9.4696e+00
-1.4699e+00, 5.9654e+00
 9.6023e+00, 7.5423e-01
 1.4263e+01, 2.6663e+00
 1.2712e+01, 7.3563e+00
 1.1827e+01, 9.3923e+00
 1.7351e+01,-9.5858e-01
-2.7290e+00,-1.6984e+01
-1.1425e+01,-5.0177e+00
-1.2005e+01, 4.7598e+00
-7.6497e-01,-1.1830e+01
 3.6654e+00, 4.1734e+00
-1.5793e+01, 2.9716e+00
-1.0738e+01,-7.8094e+00
-2.5907e+00,-1.7015e+00
-2.0510e+00, 3.2336e+00
-8.9985e+00,-3.1845e+00
-5.0844e+00, 1.6596e+01
 1.3105e+01,-3.2995e+00
-1.4774e+01,-8.9629e+00
-8.9899e+00, 1.2822e+00
-9.7496e+00, 8.7054e+00
-1.4919e+01,-3.3196e+00
 6.9590e-01, 6.0688e+00
-1.4816e+01, 9.1260e+00
-6.5518e+00,-5.8671e+00
 1.6074e+01,-6.8648e+00
 1.6564e+00, 1.3816e+01
 1.6957e+01,-2.8005e+00
 1.7736e+00,-1.0529e+01
 5.2083e-01, 3.6624e+00
 1.0489e+01,-9.4203e+00
 6.7272e+00, 1.3502e+01
-7.6595e+00,-4.0332e+00
-4.9568e+00,-8.7439e+00
-8.7467e+00,-5.5603e+00
-6.6162e+00,-2.6977e+00
-1.9945e+00, 8.5820e+00
 3.4621e+00,-1.6708e+01
-1.2647e+01, 2.8678e+00
-9.6222e+00, 1.4125e+01
-5.1598e+00, 8.5583e+00
 1.0384e+01, 1.3040e+01
 3.7094e+00, 8.4516e+00
 9.2445e+00, 7.9387e+00
 5.5306e+00,-7.5969e+00
-9.0256e-01,-1.4316e+01
-1.1792e+01, 1.2930e+01
 1.4693e+01,-9.4213e+00
 4.5491e+00, 1.6274e+01
 8.1696e-01, 1.0569e+01
 1.0526e-01,-1.5922e+01
 4.9018e+00,-5.4839e+00
 1.6626e+01,-5.3565e+00
 1.5555e-01,-1.0641e+01
-1.3800e+01, 7.8993e+00
 6.1123e+00, 4.3763e+00
-3.9717e+00,-7.5095e+00
-1.6464e+01,-4.4385e+00
-1.2584e+01, 2.9835e-01
-7.7150e+00, 9.1829e+00
-1.2191e+01,-1.1855e+00
-4.7165e+00, 4.8336e+00
-3.4835e+00, 8.2891e+00
-6.4280e+00, 1.0033e+01
-6.8587e+00, 1.5841e+01
-4.6959e-01,-1.7474e+01
-1.4630e-01,-8.9010e+00
 5.8619e+00,-4.2999e+00
 8.0252e+00,-1.0954e+01
 1.0743e+01,-1.3779e+01
-9.0544e+00, 2.9680e+00
 6.7958e+00, 1.1908e+01
-1.3184e+01,-2.4484e+00
-1.0780e+01,-1.2484e+01
 1.1011e+01, 1.0859e+01
 3.4383e+00, 2.4020e+00
-3.6945e+00,-3.8169e+00
 7.4366e+00, 2.3732e+00
-6.4952e+00,-6.3473e-01
-1.9858e+00, 1.5294e+01
 1.2882e+01,-6.6164e+00
 4.2678e-02, 1.7293e+01
-1.1120e+01, 6.1629e+00
-1.2233e+01,-9.0015e+00
 2.2390e+00, 5.0753e+00
 1.1805e+01,-1.6567e+00
-6.1757e+00, 1.4262e+01
-1.7307e+01, 2.0958e+00
 1.5901e+00,-1.5693e+01
-1.6785e+00,-1.8215e-02
 7.3814e+00,-1.5144e+01
