0.731961428
0.3721979682
0.3076630675
0.6712913623
0.9762471497
0.9673168706
0.5646713928
0.4166968787
0.8390771124
0.2867997124
0.4486479808
0.2865786892
0.6011734586
0.4288126511
0.3758819828
0.436372558
0.4814052405
0.2896786545
0.2981276603
0.3353642544
0.9757795013
0.6452031491
0.5240048094
0.846347767
0.9703752209
0.3981944528
0.4311249528
0.5757498239
0.2885508365
0.4040666773
0.8890385808
0.767517887
0.4195029968
0.3284940859
0.6870974271
0.9399269441
0.7619747896
0.4168832992
0.7493019465
0.2968358202
0.2916627856
0.3257437166
0.8810926422
0.3556225703
0.3564958128
0.5682845857
0.793592167
0.2892554131
0.8320388414
0.3884922725
0.8130883744
0.8075625511
0.5789214962
0.3195574042
0.3320512092
0.341116716
0.2875782996
0.4332554298
0.5789214962
0.4065914556
0.4830963636
0.8025583924
0.4725898808
0.2901670727
0.3300193517
0.3404634902
0.7613563269
0.4597834784
0.3186257329
0.6227663796
0.7347325483
0.2992273898
0.4520660936
0.2866188799
0.4920342701
0.7023067525
0.3366178271
0.7321748744
0.5891306379
0.3456504597
0.2882359759
0.3048857558
0.3211377049
0.3070760098
0.3151212747
0.4563180764
0.5854985218
0.3420370793
0.592991846
0.922005406
0.3685774977
0.795357568
0.2956179971
0.4131728721
0.3179096986
0.3279140633
0.3934745261
0.6884262926
0.9892732891
0.2864657948
0.2900595669
0.5918560012
0.2968956609
0.8878076475
0.8224739773
0.3212442767
0.2884431078
0.7391918429
0.3673333119
0.6972552074
0.5606121784
0.9252654121
0.4202548214
0.4828847693
0.667486518
0.6368310197
0.3685774977
0.2866188799
0.3432303859
0.661878558
0.8958538085
0.5350805471
0.7360088116
0.867999576
0.6952734147
0.7632101892
0.5950367233
0.2939562845
0.3326568062
0.2867331499
0.324511757
0.9456577812
0.8062198826
0.3038733851
0.2969556695
0.3017867147
0.2887176298
0.2905366194
0.4196908146
0.4098663017
0.3299011437
0.9417887752
0.3146361604
0.3247344042
0.5019310404
0.9129668387
0.666141939
0.3463305686
0.8234024753
0.7060280308
0.9829876321
0.2865942415
0.7652646353
0.2881365749
0.3920909808
0.3734722169
0.5224613635
0.4784548629
0.3728341346
0.2894147432
0.2864893886
0.6232205984
0.8345789369
0.4782445706
0.2869246109
0.3246230057
0.6594065989
0.4496510458
0.5741649514
0.4484475959
0.4931047304
0.5669291153
0.58141518
0.3092961524
0.2891004051
0.3069097282
0.4577425153
0.4684308979
0.2864465697
0.5841370535
0.3013563215
0.2929707186
0.4161381818
0.3375037883
0.2890094759
0.9422501307
0.8777533098
0.5615136825
0.6981350958
0.4740515607
0.663899085
0.4172564217
0.403348945
0.855546092
0.2899887581
0.4740515607
0.9229244218
0.2879230817
0.3656354271
0.3578144256
0.4474468187
0.8706310949
0.3287271264
0.2996270126
0.3138681021
0.7088662981
0.9608038507
0.2889497217
0.9935708561
0.3063328235
0.2872436667
0.3619832451
0.9280830243
0.2889201042
0.709302372
0.2864133615
0.7223088789
0.2870975144
0.4850033049
0.2865297586
0.4253677906
0.2870079237
0.2864196537
0.5077883045
0.2914101393
0.5368604531
0.5685105564
0.5766557611
0.3952136215
0.4991233053
0.3744329189
0.7796823501
0.3572270826
0.3492240323
0.2864465697
0.3147328711
0.7748425353
0.5552101619
0.8994123193
0.5507183857
0.2899887581
0.5246668494
1
0.3279140633
0.351468344
0.4017400058
0.6750887944
0.5393110767
0.5685105564
0.2869113359
0.2875582291
0.5110567716
0.789847737
0.7071204438
0.2864747081
0.2864401029
