 7.5196e+00,-2.5428e+00
-1.4440e+00,-1.3910e+01
 1.5294e+01, 3.7438e+00
-8.2713e+00, 3.4653e+00
 1.7265e+00, 1.5952e+00
 8.9114e-01,-2.6337e+00
 1.0533e+01, 5.8319e-01
 1.6168e+00, 1.2926e+01
-1.8531e+00, 5.7649e+00
 1.0567e+01, 1.3643e+01
 9.8443e+00, 7.5876e+00
-1.4714e+01, 9.2903e+00
 6.1458e+00, 7.8656e+00
 1.6965e+00,-1.2735e+01
-8.7907e+00,-1.0792e+01
-1.2561e+01, 2.0778e+00
-8.4636e+00,-8.4578e+00
-1.6849e+01,-1.2546e+00
-9.1616e+00,-1.3464e+01
-2.2128e+00, 1.4682e+01
 1.6882e-01, 2.3839e+00
-8.7049e+00,-3.5263e+00
-1.0791e+01, 3.2172e+00
-3.5337e+00, 4.7583e+00
-2.6864e+00,-6.2527e-03
-8.8749e-02, 1.3390e+01
-2.4649e+00, 1.2534e+01
-6.5676e+00, 8.0990e+00
 4.8573e+00, 1.6240e+01
 1.2226e+01, 5.1092e+00
 1.6184e+00, 4.7080e+00
-7.3074e+00,-1.2643e+00
-3.4556e+00,-1.2569e+01
-1.4777e+01,-3.1482e+00
 7.6845e+00, 3.9524e+00
-2.1239e+00, 3.0322e+00
 2.5389e+00, 6.9831e+00
 9.3601e+00,-9.0794e+00
 1.7759e+00,-7.4837e+00
 4.0224e+00,-1.5826e+01
 1.6433e+01, 2.5434e+00
 1.2087e+00, 1.5075e+01
-1.8891e+00,-4.8749e+00
 3.2853e+00,-1.3969e+01
 9.1239e+00, 1.0976e+01
-4.0581e+00, 9.7164e+00
-6.0931e+00, 3.3200e+00
 7.7480e+00,-1.5021e+01
 5.8414e+00, 1.9479e+00
 1.2892e+01,-4.2631e+00
-5.0482e+00,-4.2646e+00
 5.4979e+00, 3.6818e+00
 9.5749e+00,-3.9016e+00
-1.2897e+01,-8.4085e+00
-6.9770e+00,-1.3279e+01
-1.3429e+01, 6.0670e+00
-6.2213e+00,-1.5994e+01
 1.1549e+01,-5.3347e+00
 9.0465e+00, 4.9694e+00
-9.5038e+00, 9.2475e+00
-1.1672e+01,-2.4934e+00
 3.0005e+00,-6.0541e+00
-7.0902e+00, 9.7708e+00
-1.3858e+00,-1.6772e+01
-1.0615e+01,-1.0688e+01
 5.8613e+00,-1.3514e+01
-3.8155e+00,-6.4759e+00
 1.2003e+01, 2.3973e+00
 1.5321e+01,-7.5655e-01
 5.1307e+00,-8.2213e+00
 5.2266e+00,-5.9422e+00
-1.6110e+01, 1.8958e+00
-1.0943e+01, 5.9171e+00
 1.3206e+01, 1.1198e+01
 1.1683e+01,-6.9936e-01
 5.8563e+00, 6.0271e+00
 7.9329e+00, 1.2479e+01
-2.0424e+00, 7.6838e+00
-8.0200e+00,-6.3977e+00
 8.6040e+00,-1.1773e+01
 1.4342e+01, 9.0859e+00
 1.0007e+00,-1.5897e+01
 1.2293e+01, 9.0223e+00
 8.4790e+00,-1.3346e+01
-1.5539e+01, 4.0257e-01
 7.5537e+00, 9.7085e+00
-1.0294e+01, 4.9432e-01
 1.2957e+01,-6.8493e+00
-8.0027e-01,-1.0145e+01
-4.2441e+00,-1.2891e-01
 1.3696e+01,-2.9130e+00
-1.0229e+00,-6.8362e+00
 1.6210e+01,-2.1604e+00
-1.0526e+01, 7.8645e+00
-3.6577e+00,-1.4998e+01
 6.1295e+00, 1.3740e+01
-4.1267e+00, 1.2853e+01
 3.8780e+00, 7.7113e+00
-1.3744e+00, 1.0507e+00
-1.5390e+01,-8.3123e+00
 1.4623e+01,-8.2504e+00
-4.0176e+00,-9.3810e+00
 1.4850e+01,-6.6872e+00
 4.7833e+00,-1.4893e+00
-6.4161e+00, 3.4744e-01
-5.5781e+00, 1.4233e+01
-1.0792e+01,-1.3186e+01
 7.5848e-01, 7.7855e+00
-1.4082e+01,-8.2272e-01
-2.5140e+00,-8.1839e+00
 2.3671e+00,-1.0399e+01
-3.8173e+00,-1.6592e+00
 1.0853e+01,-7.0998e+00
-1.1189e+01,-4.1650e+00
-4.9718e-01, 8.9627e+00
 9.3377e+00,-1.3666e+00
-9.0539e+00, 1.0740e+01
-1.6357e+01, 5.9101e+00
 1.4544e+01, 1.3756e+00
-5.2141e+00, 7.4444e+00
-3.4196e+00,-3.5126e+00
 8.2024e+00,-7.3858e+00
-7.6883e+00, 1.9557e+00
 3.9231e+00,-3.8049e+00
 3.3294e+00,-7.8907e+00
-4.7019e+00, 5.7821e+00
-1.0054e+01,-1.4950e+00
 6.1322e-01, 1.6463e+01
-8.0292e+00, 1.2606e+01
 9.0409e+00, 1.4724e+01
 1.2498e+01,-8.5919e+00
-3.2423e+00, 1.4456e+00
 6.5889e+00,-9.0104e-01
 1.1228e+01,-1.1319e+01
-1.5731e+01, 4.4280e+00
 1.1510e+01, 1.1126e+01
-1.4005e+01,-9.6511e+00
-1.6175e+01,-4.5896e+00
 3.4014e+00, 1.2512e+01
 5.7941e+00, 1.1800e+01
 1.1463e+01,-9.6847e+00
-1.2622e+00,-3.4551e+00
-1.3350e+01, 7.9616e+00
-5.6152e+00,-1.4141e+01
-8.7105e+00, 7.6598e+00
 4.3482e+00, 6.4842e-01
 7.6736e+00,-4.6992e+00
 3.2058e+00, 1.4182e+01
-5.9164e+00,-2.4788e+00
-8.4298e+00,-8.0655e-02
-4.9783e-01,-2.0397e+00
-8.8433e+00, 1.4952e+01
 6.2492e+00,-3.9406e+00
 1.3702e+01,-1.0094e+01
 9.6819e+00, 9.3936e+00
-5.9676e+00, 1.2582e+01
 5.0048e+00, 1.0036e+01
-6.2438e+00,-1.0257e+01
 3.3861e-01,-1.3959e+01
-3.6057e+00,-1.6524e+01
 1.1315e+01,-1.3245e+01
-6.0042e+00,-7.6540e+00
 7.3339e-01, 6.0833e+00
-5.0535e+00, 1.0849e+01
-1.0766e+01, 1.3506e+01
-1.3880e+01,-6.2731e+00
-7.6215e+00, 5.0520e+00
-1.2489e+01, 4.6524e-01
 3.3679e+00, 9.8494e+00
 6.1072e+00,-1.0886e+01
-4.0177e+00,-1.1054e+01
 1.0196e+01, 2.5448e+00
-2.5379e+00, 1.0001e+01
 1.5093e+01,-4.2884e+00
-7.1503e+00, 1.5327e+01
 1.0221e+01, 1.2019e+01
 4.2475e+00,-1.1572e+01
 1.0608e+01, 5.7998e+00
 2.2605e+00, 1.7288e+01
 1.5416e+00, 1.0142e+01
-1.2811e+01, 9.7403e+00
 1.5084e+01, 6.7411e+00
 1.3020e+01, 3.1735e-01
 1.3724e+01, 5.4323e+00
-1.2737e+01,-1.1218e+01
 3.0007e+00,-2.0026e+00
 2.5999e-01,-5.2828e+00
 8.4573e+00, 6.3764e+00
-4.7323e-01,-8.5265e+00
-3.9222e-01,-1.2061e+01
 2.1371e+00, 8.7654e+00
-1.0488e+01,-7.8349e+00
-5.4547e+00,-1.2183e+01
 3.3051e+00, 4.6363e+00
 5.6238e+00,-1.5861e+01
-1.0473e+01,-6.0408e+00
-8.3483e-01, 4.0801e+00
 1.7022e+01,-5.3464e-01
 1.3724e+01, 3.0538e+00
-1.3875e+01, 3.5481e+00
 1.2272e+01,-2.1675e+00
-4.6625e+00, 2.8103e+00
-1.1186e+01, 1.0100e+01
 3.1351e+00, 1.5825e+01
 4.9551e+00, 1.4701e+01
 8.2986e+00, 2.5888e-01
 2.9508e+00,-4.0420e-01
-1.5254e+01, 7.4109e+00
 1.1328e+00,-8.1692e-01
-1.0361e+00, 1.5791e+01
 1.6402e+01, 4.9913e+00
 1.2406e+01, 6.7857e+00
 3.1738e+00, 2.4268e+00
 6.5982e+00, 1.5558e+01
 8.0280e+00, 2.0673e+00
 1.6834e+01,-4.7678e+00
-5.7146e+00,-5.8380e+00
-1.6056e+01,-6.3554e+00
 2.4227e-01, 1.1834e+01
-1.7441e+01, 3.6779e-01
-1.2174e+01, 4.3389e+00
-3.6975e+00, 1.6826e+01
-5.7737e+00, 1.6514e+01
 1.0681e+01, 4.1047e+00
-1.2307e+01, 1.1297e+01
 7.0632e+00,-8.4557e+00
-9.3458e+00, 4.9095e+00
 3.7374e+00,-9.7156e+00
-1.3099e+01,-3.3424e+00
-2.0477e+00,-1.1477e+01
-1.1948e+01,-7.2098e+00
-3.2670e+00, 6.3701e+00
-7.8370e+00,-1.2011e+01
 1.8275e+00,-1.4400e+01
 9.9450e+00,-1.4349e+01
-3.9829e+00, 1.4984e+01
 4.0570e+00, 5.9520e+00
 1.0406e+01,-2.5017e+00
 1.6844e+00,-4.4729e+00
-5.5451e+00, 9.2788e+00
-1.6595e+01,-3.0106e+00
 7.8972e+00, 7.9050e+00
 3.9987e-01, 6.3827e-01
-1.1717e+01,-9.5690e+00
 9.8307e+00,-1.0561e+01
-1.2351e+01,-5.1738e+00
-6.5032e+00, 6.0678e+00
 9.2083e+00,-5.9503e+00
-5.1791e-01, 1.0497e+01
 1.1704e+01, 1.2634e+01
-8.5911e+00,-1.4866e+01
-1.1458e+01,-6.8620e-01
-7.0971e-01, 6.9264e+00
-7.1306e+00,-4.4739e+00
 1.7360e+01, 1.1395e+00
 2.3063e+00,-1.7334e+01
