0.3136007047
0.8764076876
0.6186322654
0.2882787065
0.3317889276
0.9208953602
0.3713350646
0.3090653369
0.3337315862
0.5897480234
0.3529793447
0.5661747406
0.7531439231
0.5600816737
0.297394204
0.4068607266
0.9358986735
0.7950998245
0.372285615
0.9927846577
0.2891410828
0.6884390912
0.6831118999
0.4467436296
0.4151125943
0.2952051241
0.3257339592
0.3048514482
0.9916607851
0.9496007623
0.3788958657
0.4849000583
0.3334867289
0.5072541366
0.7069329776
0.4455467664
0.5490636477
0.8645834196
0.2926971952
0.9688454348
0.8555978221
0.7725144701
0.337727305
0.7483301768
0.3002995375
0.4718600127
0.3573170514
0.4407876698
0.3437245706
0.3106523552
0.3194568926
0.2971523326
0.479824788
0.7816045798
0.8394536931
0.3726034285
0.3140759657
0.5116136227
0.9543996771
0.3029400379
0.4380329069
0.4652242534
0.6828895527
0.5799853035
0.2974550912
0.2871979988
0.4664633018
0.7117337962
0.3228571838
0.3554229342
0.4083132193
0.628631065
0.6902108086
0.8630741754
0.2921586904
0.63112837
0.3094135382
0.3826900966
0.3779161377
0.2869667488
0.4086773348
0.287013249
0.6426891546
0.4390149157
0.5988420305
0.5392221052
0.5195041441
0.287612959
0.5677566267
0.7680261867
0.3906298274
0.2868920979
0.7570991536
0.2879356894
0.6017990751
0.6124914846
0.4188424969
0.2870499577
0.8535309371
0.3084621486
0.5316569962
0.3041515774
0.4090418457
0.2966766504
1
0.2952596109
0.5895207981
0.3000276317
0.4549955995
0.6460827196
0.3954753574
0.6996972378
0.7003566841
0.7453865362
0.3966998728
0.9227476876
0.4825697124
0.3651102575
0.3133174327
0.8267239625
0.4275610492
0.4368572117
0.286669152
0.2999600701
0.4287122156
0.3993412422
0.7905686177
0.563464987
0.5137999714
0.8138164617
0.2923354555
0.3669570313
0.302423184
0.3065356968
0.3121062983
0.3102063346
0.5897480234
0.8665850593
0.8697291842
0.5223664365
0.2978239343
0.8932876518
0.2866555109
0.9270374206
0.2950426791
0.5949760399
0.2870499577
0.5314350659
0.3663394556
0.8585055512
0.2880233346
0.4106870136
0.3923506486
0.7968634105
0.3024965275
0.3284790305
0.2906912773
0.6363459786
0.9226160173
0.5396682432
0.5729599674
0.5443597977
0.3168096385
0.2866555109
0.3735597486
0.614766143
0.9510088956
0.2868723413
0.5813464317
0.4889414167
0.3940823028
0.3545561586
0.2868821323
0.3683537941
0.2874338979
0.7005764277
0.6589431692
0.3016987991
0.2866030428
0.2880011623
0.2912354916
0.7573067793
0.5580538877
0.7364962439
0.7381963507
0.5116136227
0.4902218038
0.292882166
0.6963952168
0.3345931238
0.4947184409
0.8950980234
0.5208243807
0.3206081486
0.5343227737
0.8956985359
0.3764544438
0.9607595351
0.3357111522
0.9788757018
0.300574096
0.286659883
0.4932169562
0.3560033979
0.4143711528
0.4106870136
0.2872420387
0.6957338695
0.5659488273
0.9322162329
0.3617712424
0.4086773348
0.3386207935
0.2868532836
0.77027389
0.286636273
0.5474943915
0.364041252
0.5582791126
0.5738657284
0.3126619722
0.6679285705
0.3382370218
0.7477002494
0.961246227
0.3191461292
0.4834163011
0.4695713982
0.3484835643
0.286707101
0.4239367189
0.5155521226
0.7451758905
0.2867464471
0.2866472911
0.6906534154
0.4374446877
0.9153604883
0.2894156084
0.4409850476
0.3741996872
0.3655702744
0.388749557
0.2867536166
0.7937244371
0.28663295
0.3719682826
0.654212137
0.9023520662
0.286621407
0.8497110379
0.2870753032
0.4376406783
0.3412116147
0.3239516145
0.8280137478
