0.743328585
0.2982228044
0.3093501648
0.3021205299
0.9220100784
0.3371511822
0.4656529939
0.7511181179
0.3545947674
0.2869382413
0.7104262281
0.6435079943
0.7042974798
0.7859292539
0.2944220443
0.5003462444
0.3715191307
0.8280395791
0.3797369363
0.7260403688
0.4523784755
0.7331211864
0.3032937824
0.8364444897
0.306982476
0.390646652
0.3255845545
0.4760599745
0.382046193
0.4059688243
0.327626522
0.4341364003
0.2879939236
0.287254133
0.5509169729
0.5350377616
0.6314828151
0.4143825393
0.3716772789
0.9325770415
0.893503933
0.931324257
0.825635229
0.7437514316
0.3255845545
0.5993939103
0.9891696209
0.2869595964
0.3326983498
0.3346543771
0.6401082357
0.2973660781
0.4351101571
0.2954228111
0.5560898662
0.5834721358
0.2908468391
0.3346543771
0.6736982543
0.9395252137
0.9121871169
0.2947836195
0.4289150501
0.4623577749
0.5274894206
0.3474267148
0.2869902278
0.5127411696
0.8746241184
0.9795527141
0.4316145772
0.7974019141
0.2899383517
0.3492207573
0.5712225543
0.382046193
0.3341619038
0.3156205695
0.6294376812
0.5403889094
0.2875996304
0.5446375677
0.4627687161
0.5016437365
0.3715191307
0.3448460132
0.9273770596
0.3298340805
0.8953203851
0.5350377616
0.5120851146
0.3981201451
0.4211091799
0.3159139731
0.3942716704
0.8317137226
0.7768805915
0.2906268287
0.6392011154
0.8820132838
0.8618447478
0.7764755353
0.3216465324
0.362405948
0.5354829946
0.4171704936
0.5707696525
0.6398814754
0.6441875602
0.4806890167
0.9114863628
0.3822120038
0.3840434675
0.2869433175
0.7726154839
0.4646213589
0.2872658561
0.6864097122
0.3399634008
0.6139666782
0.9972451462
0.2868671699
0.5646620762
0.910783214
0.6509754422
0.6098681204
0.7506988787
0.2999676733
0.9767741191
0.2966579557
0.2870903402
0.4216751853
0.4016629944
0.7999429775
0.6278465122
0.7169584878
0.6469044577
0.3160120862
0.7241006952
0.2892899316
0.4231885601
0.3928850692
0.8141868205
0.6801770774
0.5475504147
0.3594158112
0.3544508933
0.3799011316
0.5823364049
0.3415260678
0.3972409791
0.7983805872
0.3122097984
0.3204824472
0.8749492473
0.296542293
0.6205678434
0.2924279375
0.9776382776
0.4975411668
0.3242501613
0.2891468124
0.4629742904
0.4656529939
0.8469842059
0.8395094306
0.5529396388
0.6550407363
0.2922537511
0.4277633502
0.4431731048
0.2870563874
0.3180069941
0.4990505374
0.2876319857
0.4407990133
0.3734248727
0.2880542303
0.3693178133
0.506633569
0.8990620123
0.3734248727
0.2883563932
0.9942900571
0.6611268957
0.7582124588
0.3149414279
0.2878407761
0.5657921371
0.8057632699
0.3287817496
0.3001017575
0.9214776037
0.4237575775
0.2944731881
0.3317342513
0.286996879
0.5248350703
0.4030917377
0.7339760423
0.2870327596
0.2870646132
0.4859842744
0.5016437365
0.2935786401
0.9666723819
0.3019052397
0.8720105688
0.2987271097
0.8009172815
0.9777939672
0.3018338064
0.3285495205
0.7494398998
0.3531619556
0.3039722175
0.9382099964
0.2872425846
0.2877332403
0.2922970405
0.2883111374
0.518882791
0.2930591673
0.3052898566
0.3058461075
0.5020766264
0.6689928289
0.4783708135
0.6096404083
0.6786153482
0.3609045022
0.6130559434
0.8464549444
0.4300699046
0.3412642237
0.6403349827
0.3178047125
0.6536863021
0.2869382413
0.7420588406
0.673250604
0.3589717048
0.2891187091
0.3394470028
0.4548062992
0.4819565429
0.5085928711
0.2869595964
0.7165241454
0.4756406245
0.4052471193
0.287187465
1
0.2886425452
0.3785908269
0.3379113547
