0.5159637995
0.4509896758
0.6319793181
0.6319793181
0.4558405391
0.2859815268
0.3958447734
0.8766919222
0.9181059385
0.2959650729
0.567409992
0.5854976805
0.3584482225
0.846982249
0.8388791066
0.3426989578
0.4783687769
0.3977756007
0.5590771452
0.4181290833
0.3445756823
0.3099352203
0.7294785767
0.5118112792
0.5120294541
0.4134800084
0.2900120052
0.2865263921
0.2923089361
0.4475794582
0.7607053454
0.2918915341
0.2906813233
0.9383410738
0.9468085937
0.9434911745
0.435527796
0.7951845798
0.3102045169
0.7981022516
0.2858589015
0.3063155898
0.5891234047
0.3018579178
0.363247993
0.2868107914
0.3112959399
0.8857809229
0.76357839
0.9820145026
0.9304142416
0.6120356114
0.338768512
0.29979368
0.8379882312
0.5313838676
0.5342666455
0.4893751062
0.6655234682
0.511375058
0.3774229781
0.8730052255
0.7451301494
0.7002906369
0.413295272
0.4806840778
0.2862329966
0.7975199259
0.6888601903
0.5355989914
0.3700558595
0.6917264687
0.2863172088
0.8175304186
0.5271807617
0.4103525229
0.8141554496
0.3721123749
0.5118112792
0.3897867352
0.3946226967
0.5898034384
0.2860315831
0.3841970422
0.5796107194
0.2876779875
0.2871034473
0.33851094
0.3235513408
0.2859201293
0.462782929
0.629942448
0.4962219109
0.3305682859
0.7288384987
0.3793856944
0.2864667805
0.5050696265
0.2908045787
0.4368955903
0.3913319423
0.9215293839
0.3102945992
0.4580777442
0.6972224757
0.8781218881
0.9707606623
0.2957312029
0.2908876048
0.4779485859
0.3042955356
0.3030558582
0.9323763421
0.7819719283
1
0.3070674707
0.3722714077
0.339804396
0.302979762
0.7333101991
0.3127864661
0.9603809635
0.7360678924
0.7592646666
0.6122624856
0.2883903516
0.3032085396
0.8487213644
0.375961923
0.8666487426
0.7565818623
0.2889519553
0.4164486661
0.5340446989
0.3594870912
0.901169216
0.6536378294
0.7733425382
0.2860164095
0.5904835321
0.4299048499
0.3051719166
0.2983855422
0.3254515841
0.3798789707
0.8406549582
0.3552241283
0.9151575903
0.2864099536
0.3977756007
0.302376868
0.6599246394
0.6904042643
0.3007729338
0.4068902923
0.7402944047
0.5420541276
0.3204098092
0.2882731477
0.6471104711
0.7377608611
0.6835543035
0.3061502736
0.3663129832
0.3530618471
0.6684290322
0.5848180882
0.8674710035
0.361132179
0.4938622965
0.3371043381
0.5689891828
0.2867393528
0.5521167906
0.4260688978
0.4435956604
0.5701176536
0.6199738886
0.9493952148
0.2979966546
0.771724637
0.6719992879
0.3025266116
0.3314084
0.486821643
0.3241057595
0.6229207176
0.9804072097
0.7326726578
0.4168214403
0.6029593786
0.3242170916
0.439840066
0.9947263318
0.2998625545
0.2870417896
0.2861573201
0.3379974796
0.8464589392
0.3581525519
0.534488624
0.4794202986
0.8132138074
0.6588031951
0.3635522563
0.2860090843
0.3315289959
0.3646211011
0.2862680425
0.5557066019
0.8488948305
0.3540672577
0.4640163367
0.3042168369
0.2924511337
0.2881870594
0.3481317918
0.843127861
0.5282856362
0.6617178115
0.2867747245
0.3578573934
0.4823723926
0.612489357
0.2864099536
0.4310623763
0.3220189115
0.3154912495
0.3141235881
0.7390285251
0.2871666674
0.2861995185
0.3186274489
0.3841970422
0.3326208579
0.3209423942
0.3329874059
0.2861275008
0.3808686214
0.2864238992
0.5293913801
0.982986524
0.2859567591
0.2860239091
0.5278435813
0.3125039296
0.3383823644
0.3575627477
0.2874823432
0.6006903399
0.2861084926
0.7940133018
0.7191884625
0.4166350065
0.3102945992
0.4138497667
