0.8073850796
0.4531404263
0.716813171
0.6497812676
0.3562030993
0.6299032843
0.3952632812
0.4453178158
0.4178792001
0.4405620786
0.8748738427
0.3679733398
0.8308566317
0.3023921122
0.6569785086
0.3049415943
0.7394593962
0.4053831958
0.3482352872
0.4239101664
0.3222231579
0.292069901
0.5442241354
0.3527377557
0.6172094716
0.5176512697
0.2894434155
0.9659093265
0.8780656963
0.2863296014
0.2927785439
0.8489736789
0.548919945
0.2906057479
0.2878914569
0.9155647324
0.7824037781
0.4300326553
0.3028424568
0.4081010894
0.2968929697
0.9850265708
0.296831888
1
0.5741278775
0.2899852201
0.3472685982
0.9494641374
0.3783511965
0.6167557434
0.7555650477
0.5583438114
0.2901744156
0.5082599986
0.427151566
0.7170291628
0.7068331657
0.3301895468
0.4806161397
0.3413447444
0.3723820794
0.9768477656
0.47202351
0.8130782946
0.3560572143
0.3317483317
0.8951298972
0.2861014387
0.3199761147
0.8020145085
0.3248725426
0.5736758124
0.6409851956
0.5161171892
0.737557114
0.3129739741
0.3757502034
0.2897638552
0.6022307279
0.2878655212
0.3693800939
0.4156418972
0.2859465013
0.4190028737
0.3185153207
0.9505265599
0.8705093278
0.8788581496
0.3013642276
0.5413231758
0.2898737642
0.3863305181
0.3049415943
0.3156839247
0.5818206687
0.635787151
0.5908858538
0.9159693807
0.5840856793
0.7314007742
0.2900603831
0.4590298191
0.8849629483
0.3183090809
0.8218675386
0.2933225221
0.5030537143
0.6581012414
0.2871069124
0.8718091281
0.4143430475
0.7723590167
0.7222001266
0.3530236593
0.9435471248
0.4759927126
0.2988692337
0.3923107716
0.8407275917
0.4701512765
0.4304182695
0.2878914569
0.2861843037
0.9785990882
0.2958773533
0.7877630516
0.2877384412
0.9873148199
0.5766151884
0.4258137775
0.5444474802
0.2873387878
0.8925890717
0.3146047401
0.3612395392
0.3076673841
0.289836956
0.6837575158
0.3383544878
0.353310088
0.7396705135
0.3504695156
0.47202351
0.2883012656
0.5680299262
0.3228774045
0.4588257402
0.4972292546
0.3781877614
0.510654899
0.3264577127
0.8342931399
0.7011555585
0.3052626405
0.324424992
0.2902127698
0.8892615884
0.7100968779
0.4541515183
0.4594381871
0.7899330524
0.2921621737
0.7215551209
0.8976440215
0.5469060435
0.3838089646
0.503703042
0.2866739869
0.6547315069
0.647978989
0.3752658516
0.3189296369
0.8052816966
0.7877630516
0.2870084621
0.6017767845
0.776998661
0.3303085818
0.4747368616
0.3373317618
0.5576693735
0.7369221349
0.287713545
0.9538558502
0.2945261812
0.2868245969
0.9266884679
0.3291247925
0.2864023273
0.4429342733
0.548919945
0.8924387836
0.6192509979
0.2888127455
0.3108397656
0.3554749692
0.314702071
0.5238068359
0.326343522
0.2870868748
0.3310258455
0.471607013
0.4895205914
0.6901683819
0.4747368616
0.3285383787
0.2918874007
0.7271318786
0.3538845178
0.9532398076
0.2922085656
0.3393862014
0.5720940253
0.5981455339
0.6980880024
0.6974297514
0.439577058
0.2873168401
0.9147528158
0.3490691144
0.2888443868
0.4459154525
0.3480967853
0.2913995993
0.4023301219
0.2886265229
0.4689060034
0.2885357428
0.4190028737
0.8233474399
0.6607936324
0.8085288116
0.2956454285
0.6330724626
0.7294820653
0.4425381145
0.2881881764
0.3799919041
0.5947419625
0.5486960764
0.7934669408
0.6058624149
0.6013228476
0.4043023155
0.6585501878
0.3781877614
0.2877635107
0.8389504241
0.2859438838
0.2875206163
0.3238689132
0.2865090496
0.2865814101
0.2859962312
0.3998378762
0.5275584565
