0.9116854238
0.2931927115
0.3571761972
0.5254699083
0.3322609957
0.9496614094
0.8239939649
0.2872056668
0.2893961072
0.2962679791
0.4199911697
0.4372722471
0.3526977008
0.6390403087
0.4996885061
0.3932332741
0.9234333439
0.3614783677
0.4919520488
0.6815086155
0.8990636572
0.7368435697
0.2957534876
0.2913231335
0.8204577146
0.2875760552
0.2989137812
0.4994727143
0.6272482032
0.3397751985
0.7255159241
0.4977481764
0.4132835213
0.7417176177
0.7175328867
0.3620801855
0.3640500269
0.3620801855
0.3874071955
0.3217582271
0.6263400056
0.4513807277
0.2895572085
0.3176901922
0.8226942387
0.4437803202
0.5972418992
0.3610283347
0.4086983686
0.5131599902
0.6283832588
0.2884153719
0.5858823247
0.3619295413
0.3345848304
0.3449311815
0.3259438741
0.7253009546
0.5815708851
0.6061100016
0.4928083277
0.8843169386
0.2867129409
0.5727341067
0.3338453664
0.7623849458
0.6611569802
0.3140476422
0.8275033881
0.4953822254
0.3421286781
0.9569008354
0.681731023
0.4646285474
0.2869881718
0.2865940811
0.3465597838
0.2914053137
0.8802195319
0.4351226715
0.3934065333
0.4644224915
0.2958666394
0.3051256379
0.6104308608
0.2922648184
0.8448129379
0.286490064
0.4640105833
0.5022818381
0.3086841351
0.7884752146
0.3259438741
0.3885963121
0.7644427922
0.2876352382
0.3794017263
0.491096625
0.6345084121
0.3571761972
0.8612184696
0.47292512
0.4821680655
0.3262835342
0.7381175648
0.3384873093
0.4011349817
0.2869001084
0.3343377676
0.5131599902
0.2886554844
0.9282045052
1
0.3243765551
0.3168846027
0.89847264
0.3049674053
0.7914419001
0.358795366
0.9488991009
0.2881409918
0.5970145681
0.292220217
0.2950887544
0.3526977008
0.2867129409
0.5641454684
0.3509980379
0.8033532577
0.3229475073
0.4964568909
0.7431958103
0.2928601848
0.29028097
0.7086197878
0.7730225989
0.6424358067
0.3843745505
0.5445925061
0.2869750678
0.286582369
0.740660264
0.9265436263
0.4666928111
0.7306616155
0.2997072538
0.2898923668
0.9723234351
0.6781690261
0.4733426658
0.2881170902
0.3960182719
0.4103420046
0.5630172668
0.2963259869
0.3794017263
0.5066193943
0.9949619547
0.7854940507
0.2959234682
0.7834986614
0.3126318488
0.9764309046
0.3453364886
0.5990606852
0.3400344616
0.6575582254
0.4156916277
0.5926961736
0.3951450243
0.3193309628
0.6730361249
0.287143831
0.2871899463
0.6629542888
0.2910807124
0.5492956218
0.4368806681
0.445570336
0.3165850594
0.908315911
0.5186400331
0.294188746
0.2912416398
0.5457112255
0.2879321333
0.7947863964
0.896839681
0.322188574
0.8075871672
0.5573836956
0.3453364886
0.298081255
0.9350441947
0.3734124915
0.4308540588
0.2893961072
0.7846966534
0.9953495691
0.7601147881
0.4247198754
0.3161878389
0.6892748364
0.3169847602
0.3649663312
0.5616640578
0.2927667119
0.2879097959
0.9833853398
0.6304257888
0.3229475073
0.2872868844
0.3445271073
0.939708982
0.5781698478
0.2915298704
0.3845420764
0.3057650633
0.4047143951
0.2869121653
0.5234832591
0.313761657
0.5312255744
0.2886009119
0.6127048145
0.55086587
0.6422095386
0.2870704601
0.2887107504
0.4760628247
0.2868424425
0.4586808547
0.8533670999
0.3038780092
0.3610283347
0.4351226715
0.3832050367
0.5813440696
0.9621197151
0.8159530652
0.5609877187
0.4671064665
0.4402195537
0.9664965408
0.6174791925
0.2878656428
0.2873036508
0.6974419348
0.6435669274
0.347244155
0.3054440525
0.2954180812
0.5908785104
0.2867309431
0.2904274509
0.3925413154
