0.3187342011
0.3399278845
0.291372183
0.403245827
0.3176377013
0.8041998592
0.2953897729
0.3131670584
0.542999899
0.5560631921
0.4615037339
0.5398611086
0.2885541402
0.2888229522
0.3281775283
0.6620579717
0.3406994206
0.9351909266
0.3030778329
0.7511598268
0.7881194648
0.308548501
0.4908992039
0.5443469215
0.3335783989
0.9034059978
0.9952885659
0.3025135703
0.3693811777
0.4165707971
0.6468448542
0.4580234059
0.5125840586
0.8000724164
0.6534393587
0.4321478674
0.29192285
0.4070241019
0.7439402595
0.2969596322
0.2888088897
0.2983257888
0.3463770948
0.9335328574
0.4288682195
0.3060580704
0.8935107414
0.870401761
0.4465114964
0.6361317359
0.5385177946
0.4995122568
0.4674880308
0.5993165102
0.4881188665
0.7627104142
0.6661303299
0.288253398
0.3306042645
0.6827911038
0.3797645552
0.78083765
0.9613527938
0.6235662325
0.6064080481
0.318433282
0.304312148
0.98413426
0.4250428679
0.3286346926
0.2915056816
0.8353644843
0.5771698849
0.8837135812
0.7742984132
0.2962079215
0.2907169748
0.2884955836
0.4842852056
0.3655256916
0.2909268481
0.5298156168
0.2898663876
0.2900122529
0.4435241147
0.3658312426
0.9568088384
0.3892803493
0.3857311713
0.2885049037
0.2922895718
0.2884686778
0.3208798068
0.3080542478
0.289088861
0.5771698849
0.3104972171
0.7019556699
0.3241714329
0.7745036908
0.314088974
0.9677517456
0.7118826104
0.5452455283
0.2889732289
0.4932591811
0.7530609582
1
0.7977006383
0.2890382521
0.4747864913
0.2905722925
0.4823755377
0.290190379
0.6086961334
0.3377697425
0.8967502198
0.601832491
0.880642535
0.3235228552
0.3232006275
0.6141876616
0.3073238599
0.2934509212
0.2884686778
0.6157892474
0.2958959902
0.3400561186
0.4273337471
0.6932941462
0.3550116999
0.7405228249
0.3387801909
0.8496567762
0.3781340541
0.8964434374
0.5617200689
0.6036625815
0.3587858686
0.6361317359
0.2889892216
0.3218202389
0.4674880308
0.8086860283
0.2922895718
0.8088802542
0.8749024089
0.5556112696
0.7035047433
0.7312778056
0.4092033155
0.7308457172
0.9520703017
0.3226666415
0.290190379
0.4419382806
0.5369520655
0.2907760676
0.9230950807
0.3661372985
0.309980608
0.8432045282
0.9480709991
0.4545642263
0.2882833015
0.6091537626
0.7228200294
0.5380702804
0.2939739365
0.6738024873
0.3391614711
0.3360236061
0.5018955814
0.3627985743
0.6865977803
0.288435264
0.3690698661
0.338526719
0.2883149628
0.2921408032
0.2887282016
0.3093852478
0.3047592028
0.5972584018
0.4847102312
0.5123648049
0.4590448606
0.2883768745
0.6606990033
0.2887812915
0.2883059922
0.3817366946
0.4610932035
0.3380214942
0.3541534364
0.6066368505
0.2883404668
0.2883518993
0.30101684
0.3323777045
0.7428736609
0.4439213863
0.4904708391
0.4559859984
0.3072435213
0.4030670444
0.5954293528
0.8057643728
0.9908308711
0.9032567265
0.2882558607
0.9954022228
0.637729013
0.3928789634
0.735373504
0.3728381881
0.3528750518
0.3930515432
0.8644749832
0.4348677427
0.6267669029
0.669067022
0.292214841
0.7041680948
0.5202854517
0.3805842286
0.5110502323
0.9522949867
0.6975202884
0.6917341797
0.8198350678
0.398631549
0.3112830073
0.8245663306
0.2882532221
0.4152701835
0.3249350369
0.7572704013
0.5324875984
0.3538684149
0.7769623898
0.6868214376
0.3650683134
0.9354445072
0.8296244393
0.4002207372
0.3993367934
0.8270084713
0.2967414513
0.5423267935
0.2888516037
0.8617312231
0.8892867392
0.873575427
0.4855609902
0.9594744674
