0.2898089549
0.5793848061
0.2870037052
0.3768013759
0.6518793507
0.3217532731
0.6707866846
0.8962236437
0.4127200959
0.309090455
0.565566088
0.8329924928
0.4197917265
0.9175703706
0.292694357
0.4360860181
0.3323357221
0.3662147592
0.2940688001
0.5866535197
0.8011119393
0.2881161055
0.28797417
0.9273770596
0.3479762907
0.3451153386
0.4110654938
0.3807238463
0.4156809225
0.2963129913
0.518882791
0.6251178552
0.357646347
0.3808887363
0.6714589685
0.2996353748
0.2886926722
0.3136061792
0.5832449685
0.4136427124
0.9559035964
0.2870404606
0.9065142576
0.5484475919
0.4777398482
0.4975411668
0.2886926722
0.3126713105
0.2911498397
0.3812188625
0.6799540583
0.2930129674
0.2919976159
0.28797417
0.7656547675
1
0.926602032
0.9712243061
0.297668276
0.8859504712
0.315037979
0.3995322787
0.5955243568
0.2870327596
0.4356954221
0.3067362948
0.5059813002
0.293969405
0.8393297637
0.2870107063
0.8009172815
0.7460734681
0.3916774785
0.884382302
0.300576287
0.6892953225
0.581428015
0.6496190544
0.5678273877
0.5554144335
0.2871083661
0.3718355481
0.3451153386
0.2872089884
0.3271685817
0.3075625573
0.4813225128
0.3525925309
0.6037198656
0.2869653727
0.7897115745
0.2868734721
0.378264417
0.6489406292
0.6530088325
0.506851085
0.3318542542
0.4722948686
0.3180069941
0.3940979679
0.3260341485
0.3953161397
0.8293289715
0.5889270282
0.774040126
0.3181083668
0.4081435788
0.6028090675
0.4125358626
0.4449612165
0.4794236381
0.4872604936
0.2869539951
0.6804000679
0.6392011154
0.516246654
0.3228290363
0.5334804774
0.3478386932
0.3032192209
0.834267513
0.6611268957
0.9916135712
0.4099668199
0.7861288974
0.3078975833
0.293969405
0.4329706887
0.7208600167
0.5439660362
0.6326186598
0.2870563874
0.7905048992
0.8307980286
0.3660609054
0.2869539951
0.4644152358
0.2899057429
0.286996879
0.5746212757
0.825635229
0.313511983
0.5462054503
0.936396689
0.6577475194
0.8250785854
0.7021014857
0.5072862558
0.5235099067
0.4384365885
0.5927937691
0.7439627793
0.8378896171
0.3652935043
0.7563406273
0.313511983
0.2900040882
0.6948292758
0.2871270916
0.5014273648
0.3111183328
0.5184430261
0.7171755966
0.3440413396
0.7241006952
0.3246925563
0.306982476
0.3050539051
0.877859674
0.9604649313
0.745018759
0.4070544003
0.3166040359
0.5444136957
0.825635229
0.2893483934
0.7422705898
0.7950463075
0.2885931137
0.70276067
0.2925160589
0.6877421908
0.3990019425
0.884382302
0.7648314573
0.9857407979
0.8046041385
0.2911884899
0.3130433651
0.5419529824
0.9272481366
0.8977216893
0.4451602907
0.6498451621
0.6484882618
0.9723394646
0.6196575571
0.3287817496
0.4855593221
0.4660661216
0.3189249047
0.7640072343
0.2891468124
0.9075179995
0.3525925309
0.3637680784
0.7563406273
0.8265614763
0.2875996304
0.9615472017
0.4652401365
0.9911746649
0.6130559434
0.6264823247
0.3490819431
0.4515715816
0.378264417
0.3125786918
0.3032937824
0.5383801245
0.3494987901
0.2884489935
0.2883336783
0.2971867759
0.3421831194
0.345926608
0.4519748787
0.2875837147
0.4038085694
0.3954905926
0.5868808319
0.8511922135
0.393924373
0.6817374063
0.30706486
0.361803845
0.3157182147
0.2870563874
0.3723110805
0.5603722317
0.290171456
0.2868671699
0.3282022856
0.3295991984
0.3803944131
0.4911012077
0.2868767982
0.287915955
0.4321952533
0.5491207506
0.9432809951
0.483861807
0.475431043
0.2871564914
0.3995322787
0.5101193221
