 1.5931e+01,-5.3202e+00
 7.9234e+00,-6.5373e+00
-7.7706e+00,-1.5445e+01
 4.1636e+00, 1.3282e+01
-3.5782e+00,-8.4395e+00
 1.3040e+01,-7.7879e+00
 8.0527e+00,-3.7358e+00
 3.0006e+00,-3.7231e+00
 2.5560e+00, 1.2950e+01
-1.2580e+01, 9.5618e+00
-2.3359e+00, 1.0406e+01
-5.7915e+00,-2.1931e+00
-4.2912e+00, 1.2355e+01
-2.9361e+00, 3.3302e+00
-9.8550e+00,-1.3278e+01
 1.2513e+01,-1.7943e+00
 1.2872e+01, 7.6155e+00
-1.7209e+00,-1.3881e+01
-1.5061e+01,-6.6972e+00
 3.2218e-01,-1.0144e+01
 2.4361e+00,-6.2320e+00
 1.3778e+01, 1.0142e+01
 7.0899e+00,-1.5457e+01
 1.4929e+00,-3.7038e+00
 1.4477e+01,-2.0943e-01
 6.4632e+00,-1.2968e+01
-5.7920e+00,-1.1728e+01
 1.0852e+01, 8.5032e+00
-1.2982e+01,-1.5977e+00
-3.0809e+00,-1.5963e+01
-6.3864e-01, 1.1375e+01
 5.1275e+00, 8.2478e+00
-1.3607e+01,-4.3162e+00
 1.2761e+01,-4.9565e+00
-8.3946e+00,-3.0573e+00
-4.7013e+00, 1.5556e+01
-1.1568e+00,-1.6860e+01
 1.5508e-02, 1.5635e+01
 9.9645e+00,-2.3680e+00
 7.8453e+00, 1.0559e+01
 8.6441e-01, 3.1998e+00
-1.2772e+01,-1.1674e+01
-3.1801e+00,-3.2991e+00
-7.6806e+00,-7.5809e+00
-1.1664e+01, 2.9027e+00
-5.0952e+00, 1.0574e+01
-1.5980e+01, 5.9473e+00
-8.4624e+00, 1.3195e+01
 1.2350e+01,-1.1147e+01
-2.2155e-01,-1.3655e+01
-3.6126e+00, 8.1309e+00
 1.6474e+01, 1.5144e+00
 7.7123e+00, 1.4827e+01
-6.0984e+00,-1.5898e+01
-4.0383e+00,-6.1401e+00
-3.3938e-01, 1.0245e+00
-1.6829e+00,-3.6747e+00
 2.5073e+00, 9.2157e-01
-1.6185e+01, 1.9848e+00
 4.0277e+00, 3.1871e+00
 1.5325e+01,-1.9553e+00
 1.7547e+00,-1.3161e+01
 3.4730e+00,-9.3865e+00
-1.3991e+01,-1.0203e+01
-1.1543e+01,-5.2525e+00
 9.3891e+00,-1.2616e+01
-1.2502e+00,-1.1351e+01
-1.4108e+01, 8.6964e+00
 8.1597e-01,-5.9260e+00
 1.2533e+01, 1.2064e+01
 2.0766e+00, 6.5501e+00
 7.2933e-01, 7.7927e+00
-9.8298e+00,-9.2383e+00
 5.0854e+00, 5.9371e-01
 3.5039e+00,-1.5621e+01
 5.8313e+00, 6.4572e+00
 8.0241e+00, 6.5460e+00
 8.8590e+00, 2.7307e+00
-8.5947e+00,-6.0452e+00
 9.8774e+00, 4.1974e+00
-1.4844e+01,-8.8723e+00
-1.3746e+01, 2.6407e+00
 2.4498e+00, 1.4465e+01
 8.9516e+00,-1.4668e+01
 1.4923e+01, 2.1066e+00
-1.5768e+01,-1.0997e+00
-3.4576e+00,-1.1316e+01
-1.3790e+01, 4.3310e+00
-9.4625e+00, 3.3540e+00
 1.3151e+00, 1.7418e+01
 6.1976e+00, 3.2663e+00
-1.7491e+01, 5.6092e-01
 1.2435e+01, 6.0288e+00
-8.0157e+00,-4.6490e+00
-6.5289e+00,-6.4524e+00
 9.6526e+00, 6.2784e+00
-6.7917e+00,-1.3243e+01
 5.5088e+00, 1.0802e+01
-1.3049e+01,-8.1150e+00
-1.2238e+01, 5.8089e+00
 1.4492e+01, 4.3144e+00
 4.2329e+00,-1.2671e+01
-5.9453e+00, 2.1652e+00
-1.0233e+01, 4.4750e-01
-3.8064e+00, 6.2991e+00
 9.8362e+00, 1.1894e+01
 1.0880e+01,-7.3442e+00
 9.9604e+00,-9.8497e-02
-1.0441e+01, 8.0776e+00
-8.3814e+00, 9.4303e+00
 3.2022e+00,-1.1402e+01
-1.1841e+01, 3.6418e-02
 1.7012e+01, 3.5323e+00
 6.6115e+00,-5.6727e+00
-7.0883e+00, 6.3553e+00
 1.0556e+01,-3.9806e+00
-4.6010e+00,-1.4432e+01
-1.0473e+01,-3.5807e+00
-8.3743e+00,-1.1786e+01
 4.3720e+00, 1.5450e+01
 2.3986e-01, 6.2605e+00
-7.9568e+00, 4.5551e+00
 7.7876e-01,-1.3572e+00
 1.2693e+01, 3.4780e+00
 4.8941e+00, 5.1423e+00
-1.1377e+01,-1.0863e+01
 5.5801e+00,-1.5420e+01
 3.9435e-01, 1.2827e+01
-1.6644e+00,-7.8930e+00
 9.3208e+00,-5.5162e+00
 2.0039e+00, 9.4090e+00
-1.7070e+01, 3.2788e+00
 6.9388e+00,-2.4701e-01
-1.3512e+00, 6.1887e+00
-5.7822e+00, 1.2942e+01
-1.6993e+01,-3.7241e+00
-1.0383e+01, 6.5349e+00
-1.0172e+01, 1.3542e+01
-1.1936e+01, 1.2728e+01
 1.0283e+01, 1.6428e+00
-4.6525e+00,-4.2473e+00
 1.2320e+01, 9.5342e+00
-5.0839e+00,-9.5338e+00
-3.6297e+00, 1.4292e+00
-5.2628e+00,-7.4148e+00
 4.7540e+00,-4.0781e+00
 8.4215e+00, 4.0025e-02
 2.1081e+00, 1.1376e+01
 5.8991e+00,-9.4398e+00
-6.9498e+00,-1.0494e+01
-2.6474e+00,-9.7155e+00
-7.7030e+00, 1.3367e+00
-7.3130e-01,-5.9705e+00
-7.9252e+00, 1.1770e+01
-6.7391e+00,-3.4061e+00
 1.4244e+01,-6.0750e+00
 1.5019e+01, 7.6333e+00
 7.3784e+00, 4.3909e+00
-1.7303e+01,-9.7310e-01
-8.8813e+00, 7.5603e+00
-1.4242e+01, 6.6266e+00
 7.5089e+00,-8.3366e+00
-7.5336e-01, 8.2691e+00
-1.3078e+01,-6.4955e+00
-3.3796e-02,-8.0081e+00
 1.1438e+01,-9.8304e+00
-6.2132e+00, 1.4641e+01
 8.8700e+00, 1.3256e+01
 1.7704e+00, 5.0605e+00
-2.8406e+00,-1.1602e+00
-5.6244e+00, 5.4618e+00
 6.7944e+00,-1.1237e+01
-3.0562e+00, 1.5229e+01
-7.1694e+00, 8.3249e+00
-2.5451e+00,-5.7275e+00
-1.2711e+01, 1.1274e+01
 4.1479e+00,-6.4957e+00
 6.7410e+00, 1.3941e+00
 1.6828e+01,-2.1213e+00
 2.9118e+00, 8.0012e+00
 1.1086e+01,-1.2245e+01
 1.4343e+00,-8.4633e+00
-1.1285e+01,-7.1530e+00
 4.9104e+00,-1.3275e+00
-7.3137e+00,-1.3463e+00
-1.9450e+00, 6.7580e-01
 3.4656e+00, 5.8378e+00
 1.4658e+01,-7.8901e+00
-1.0555e+01, 1.1560e+01
 7.0351e+00, 8.4389e+00
-1.2930e+00, 3.9878e+00
-4.8542e+00,-2.5315e-01
-6.7840e+00, 1.0639e+01
-9.2212e+00,-1.1333e+00
 4.7413e+00,-7.8818e+00
-6.3322e-01,-2.4621e+00
-9.4902e-01, 9.7844e+00
-1.4811e+01,-2.7117e+00
 1.3196e+00,-1.1670e+01
 1.1379e+01, 4.3092e+00
 1.4731e+01,-4.1396e+00
 6.2909e+00,-3.8243e+00
 1.1073e+01, 1.2874e+01
-4.1609e+00,-1.9373e+00
-1.7547e+00, 1.4386e+01
-1.4146e+01,-6.1886e-01
-6.7345e+00, 3.6005e+00
-6.3515e+00, 1.7645e-01
-1.6300e+01,-5.4206e+00
 2.8238e+00,-9.4512e-01
-1.1851e+01,-2.8398e+00
-1.3349e+00,-9.7745e-01
 6.3178e+00,-7.4218e+00
-5.6388e+00, 7.9228e+00
-1.2451e+01, 7.5478e+00
-2.4857e+00, 1.2259e+01
 9.5100e+00,-9.8930e+00
-1.0119e+01,-1.1787e+01
 1.3527e+00,-1.5820e+01
-1.0939e+01,-1.2842e+00
 3.0479e+00,-1.4050e+01
 3.2726e+00, 1.6792e+01
-2.6416e+00, 1.6932e+01
 1.5188e+01, 5.8984e+00
 7.2790e+00, 1.2804e+01
-1.1348e+01,-9.0767e+00
-8.0993e+00,-9.3329e+00
 2.4584e+00,-1.6905e+01
 9.4695e+00, 9.3838e+00
 1.1866e+01,-6.1865e+00
 3.9510e+00, 9.5252e+00
-4.5437e+00, 3.8014e+00
 1.3317e+01, 1.9880e+00
 8.5297e+00,-1.8231e+00
-1.5248e+01,-4.1836e+00
-1.4184e+01, 8.9539e-01
-1.5168e+01, 3.2703e+00
 4.4879e-01,-1.7235e+01
 1.3532e+01,-3.1164e+00
-9.1417e+00, 5.6062e+00
-1.1256e+00, 1.6870e+01
 1.0526e+01,-1.3857e+01
 5.8630e+00, 1.3949e+01
 1.0665e+01, 1.0631e+01
-4.7196e+00,-1.2848e+01
 1.1718e+01, 6.4099e-02
 1.7428e+01, 1.7316e-03
-7.6084e+00, 1.5435e+01
 7.9628e+00,-9.8475e+00
-6.5165e+00,-8.5731e+00
 2.6636e+00, 2.5307e+00
-1.1060e+01, 4.4725e+00
 9.3519e+00,-7.4009e+00
 1.3944e+01,-1.0094e+01
-3.0016e+00,-1.2948e+01
-1.0011e+01,-5.5024e+00
