0.4251011108
0.476094744
0.2881612687
0.7834462695
0.5443246245
0.37847759
0.375724649
0.2876478158
0.2876811671
0.4118165036
0.3086512319
0.5064868153
0.4719088217
0.4822087864
0.6163223353
0.359800387
0.2876479913
0.6867174302
0.7840509835
0.6295550582
0.450380425
0.7208673203
0.2930924626
0.2945720965
0.3062791814
0.4045478495
0.7840509835
0.3096726073
0.9121286258
0.6434414128
0.4447769856
0.2890289535
0.8194397509
0.3461897298
0.8735600364
0.6078743822
0.3643015755
0.3857597796
0.3351944885
0.692949006
0.5510651856
0.3706366932
0.9468881283
0.3559933062
0.5855155287
0.5630284418
0.578003904
0.70841231
0.4031135709
0.5705069896
0.8612930345
0.5607664003
0.311694948
0.9032888263
0.6642800963
0.3718970392
0.5378334712
0.306358699
0.3712658888
0.2877004751
0.524491905
0.9988068155
0.7910640824
0.3008511105
0.4205574933
0.3295599522
0.2877294362
0.3003846268
0.7370438078
0.8462722443
0.9621811109
0.508448523
0.6741846579
0.3016006593
0.3686053818
0.3889727694
0.9234497056
0.3020179874
0.4145831311
0.6284151619
0.3126006096
0.8914791988
0.4002648934
0.7411004149
0.9349896783
0.5510651856
0.4538119838
0.5609925104
0.3609894385
0.6076460479
0.9272963448
0.8743835536
0.2924185934
0.2877989385
0.5287028671
0.3278301999
0.3146489681
0.8148769106
0.3627884145
0.9327194837
0.2889853204
0.3343348719
0.5014911628
0.4521944076
0.7989822629
0.3314417498
0.4333713776
0.856295479
0.534040661
0.2877989385
0.4847535762
0.7654658642
0.2952232491
0.7712366143
0.3240341163
0.3016697986
0.307489051
0.648891788
0.546119679
0.3223082185
0.2969486744
0.2916011142
0.3040443652
0.4040092239
0.2936267499
0.3358128381
0.4032924954
0.3177644898
0.9827434582
0.3087354588
0.4969529028
0.3149342189
1
0.346054494
0.4273925959
0.3358128381
0.5156729603
0.389825015
0.6224847597
0.5978295719
0.375563782
0.5445489061
0.375563782
0.2901063939
0.9401595934
0.2882742324
0.4233910547
0.9060799114
0.3119649729
0.6645057012
0.787467046
0.3003186542
0.8623182823
0.5474671525
0.4521944076
0.3845863359
0.3389584446
0.3009184184
0.2898774763
0.3284030655
0.6527469286
0.601938153
0.4090719781
0.9882918519
0.4335656352
0.2876716884
0.2900192451
0.6793426499
0.8805710779
0.8034871087
0.30732562
0.5957758331
0.6617970066
0.2906297831
0.4580807478
0.9785523529
0.7013649207
0.7472577816
0.9766697004
0.6427595247
0.6665351397
0.3565732634
0.2919035572
0.3220952253
0.6195180552
0.3319180882
0.2963359402
0.2950198223
0.6949466667
0.4481717743
0.4984631519
0.9075352529
0.9739539488
0.797801253
0.5056161707
0.4061692461
0.460329587
0.3120553002
0.8624888642
0.5141364818
0.28890015
0.3403707331
0.3381953487
0.2894280224
0.2943775497
0.8100803487
0.6275031012
0.3733242431
0.2880475869
0.7898673731
0.6793426499
0.5093216026
0.4771451902
0.2882742324
0.2881347795
0.3329984197
0.3108935007
0.378314705
0.2876504488
0.2876883638
0.797209851
0.2876594011
0.4681637312
0.2884478562
0.456857795
0.3567185809
0.7594421268
0.5132594489
0.3463251031
0.4856037172
0.6568232855
0.2927500199
0.7402478479
0.8241483137
0.6840393642
0.4517907679
0.4696176079
0.692949006
0.5093216026
0.6593113646
0.7675320268
0.2896863104
0.2882305574
0.2929198651
0.6998183563
0.2879689825
0.3312044618
0.2968357426
0.288533777
0.2876594011
0.3824219513
0.9009122218
0.320102373
0.7942439327
0.2878138561
0.576184981
