0.9680861906
0.3400530129
0.3045181725
0.308835965
0.5746033324
0.5721164354
0.8484731469
0.7612619132
0.7797449627
0.2868636959
0.6421671824
0.6588361502
0.4670384603
0.5159031693
0.3041260156
0.539329043
0.3991259115
0.6740519817
0.9657034396
0.5257992223
0.4720201063
0.3576771194
0.6220155459
0.6136185769
0.9136518116
0.4666250169
0.2965377108
0.2873135057
0.5041383957
0.2924287866
0.633120964
0.330213984
0.4112030455
0.7452555855
0.4455111862
0.3023745486
0.5779971681
0.4042980024
0.9097855274
0.5612870249
0.9929210253
0.3900719215
0.3049941175
0.4547538469
0.9588686372
0.2881219884
0.3633617068
0.3196944548
0.2875531241
0.3632097763
0.8597812914
0.2867360282
0.9664176524
0.3344630924
0.4413456156
0.6959749424
0.5800347899
0.7886979745
0.7153942362
0.3494998251
0.5816202336
0.3489420916
0.476199403
0.58705971
0.978591969
0.3490813243
0.3002202935
0.3072078894
0.2919238808
0.7300122975
0.878129241
0.4419385656
0.8887321783
0.4743156411
0.2869144432
0.5529694789
0.3733413149
0.5852459687
0.459637689
0.683167719
0.5026229712
0.7399917008
0.7027730638
0.4732712757
0.2986692992
0.9317113492
0.304204122
0.3626033071
0.8733209527
0.3067057858
0.3038152165
0.3606461845
0.6165696136
0.2922890393
0.3541821822
0.4282956562
0.8820754766
0.2862256726
0.3135850337
0.5678251358
0.5209513921
0.8695814248
0.5148085551
0.7779391154
0.3675108016
0.3547594766
0.7300122975
0.7819452818
0.814751124
0.4670384603
0.4547538469
0.3581192187
0.7712753933
0.5159031693
0.3122644739
0.6507392778
0.5152462769
0.3062917907
0.6762797239
0.3343392416
0.4543487246
0.2938585797
0.6247371443
0.290772196
0.3166179897
0.310611932
0.7629062199
0.9873452188
0.8512473777
0.9490185904
0.286069795
0.2959475738
0.2867058524
0.7612619132
0.9317113492
0.3514686912
0.4878159164
0.4724369106
0.2894653403
0.3876840897
0.2872518029
0.4044778758
0.8052478695
0.3656556204
0.2867513774
0.2945458099
0.2878633859
0.9278494296
0.6736061073
0.3682890114
0.517656679
0.6511897577
0.2884264547
0.2946540734
0.3372238587
0.5213913503
0.7598201804
0.2860680493
0.9140615772
0.2893294056
0.3138720055
0.3639706784
0.3258029017
0.3226896648
0.7231586176
0.4169398362
0.3472817733
0.2861083746
0.419372501
0.3059634955
0.5739249197
0.7811460391
0.5222717257
0.4091895959
0.5487103962
0.4315711234
0.3749453011
0.5518478215
0.467245281
0.2940146334
0.4252358374
1
0.8273854192
0.3070398787
0.6782823205
0.6563648404
0.4846304769
0.4965849702
0.2901486524
0.2928572225
0.2984085204
0.6758343949
0.332377148
0.3268283951
0.8498628643
0.33508449
0.369070273
0.6731601258
0.3582668419
0.8702350682
0.3185503884
0.2890981578
0.468694863
0.2866195046
0.8831704505
0.2880425883
0.6884805022
0.3733413149
0.8496894337
0.386160469
0.6457793675
0.2861012174
0.3324986994
0.5161222156
0.6015839601
0.8257329244
0.4095548006
0.293249618
0.3376056446
0.4023260661
0.7940072753
0.7932237301
0.8809761288
0.3497794939
0.2861780224
0.9407686681
0.2861546326
0.3090983035
0.381312746
0.7892902451
0.2861204194
0.4635326885
0.2862042042
0.9155566003
0.2869144432
0.7753218871
0.2872115366
0.286782598
0.4097375496
0.3014228677
0.3730219428
0.7332087156
0.8421556329
0.3110658395
0.5095691028
0.8812906737
0.5657944597
0.677392559
0.403041715
0.3492206908
0.6245103852
0.2868973534
0.3045970911
0.5732466316
0.286782598
0.687154002
