0.6419939544
0.9312537261
0.2895422973
0.6030897358
0.3121715811
0.8463188257
0.4020283248
0.3290512209
0.4700150242
0.2973251463
0.5217675634
0.3627255972
0.7629177098
0.3920321107
0.2951843558
0.5932973969
0.7912694177
0.5226498838
0.3402511994
0.2872802122
0.4654567526
0.3870810331
0.4834511834
0.2934765341
0.2872802122
0.9669381438
0.3739181954
0.536846481
0.2917202195
0.5581517654
0.4800686071
0.3368039893
0.3498008002
0.4070626607
0.6404062706
0.7914675498
0.6600829006
0.289602174
0.3135638718
0.2978678423
0.5173654826
0.2904436296
0.3220100242
0.2963372636
0.4323964838
0.9528661551
0.3041137472
0.3941077845
0.8706060674
0.4834511834
0.8634291918
0.7842943408
0.2956147531
0.2877823545
0.3918598438
0.6548941111
0.5723949301
0.645620332
0.8707710905
0.5583772378
0.4568467205
0.7516774771
0.5978510206
0.2873427131
0.4519835386
0.6231331631
0.3524726494
0.4683537473
0.5958016334
0.9448728519
0.3093208177
0.3082094992
0.5651510636
0.4451683908
0.4958349787
0.3081251394
0.7011084202
0.2881680626
0.383554384
0.2970883213
0.5855623498
0.3514826697
0.3588432773
0.8069101663
0.6322314136
0.645620332
0.5083937481
0.3410312163
0.7723634761
0.2876406181
0.9620926927
0.6731161071
0.4376594124
0.4320091001
0.9250793734
0.7070378176
0.9325111079
0.3320087658
0.4586812497
0.3396050496
0.6860623379
0.3930679968
0.308975981
0.8072956167
0.7786587485
0.7948258155
0.8858932427
0.8732360791
0.4879134184
0.3598800071
0.7017685655
0.327092727
0.3117154002
0.5805629665
0.7512581482
0.8696141231
0.7717512047
0.2870024869
0.3261859502
0.9643124395
0.6238159582
0.7900792648
0.423385597
0.5773844378
0.3546159259
0.5635688994
0.2882294436
0.4451683908
0.6151636575
0.2873211797
0.5500501271
0.4085155738
0.6746835201
0.291519992
0.5142937924
0.3546159259
0.3619723011
0.5083937481
0.8263905409
0.3375611001
0.3283550968
0.2986757392
0.3180537932
0.5033939735
0.8761682977
0.307539136
0.2897859653
0.4896198757
0.6842824173
0.2887274829
0.4181121275
0.9121914714
0.875031344
0.3646989498
0.7502089044
0.3055901888
0.5522974607
0.3523308243
0.3628766366
0.4802795719
0.9661033634
0.9981539468
0.3162575365
0.738157001
0.3153783226
0.5832892652
0.707475947
0.3625746844
0.6865070134
0.405977182
0.3516236955
0.6224503107
0.6639110255
0.2877018653
0.3786037597
0.9550955579
0.4874873625
0.2930574649
0.2890080914
0.3858999537
0.9024334988
0.31328257
0.291362908
0.405977182
0.289115346
0.3186637028
0.3840551342
0.2949732284
0.5905663625
0.2874235892
0.9019929481
0.3381959381
0.6122023828
0.4004272076
0.2871664023
0.3729612686
0.3060686617
0.8245330832
0.6867293051
0.2884007951
0.5828347718
0.7828900094
0.5536470468
0.5384076459
0.3942814602
0.3016194864
0.4461650107
0.672443969
0.8806731344
0.2875401622
0.6429008976
0.995185332
0.3745585438
0.7459989135
0.8273164718
0.4609313019
1
0.7703205065
0.7832915599
0.4252863699
0.8806731344
0.3077893121
0.287331859
0.2907621448
0.5798816497
0.5337288663
0.2999073669
0.4190484878
0.2870007355
0.5491519049
0.2907983989
0.2873996073
0.3055901888
0.2906901547
0.3151846609
0.873563273
0.9434884193
0.9635467759
0.6849501145
0.3462234258
0.4544098205
0.2928306357
0.7770397156
0.6065069339
0.4538022471
0.2870033626
0.9158058314
0.2902055737
0.5237536533
0.2939583934
0.4669036074
0.3845569078
0.2881280138
0.310904285
0.988050803
0.2879023729
