 1.0808e+01, 4.1112e+00
 7.5922e+00,-8.5712e+00
 3.0619e+00, 1.1670e+01
-5.8631e+00,-1.5746e+01
-8.8315e+00, 4.7085e+00
 6.7275e-01, 1.8991e+00
-1.7108e+00, 1.7332e+01
-1.1000e+01,-5.3191e+00
-7.6699e+00,-2.4541e+00
-2.6084e+00, 1.5667e+01
 5.7078e+00,-4.8041e+00
 3.0942e+00,-6.2266e+00
-6.2591e-01, 1.5405e+01
 1.1508e+01, 7.3414e+00
 1.2266e+01, 3.1640e+00
-3.8183e-01,-1.2446e+01
 1.2859e+01, 1.7012e+00
-2.7971e+00,-6.2895e+00
-7.8328e+00,-1.0881e+01
-6.6582e+00,-9.3679e+00
-1.6316e+01, 5.5896e-01
-1.2754e+01,-8.9738e+00
 1.6074e+01,-6.4692e+00
 1.1479e+01, 1.0456e+01
 4.0007e+00, 5.0277e+00
-5.3268e+00, 1.9156e+00
-4.8475e+00, 7.3483e+00
-1.1360e+01, 4.5663e+00
-9.4045e+00,-9.4653e-01
 1.6612e+01, 5.0929e+00
-1.3579e+01, 8.6159e+00
 1.2938e+01,-9.8949e+00
-1.1737e+01,-1.1155e+01
 8.7859e+00,-1.0224e+00
 1.6431e+00, 3.4360e-01
-1.2719e-01,-2.7481e+00
 7.1529e+00,-6.1866e+00
 7.1181e+00, 4.1244e+00
-3.2334e+00, 1.0941e+01
 3.0268e+00, 1.6982e+01
 4.7189e+00,-1.0652e-01
-5.2566e+00,-6.8688e+00
-1.3624e+01,-5.7112e+00
-6.8200e+00, 4.6872e-01
 2.6972e+00, 6.6941e+00
-2.4679e+00,-2.2622e+00
 9.8952e+00,-1.1524e+01
 5.5782e+00,-1.1363e+01
 2.5154e+00,-3.3696e+00
-7.9105e+00, 1.2782e+01
-8.5470e+00,-9.4912e+00
 5.1622e+00,-3.2295e+00
 6.8317e+00,-1.4677e+01
 1.3228e+01, 8.2034e+00
-7.0316e+00, 1.5541e+01
 1.1012e+00,-7.9103e+00
 1.0489e+01,-6.2346e+00
 4.9749e+00,-1.7314e+00
 8.2771e+00,-1.2549e+01
 3.1861e+00,-1.4547e+00
 8.0072e+00, 2.7687e+00
 6.3943e+00,-1.6127e+01
 5.4270e-01,-1.3831e+01
-1.0136e+01,-9.3890e+00
 8.2408e+00, 8.6310e+00
 1.3587e+00, 1.5917e+01
-1.5531e+01,-9.6888e-01
-1.4516e+01, 6.5174e+00
 1.4448e+01, 9.7018e-01
-1.3036e+01, 4.0830e+00
-4.2754e+00,-1.1921e+00
-1.1592e+01, 9.9086e+00
-9.2413e+00, 1.0771e+01
-8.2723e+00,-1.2894e+01
-6.6736e-01,-1.6360e+01
-5.6217e+00, 1.6280e+01
-1.5175e+01, 3.8029e+00
 5.3416e+00, 1.3000e+00
 8.2868e+00, 1.0793e+01
 1.6360e+01,-9.8232e-01
 1.0336e+01, 1.2672e+01
 2.6542e+00,-1.5240e+01
-2.0237e+00, 8.4945e+00
 1.4830e+00, 5.4684e+00
-2.2430e+00,-3.9039e+00
 1.0937e+01,-2.6312e+00
-4.7381e+00,-8.4589e+00
-2.2109e+00, 1.2202e+01
 5.3599e+00,-6.9080e+00
-4.3006e+00,-4.5258e+00
-8.1003e-01, 7.8455e-01
-9.0096e+00,-1.4857e+01
-5.3809e+00, 3.8238e+00
 3.9094e+00, 9.8735e+00
 7.9970e+00, 5.5482e+00
-6.9843e+00, 4.2670e+00
 8.2225e-01,-5.4601e+00
 1.3047e+00,-1.7296e+01
-1.7006e+01,-2.6312e+00
-1.7366e+01,-6.9697e-01
 3.5333e+00,-1.0121e+01
-1.0556e+01, 1.2514e-01
-8.6665e-02, 1.3423e+01
 3.4746e+00,-1.6931e+01
-8.2491e+00,-7.5066e+00
 4.2672e+00, 3.0755e+00
-4.4156e+00,-1.2367e+01
-1.0200e+01, 6.7174e+00
 6.4912e+00, 2.7334e+00
 1.1840e+01,-1.2692e+01
 1.3081e+01,-1.1617e+01
-3.8282e+00,-1.0012e+01
-1.6556e+01,-5.0950e+00
-6.5265e+00,-1.1698e+00
 1.5641e+01,-4.7676e+00
-1.0513e+01,-7.9264e+00
-3.2482e+00, 7.6169e+00
 6.0253e+00, 1.1972e+01
 1.3365e+01,-6.2908e+00
 6.0584e+00, 8.9465e+00
-1.1716e+01, 1.7158e+00
-7.1702e+00,-5.1532e+00
 1.5445e+01,-3.2633e+00
-5.1692e-01,-7.8075e+00
-2.0525e+00, 1.4195e+01
-5.5595e+00, 1.0852e+01
 1.3189e+00, 1.2389e+01
 1.6960e+01, 3.1091e+00
-2.8090e+00, 4.4855e+00
-1.8103e+00,-1.1499e+01
-1.2995e+01,-6.7373e-01
-4.8867e+00, 1.4899e+01
 1.4355e+01, 5.2824e+00
 1.6060e+01, 1.0100e+00
-2.5739e+00, 6.7743e-01
 3.2966e+00, 1.5152e+00
 3.9596e+00, 1.3270e+01
-3.0705e+00,-1.6539e+01
 6.0240e+00,-9.4516e+00
 1.1655e+01,-5.0777e+00
 2.4540e+00, 1.4374e+01
 8.4431e+00, 1.2797e+01
 8.3688e+00,-1.0865e+01
 2.3037e+00, 8.2979e+00
-1.1981e+01,-2.0467e+00
 6.4195e+00,-1.2711e+01
 2.1422e+00,-1.1129e+01
-7.0341e+00, 7.1742e+00
-8.4296e+00, 3.1916e+00
 9.5859e+00, 5.5173e+00
-1.4848e+01,-3.2560e+00
 9.5965e+00, 7.6545e+00
-1.2075e+01, 1.2565e+01
 6.4975e-02, 7.0424e+00
 5.6543e+00, 7.4535e+00
 4.8180e+00,-1.3876e+01
 6.0942e+00, 1.4661e+01
 2.6377e+00,-1.3626e+01
-2.4393e+00,-1.3025e+01
 1.3667e+01,-2.0426e+00
 1.0498e+01, 2.1273e+00
-1.0779e+01,-3.5191e+00
 1.6805e-01,-1.0538e+01
-1.5976e+01, 5.6486e+00
 8.6378e+00,-4.6669e+00
 1.5023e+01, 2.7344e+00
-8.0733e-01, 1.1190e+01
-1.0775e+01,-1.3772e+01
-4.2213e+00,-2.7952e+00
-1.9388e+00,-8.2243e-01
-7.3749e+00,-1.4621e+01
 1.3913e+00, 3.8187e+00
-9.1120e+00, 1.3990e+01
-4.3999e+00, 5.7491e+00
-9.7600e+00, 9.0105e+00
-1.4767e+01, 6.4318e-01
 7.0650e-01, 9.0913e+00
-5.0372e-01, 3.9512e+00
-5.9706e+00,-3.5242e+00
-3.5480e+00, 9.3534e+00
 1.5219e+01, 7.5650e+00
-1.4132e+01,-7.9811e+00
 7.2878e-01,-1.3914e+00
-1.0266e+01, 2.2326e+00
-1.1822e+01, 6.6743e+00
 1.0382e+00,-1.5260e+01
-2.1829e+00,-7.7656e+00
-8.7487e+00,-4.1819e+00
 4.1008e+00, 7.5765e+00
-1.8710e+00,-1.5374e+01
-1.2125e+00,-9.2250e+00
 8.3380e+00,-3.0548e+00
 1.1247e+01,-8.5973e+00
 9.7516e+00,-9.6809e+00
-6.4718e+00, 8.8135e+00
-6.1815e+00,-1.1987e+01
 1.3728e+01, 1.0841e+01
 5.0324e+00,-1.5367e+01
-5.1242e+00, 1.2387e+01
-1.0126e+01, 1.2774e+01
 6.8439e+00, 1.5973e+01
-1.3404e+01, 1.1118e+01
 8.9183e+00,-1.4812e+01
 6.9305e+00, 1.2763e-01
 1.7936e+00, 1.0860e+01
 3.0191e+00,-8.2788e+00
 1.3430e+01,-4.6388e+00
 3.6561e+00,-1.1900e+01
-3.1256e+00, 2.9605e+00
-1.4300e+01, 2.2931e+00
 9.4446e+00, 9.8219e+00
-1.2805e+01,-4.0135e+00
 1.4458e+01,-9.6591e+00
-5.4692e+00,-1.0504e+01
-1.6281e+00, 6.6211e+00
-9.7321e+00,-1.2483e+01
 1.2826e+01, 6.4077e+00
 4.3783e+00, 1.5823e+01
-4.0637e+00,-1.4054e+01
-1.4935e+00,-5.4759e+00
 9.2532e+00, 1.4250e+01
 1.7157e+01,-3.4264e+00
 1.1277e+01,-4.6518e-01
-7.9716e+00, 1.5933e+00
 5.8854e+00, 5.4022e+00
-1.5348e+01,-6.6445e+00
 6.9635e+00,-3.6820e+00
-1.1809e+01, 8.3638e+00
 1.0449e+01,-1.3305e+01
 1.4908e+01,-7.4791e+00
 1.6362e+00,-9.5923e+00
-7.7358e+00, 9.6701e+00
 8.9896e+00,-6.8856e+00
 8.9255e+00, 1.0536e+00
-1.3876e+01,-1.0490e+01
 1.3403e+01,-2.0284e-01
-3.9413e+00, 1.3675e+01
-1.2058e+01,-7.6215e+00
-3.3136e-01,-4.2383e+00
-1.6753e+01, 3.8045e+00
-7.6944e+00, 5.7579e+00
-8.6231e+00, 7.2237e+00
-4.4794e+00, 4.7292e-01
 6.8207e+00, 1.0241e+01
 1.2676e+01, 4.6825e+00
 1.2520e+01,-3.0323e+00
-6.1138e+00, 5.7652e+00
-1.5162e+01, 8.0972e+00
 7.2870e-03, 1.7473e+01
 1.0323e+01,-4.3611e+00
 1.3367e+01,-8.0938e+00
-6.7913e+00,-6.7249e+00
-7.1276e+00, 1.1051e+01
-3.8766e+00, 1.6655e+01
 7.1407e+00,-1.6206e+00
-9.1216e+00,-6.2483e+00
