0.6027360943
0.731726587
0.4270177985
0.2889380707
0.7023441819
0.4241588008
0.3029677702
0.3372741194
0.9748122065
0.7617644946
0.3277617633
0.5179751236
0.3548280947
0.3769192889
0.4601437851
0.3007497061
0.2897607985
0.3121043247
0.3071461912
0.5995292234
0.2969712045
0.7787431889
0.5164324951
0.8210659845
0.5046065951
0.8075606096
0.4179426905
0.5727938439
0.2895575727
0.3803347413
0.8112603708
0.3267512242
0.3228320687
0.2887432645
0.8885616044
0.6822440336
0.290600067
0.3214656136
0.3258632482
0.8623347299
0.2903738533
0.2925794292
0.3390349898
0.5828299119
0.2906260766
0.8204943252
0.4107313562
0.4306684696
0.68381626
0.3227260325
0.6187759143
0.3410818155
0.294020135
0.2998639374
0.363644713
0.2899219343
0.3754716721
0.7199736982
0.37024805
0.2920454554
0.910519422
0.2937644478
0.4593246654
0.9389913771
0.2905742324
0.3639466509
0.3479834938
0.29660016
0.3213615821
0.3266396972
0.870192225
0.5341802201
0.550119645
0.5063499159
0.8189667272
0.5557667563
0.8543010978
0.4736120628
0.5226154106
0.6903145723
0.9936014807
0.3525573733
0.2934740078
0.3033197152
0.4457834429
0.7715436598
0.4688132414
0.2968111608
0.6190050233
0.8164745941
0.6245024673
0.6373153942
0.8312431274
0.5442647319
0.9724301919
0.8382739655
0.762601585
0.4483836775
0.2887790237
0.3878275534
0.5821447779
0.2899428654
0.3063620847
0.3229382587
0.3400538345
0.9932849661
0.3201252885
0.2890299969
0.8174345351
0.3067520856
0.4642566459
0.9087633004
0.3260843329
0.3769192889
0.5757560478
0.2924332143
0.2945501447
0.3950283421
0.7293428128
0.3893539829
0.3405666856
0.4380651531
0.5938053066
0.7182220043
0.2904476831
0.3900353272
0.5186368926
0.3080276405
0.6650921063
0.5004789701
0.2974605464
0.5303883279
0.4293197198
0.8395570698
0.3091780626
0.4719389188
0.2924332143
0.9197929178
0.8950076834
0.3529805134
0.9250251507
0.2888234121
0.6963414228
0.3006211473
0.5223940325
0.521287752
0.3559762953
0.3468971523
0.9224266442
0.6775192555
0.4839492027
0.2957339373
0.2886860112
0.4258717281
0.609610042
0.4589155429
0.2887908256
0.4675672258
0.3463573017
0.9460796546
0.4669451419
0.3140046607
0.6148806667
0.3529805134
0.9020571976
0.7087629798
0.363644713
0.7087629798
0.4331847964
0.3761138527
0.2934332081
0.7158091792
0.2889105965
0.9213219872
0.3014025819
0.6464479823
0.3600616292
0.4406239403
0.9934752131
0.2959333023
0.2887230061
0.4040304235
0.5164324951
0.3924341231
0.8204943252
0.8455546594
1
0.2887432645
0.3929509844
0.812617124
0.7448436852
0.7201924748
0.4226424791
0.4318280025
0.5415691895
0.7891012818
0.50613183
0.3023447739
0.7114099321
0.6286235612
0.3528393319
0.9424561501
0.4131185331
0.5566717639
0.2904228981
0.5422426602
0.6418841843
0.3314531971
0.7273884455
0.6507783078
0.6141932128
0.309849765
0.4224533574
0.4092707151
0.7484670838
0.4929246129
0.3034616587
0.288845077
0.3121932143
0.5757560478
0.9782471148
0.2975711635
0.694781156
0.6605562593
0.3316889762
0.2907318633
0.3431650201
0.2889771671
0.5254969634
0.2951998359
0.2919096683
0.6212959229
0.2905485726
0.3531218295
0.3154051269
0.9316934884
0.5858000737
0.414041132
0.5858000737
0.2891488511
0.5899156349
0.8612967628
0.289684441
0.2886939389
0.8466359449
0.9530484618
0.4661166614
0.6766179648
0.5860286277
0.4475821739
0.3389082787
0.4298972207
0.4677747244
0.3101895099
0.2890299969
0.5124756021
