-8.3524e+00, 5.5509e+00
-1.8175e+00, 7.8511e+00
 3.8851e+00,-1.2358e+01
 1.7249e+01,-2.4426e+00
 1.9455e+00, 8.3327e+00
 1.2811e+01, 2.5060e+00
 1.2686e+01,-1.0039e+01
-1.4792e+01, 1.0869e+00
-1.7804e+00, 2.0782e+00
-1.8476e+00,-7.3310e+00
-1.1313e+01, 1.0047e+01
-7.1694e+00, 8.8084e+00
-7.3212e+00, 1.2405e+01
-2.6668e+00, 1.3659e+01
-1.5792e+00,-1.2237e+01
-1.0107e-01, 1.6243e+01
-3.5954e+00, 1.6763e+01
-1.4875e+01,-4.8981e+00
-1.5481e+01,-3.4731e+00
 7.7068e+00,-6.6495e+00
-1.6397e+01,-2.6676e-01
 8.6171e-01,-7.2459e+00
 2.7836e+00,-1.1094e+01
-5.6912e+00, 3.0991e+00
 6.1031e+00,-9.9174e+00
 6.4909e+00,-2.1756e+00
 9.3226e+00,-9.2734e+00
-2.5587e+00, 1.0213e+01
 4.7908e+00,-1.6532e+01
 1.1559e+01,-7.7354e+00
 8.1672e-01, 6.6756e+00
-1.3213e+01, 7.4173e+00
-7.0000e+00,-1.3610e+01
-1.2004e+01,-1.2608e+01
-5.0188e+00,-1.0200e+00
 6.1083e+00, 6.4787e+00
 2.7145e+00, 1.6821e+01
 1.0243e+01,-1.1530e+01
 3.8642e+00,-1.4754e+01
 5.3812e+00, 2.1745e+00
 7.3437e+00, 1.5428e+01
 1.4311e+01, 8.9203e+00
 1.2645e+01, 7.8920e+00
-9.6566e+00,-3.6572e+00
-5.8943e+00,-1.5947e+01
 4.8040e+00,-4.5180e+00
-1.2586e+01, 3.9071e+00
 5.9781e+00,-1.1428e+01
 8.7506e+00, 1.6023e+00
-1.2258e+01,-9.1346e+00
 5.7585e+00, 8.0235e+00
 1.4808e+01,-1.2045e+00
-1.4870e+01, 7.4273e+00
-1.2181e+01,-1.0743e+01
 9.7799e+00, 1.0396e+01
 1.1815e+01, 1.2464e+01
-1.1521e+01,-7.7852e+00
 2.8838e+00,-7.7647e+00
 1.4107e+01, 1.0095e+00
-7.7935e+00,-1.4915e+01
-3.8944e+00,-2.4984e+00
 1.5300e+01, 6.8431e+00
 1.6507e+00,-1.2260e+01
-5.0789e-01, 3.9041e+00
-1.2513e+01, 1.1485e+01
-1.2873e+01, 5.9038e+00
-4.4235e-01,-1.4601e+01
-1.5904e+01, 4.1075e+00
 1.5063e+01, 3.4320e+00
 1.3358e+00, 1.5162e+01
-2.6554e+00,-4.8715e+00
-1.1027e+01,-1.0447e+00
 1.0902e+01,-1.1154e+00
-4.5821e+00,-1.0612e+01
-6.4994e+00, 4.1147e-01
 8.6486e-01, 1.0775e+01
-1.0638e+00, 5.7939e+00
 8.7927e+00, 8.4119e+00
 4.6945e+00, 1.0337e+01
-1.9835e-01,-8.7268e+00
-2.6020e-01, 1.8913e+00
 7.5184e+00, 1.2430e+01
-1.0807e+01, 1.2711e+01
-3.8826e+00,-1.5615e+01
-1.0769e+01,-6.4279e+00
-4.2174e+00,-6.0490e+00
-6.1385e+00, 1.0509e+01
 1.4993e+01,-6.9739e+00
-9.7605e+00, 3.5374e-01
-4.7123e+00, 4.5853e+00
 2.2527e+00,-9.4983e+00
-2.8973e+00,-9.0810e+00
 2.7429e+00, 5.7557e+00
-8.3803e+00,-7.0221e+00
 2.8759e+00,-5.8086e-01
-5.5354e+00,-2.6902e+00
 7.6218e+00,-3.4078e-01
 1.2451e+01,-2.0507e+00
 8.9805e+00, 1.4980e+01
-8.6291e+00, 1.0583e+01
-7.1367e-01, 1.0371e+01
-1.6847e+01, 2.7049e+00
 7.6939e+00,-1.4021e+01
-1.3741e+01,-6.6703e+00
-1.4383e+01, 3.3049e+00
-1.7701e+00,-6.1936e-01
-1.4573e+01, 4.8685e+00
-1.6337e+00,-1.7242e+01
 6.6077e+00, 9.1849e-01
 2.0336e+00,-1.5825e+01
-8.6875e+00, 8.6125e+00
-3.6587e+00, 2.9055e+00
 1.3061e+01,-7.9440e+00
-1.3807e+01,-1.2567e+00
 1.0239e+01,-2.5804e+00
 4.1680e+00, 1.6312e+01
-7.2503e+00, 1.4945e+01
-1.0210e+01, 8.8323e+00
-7.0468e+00, 3.8964e+00
 8.0881e-01, 1.3646e+01
-9.2468e+00,-1.1508e+01
-6.4730e+00,-1.0929e+01
-3.9499e+00, 9.3993e+00
-7.6178e+00,-3.1080e+00
 6.5172e+00,-1.5781e+01
 1.2162e+01, 6.3257e+00
 1.1187e+01, 2.4571e+00
 1.0340e+01, 1.2123e+01
 3.0458e-01, 9.1208e+00
 1.0298e+01, 5.6332e+00
 1.5606e+01, 5.3450e+00
-1.0756e+01, 2.8973e+00
 1.2322e+01,-3.9960e+00
 4.7587e+00, 4.0357e+00
-2.2000e+00,-1.5678e+01
-1.2012e+01, 1.3153e+00
-1.3421e+01, 1.0053e+01
 8.5772e-01,-4.3817e+00
 4.4126e+00,-2.5574e+00
 1.3881e+01,-4.3500e+00
-4.1565e+00, 9.1553e-01
 1.7324e+01, 2.2771e+00
-8.1235e+00, 2.7444e+00
-5.4447e+00, 1.5287e+01
-1.0329e+01, 4.5078e+00
 3.0161e+00, 1.0956e+01
 1.1267e+01, 9.0646e+00
-1.0521e+01,-1.0106e+01
 4.4481e+00,-2.2021e-01
 8.8629e+00,-1.5415e+00
 1.2014e+01,-4.9187e-03
-8.9179e+00,-1.3899e+01
-1.6831e+01,-4.7144e+00
-5.4484e-01, 1.2942e+01
 8.6065e+00,-5.1563e+00
-7.5120e+00,-9.7782e+00
 1.4787e+01,-9.3202e+00
 6.9706e+00, 1.0085e+01
 3.8388e+00, 1.4157e+01
 2.8281e+00, 2.5227e+00
 9.2983e-02,-1.2231e+01
-1.9962e+00, 1.5513e+01
 8.6779e+00, 4.8751e+00
 8.1875e+00,-1.1989e+01
-2.4092e+00, 4.2074e+00
-5.7459e+00,-6.1205e+00
-2.5748e+00,-1.3978e+01
 6.5095e+00,-5.4505e+00
-1.1764e+01,-4.9518e+00
-4.4968e+00,-1.3178e+01
 1.6793e+01,-5.4569e-02
 7.5633e+00,-3.6225e+00
 5.8830e-01,-1.7360e+01
 9.8318e-01, 4.3211e+00
 1.2391e+01, 1.0525e+01
 5.6430e+00,-7.5799e+00
-4.5411e+00, 1.3552e+01
 1.0481e+01, 7.2492e+00
 1.6452e+00, 1.1053e+00
 5.7340e+00, 1.5534e+01
-1.0682e+01,-1.3775e+01
 1.2043e+01,-5.9431e+00
 9.2103e+00,-6.8458e+00
-1.2968e+01,-3.8937e+00
 3.6003e+00,-5.5128e+00
 1.9426e+00,-5.7754e+00
 3.7892e-01,-1.4899e+00
-1.6160e+01,-6.4334e+00
 1.2732e+01, 4.9297e+00
-3.2212e+00, 5.8311e+00
 4.6026e+00, 6.4152e+00
-3.7709e+00, 7.3113e+00
 4.7696e+00, 1.2138e+01
-1.0799e+01, 6.8603e+00
 8.8363e+00, 6.6822e+00
-6.8681e+00,-1.5707e+00
 1.0604e+01,-4.8180e+00
 1.5281e+01,-5.4359e+00
-6.8828e+00,-4.7144e+00
-5.9783e+00, 7.5685e+00
 2.2774e+00,-1.4314e+01
 2.4321e+00,-3.0328e+00
-9.1218e+00,-9.4713e+00
 4.3726e+00,-9.8943e+00
 1.1257e+01,-1.2864e+01
-8.3544e+00, 7.1040e+00
 8.9798e+00, 3.2328e+00
-1.2255e+01, 8.6701e+00
-8.0049e+00, 1.0798e+00
-9.1442e+00,-1.5892e+00
-4.6382e+00,-8.7167e+00
 1.5581e+01,-3.0575e+00
 6.2460e+00, 1.1462e+01
 2.8454e+00, 1.2976e+01
 6.9869e+00, 3.5948e+00
 7.7129e+00,-8.9884e+00
-1.3699e+01,-8.3518e+00
 1.1901e+00, 1.7362e+01
 1.5714e+01, 1.4836e+00
 1.0521e+01, 9.2970e-01
-1.2559e+00,-2.2894e+00
-9.4640e+00, 1.3380e+01
-6.2283e+00, 5.9505e+00
 3.8843e+00, 8.3639e+00
 1.3807e+01, 6.1624e+00
-1.6756e+01,-2.5137e+00
 1.0932e+01,-9.9523e+00
-1.3970e+01,-1.0186e+01
 1.0577e+01, 4.0931e+00
 9.4390e+00,-1.3686e+01
 1.0022e+01, 1.3624e+01
-9.5417e+00, 1.9239e+00
 1.6574e+01,-4.1966e+00
 6.6444e+00,-1.2898e+01
 5.5781e+00,-1.4587e+01
-6.2707e-01,-4.0852e+00
-8.6863e+00,-5.5080e+00
-5.1909e+00, 1.2085e+01
-1.8019e+00,-1.0171e+01
-1.7193e+01, 1.0246e+00
-6.7435e+00,-7.6984e+00
-7.5311e-02,-5.7591e+00
 1.2571e+01,-1.1766e+01
-1.6547e+01, 5.5374e+00
-4.4900e+00,-3.9863e+00
 3.4549e+00, 9.8463e-01
-3.2639e+00,-1.1784e+01
 7.1765e+00, 5.4256e+00
-1.5055e-01,-1.0334e+01
-1.2499e+01,-3.1220e-01
-6.1591e+00, 1.3486e+01
-3.5978e+00, 1.2351e+01
-1.8818e+00, 1.2063e+01
 4.9260e-01,-1.5793e+01
-1.5837e+00, 1.7249e+01
-1.1100e+01,-2.6911e+00
