0.9165419907
0.424617901
0.6217719535
0.3061487794
0.7368554282
0.5335056482
0.9788503402
0.3111709886
0.3309219685
0.2993669298
0.4496621466
0.3093785362
0.3612179952
0.6635470011
0.2861647484
0.3564782325
0.8719953673
0.4634836894
0.3592766742
0.6502831622
0.3166248173
0.775180267
0.6328819948
0.4075071656
0.7672602383
0.4763603719
0.2895976139
0.7604893652
0.5702757175
0.2868483075
0.2908704853
0.3027003879
0.345486059
0.3841054207
0.5014953533
0.9481485631
0.4185764491
0.9582118205
0.915187752
0.3279766963
0.3190720912
0.2863150919
0.4217743795
0.3438674977
0.4581600128
0.5270815938
0.300530604
0.3050972142
0.3753943692
0.3600207933
0.2927164137
0.5200278979
0.2964590859
0.9979004475
0.7991503407
0.7871836783
0.2866622906
0.7932957447
0.7507410166
0.9077082146
0.3297328877
0.6639953221
0.5644067413
0.4703065569
0.3318837063
0.6301632022
0.3106265905
0.286598588
0.3065604967
0.3726697093
0.9497692828
0.9392280977
0.3360740001
0.9842298443
0.5069128787
0.7972054952
0.6051945923
0.3498977294
0.3684135035
0.3100878974
0.3721924597
0.4769896095
0.7065066478
0.5784189797
0.6853937203
0.5666626814
0.6133717845
0.6133717845
0.3395187909
0.9852965928
0.2940097784
0.5563011651
0.2862686474
0.3866289219
0.7629586949
0.913138236
0.9631962393
0.2890993301
0.4705144239
0.3706094309
0.5997431189
0.7047598464
0.344674317
0.2990337849
0.3467128619
0.2867026038
0.2928118243
0.8226877439
0.3938267334
0.6389932402
0.3270535953
0.8964157263
0.7021351116
0.9096742118
0.4026408838
0.4573451848
0.8370952801
0.5257561383
0.8687277857
0.2876503252
0.299299969
0.2861649231
0.4183891643
0.3515874977
0.5603507052
0.3739476277
0.3070598742
0.2903222956
0.6617528061
0.2879357765
0.5574253512
0.589299915
0.4303648149
0.2876276659
0.4067816321
0.290670841
0.286245948
0.6747257477
0.7897544082
0.331161532
0.2991000819
0.3766883808
0.7461372429
0.9877933764
0.5818168378
0.3024025446
0.4003242004
0.352297205
0.2863873722
0.2866235461
0.5388429429
0.6281231612
0.4167077878
0.3342049022
0.2863617082
0.2866622906
0.2863535026
0.3243412259
0.4407050541
0.3087662066
0.5095235088
0.3278607924
0.546433391
0.4703065569
0.4563282533
0.8313166135
0.9117598315
0.3531532087
0.437754992
0.5390657159
0.2894948527
0.3847758891
0.4871298462
0.7259794973
0.3471242377
0.7082509866
0.3816072739
0.5838567007
0.4500638558
0.6505085415
0.2921582605
0.7082509866
0.5551775265
0.4978285648
0.6606307078
0.5204676176
0.7330308409
0.7701137053
0.4484588315
0.6475772413
0.5542790186
0.3401679605
0.2931511209
0.4334616723
0.2863079334
0.3884954086
0.3397780394
0.5127957371
0.8167187595
0.649381467
0.2933985754
0.5906614164
0.2861806398
0.8085813321
0.9678905671
0.8593966211
0.2867732779
0.2920676224
0.8426172499
0.7639851699
0.288355225
0.4174541337
0.5114856741
0.6308430405
0.2863150919
0.372033616
0.2863617082
0.9198849971
0.2864842593
0.8923747099
0.2869774114
0.7784030454
0.5784189797
0.3634845334
0.2864737856
0.287431548
0.4180148731
0.6008787598
0.3024025446
0.6977487923
0.7169343977
0.2990337849
0.4593843763
0.4518752551
0.8198991333
0.4058769525
0.325348319
0.3543019059
0.7522004972
0.3640937109
0.8836251071
0.2914096159
0.903720331
1
0.4309438117
0.8338545041
0.3148477425
0.6847289728
0.2862747587
0.3093785362
0.7467665179
0.9415472191
0.8627596834
0.2868954154
0.6349200568
0.6733876731
