0.3991071764
0.437970092
0.5703885557
0.403737563
0.5335793542
0.6861231834
0.3778619437
0.6680569165
0.2865656157
0.4062594199
0.4062594199
0.5858022592
0.4180335575
0.4152386381
0.974938543
0.7387271372
0.8631184165
0.286628043
0.982749898
0.3168640802
0.2974734816
0.7900596548
0.2866233218
0.2896626042
0.2913147113
0.7224679471
0.6680569165
0.4057173595
0.5561731046
0.4156100667
0.2867273568
0.8790076892
0.3026741335
0.6046697671
0.8580416474
0.3728682447
0.3754314317
0.3924670395
0.7707751205
0.9573433264
0.287648207
0.6321724504
0.9065524005
0.6010304381
0.427883052
0.9533201578
0.4816549777
0.7006956394
0.7287035533
0.9126093747
0.6480242218
0.2866486761
0.3482953288
0.347606044
0.4854671872
0.9043981411
0.293362838
0.4356220227
0.3781880063
0.5930721719
0.3868271718
0.7450690307
0.743171203
0.4514939775
0.4555389755
0.3715981366
0.8104672109
0.2866600416
0.5227323993
0.6597486774
0.5992109873
0.3270489041
0.3028965957
0.9727338662
0.8108485742
0.835554513
0.5163551461
0.4927177683
0.3214109276
0.3172651201
0.4055368735
0.5407065632
0.92366503
0.4812325636
0.2894687156
0.5161358452
0.3801541571
0.2872936245
0.3620203481
0.317164628
0.3344216518
0.3424788645
0.2867848761
0.4590001033
0.4587959361
0.2963423117
0.8494146455
0.5561731046
0.3215177067
0.6832362256
0.9520500464
0.3166644895
0.2874097985
0.9768311916
0.6419179737
0.2905373781
0.33186166
0.7734196125
0.3066558467
0.303877641
0.3553719658
0.4844063652
0.2869033981
0.2872158743
0.2931703885
0.4082546662
0.312710287
0.3031955082
0.3751093682
0.8733683874
0.3788415312
0.4042762938
0.2989237202
0.3394725069
0.6267242708
0.3020156177
0.5216305092
0.8735309964
0.2870470688
0.7926263616
0.5577486905
1
0.712720002
0.4841943725
0.8647938447
0.519429646
0.5209698389
0.649379577
0.6301300169
0.4488807246
0.3079072255
0.5905722957
0.2905746104
0.3223774024
0.5056600812
0.2867429172
0.2908016192
0.2874270921
0.4590001033
0.3535001882
0.5867105579
0.3310225343
0.3219463414
0.8788480597
0.3426112462
0.6287679596
0.3283158611
0.7433822754
0.3294831371
0.690775597
0.6509600411
0.2868509569
0.8375381674
0.2962844577
0.5384758961
0.8184159135
0.2898289303
0.8908783546
0.7153277182
0.3704931253
0.329248505
0.2871859953
0.3230285336
0.9230097273
0.2902815756
0.4995980302
0.471167495
0.8815497241
0.287553027
0.3133667556
0.2865803049
0.5360257025
0.7372409484
0.2919427931
0.2880954853
0.4717923469
0.9595418126
0.3354135931
0.2868121483
0.9514093288
0.3588853865
0.5342461507
0.3796610533
0.9039647398
0.3134611661
0.7157617639
0.7906529479
0.643728396
0.2866659865
0.58830041
0.3910888392
0.3503833852
0.5306933661
0.7988969825
0.6342140419
0.3545053144
0.6969562931
0.3216246377
0.3435417922
0.7990918383
0.2865619433
0.5715198019
0.3260256523
0.5819436823
0.2890996193
0.2868509569
0.2866983333
0.306573712
0.3575591184
0.4075277286
0.5052258378
0.7501095581
0.7673019027
0.4686739044
0.4539174406
0.608991751
0.4019484153
0.7816930577
0.3131784063
0.8174762948
0.8972136465
0.3199320111
0.3291314093
0.5449528875
0.2922048219
0.7380904918
0.3424788645
0.6770012172
0.6649169435
0.3100731366
0.998805464
0.2866983333
0.9402972517
0.3954186453
0.414682208
0.6489278598
0.5796753503
0.4770215572
0.6830139401
0.2865645664
0.843254989
0.306738143
0.3933319349
0.2866915144
0.8649609216
0.2866848702
