0.5577506702
0.2988240581
0.2862199466
0.2867961202
0.4149232004
0.621656941
0.4467394293
0.4942652474
0.328968451
0.3241774361
0.2869957613
0.3041277963
0.8431226959
0.8806442892
0.2879876257
0.9814959032
0.2946984321
0.4509493641
0.2922564533
0.4582425146
0.2886335432
0.4256468544
0.7361394024
0.4028923424
0.2922564533
0.3087349537
0.4489404607
0.5139811668
0.8787432492
0.7295359648
0.3433941865
0.6560301693
0.6589528572
0.4329573041
0.813474929
0.3928574793
0.5161704904
0.7138142642
0.3683238773
0.3895892565
0.3439294187
0.9938360529
0.4427615341
0.2862188987
0.9590722674
0.8787432492
0.3191295472
0.7743093614
0.5760326127
0.3906170893
0.2944838214
0.2948611649
0.7051052769
0.5636063407
0.3587482658
0.356104741
0.2907627756
0.4957676197
0.4310214127
0.3305040908
0.7963739335
0.9443334325
0.9146716744
0.725466606
0.3086482605
0.6368455225
0.3243996307
0.9628092108
0.7803494406
0.6150722089
0.3529308889
0.4705991504
0.6257414415
0.2968717698
0.7454316941
0.4535720954
0.3546542413
0.4048675279
0.3913044904
0.9102569431
0.362639812
0.5953085236
0.7853402012
0.3870369683
0.2889014733
0.5907677781
0.7481583644
0.4592628252
0.2889629154
0.8179909209
0.2905665281
0.6991920862
0.2872818711
0.2864050669
0.3989790308
0.2930089698
0.4747705814
0.3921661819
0.8615736138
0.6062123697
0.4141819986
0.8986463267
0.7550399183
0.3695750298
0.2969928774
0.4970573662
0.961961267
0.5633808784
0.8181781818
0.5884983423
0.8965771458
0.3780579536
0.6096203121
0.8615736138
0.5298317244
0.9772550616
0.5882714387
0.3530737796
0.3818417682
0.9770291518
0.4032505556
0.4390118655
0.5687969056
0.7310310213
0.3803538907
0.3448713565
0.3593413699
0.3248458149
0.7724866771
0.2866379766
0.7029183526
0.9908395022
0.6168890962
0.857347018
0.3489837292
1
0.3024569989
0.6832998431
0.2893460795
0.2862321729
0.4666600745
0.5564013394
0.5400543373
0.8489127929
0.3101437356
0.3330366964
0.3466384161
0.2862162787
0.3372715499
0.3546542413
0.7072884055
0.5472031842
0.3207041869
0.3706761673
0.759181865
0.8027785209
0.6243802061
0.335632863
0.5267344646
0.2866625905
0.3883951021
0.3080458862
0.2863891762
0.2943246393
0.7649430405
0.4762364897
0.8682264469
0.3000996831
0.2974220278
0.2984983318
0.5541542182
0.6555802197
0.2972371022
0.5984881906
0.8016195497
0.7146816377
0.3624885556
0.5260716712
0.3800245135
0.3026801759
0.2862188987
0.4934078901
0.2864389426
0.2896497624
0.8054731619
0.6454366549
0.3179966813
0.411783649
0.2862686759
0.9476643292
0.2862299023
0.2920751445
0.5485466795
0.4182772787
0.2885473472
0.3152950663
0.4961973315
0.5692486837
0.3526455027
0.4904137894
0.7376241391
0.4861549172
0.5483226992
0.3840072216
0.2866501964
0.6861817287
0.2873012321
0.3174878872
0.2887212965
0.4319882939
0.8202332307
0.4184645045
0.9406780453
0.5658619711
0.4656274235
0.2874006457
0.2865794938
0.5622538496
0.3513678013
0.3520763132
0.2862321729
0.2862199466
0.2863814927
0.3757848228
0.5489947167
0.9035953279
0.2931060994
0.2862775831
0.800845536
0.3103226975
0.3698890346
0.3038181389
0.9175150594
0.4165964392
0.311318325
0.5285034848
0.7335886361
0.2863739837
0.3330366964
0.6091659316
0.413996936
0.6683699988
0.6540047745
0.7051052769
0.2862164534
0.9542509148
0.2863325958
0.5120143727
0.2863325958
0.3077901279
0.3629427018
0.6714996664
0.3055534387
0.2998261571
0.6676987177
0.3101437356
