0.821770742
0.7501126339
0.8892607055
0.448359316
0.2933229602
0.3068013118
0.9443415714
0.4863745052
0.3370888612
0.7546844201
0.7662009881
0.5462713051
0.2865132372
0.8184261548
0.4271964096
0.5382423262
0.8928828555
0.6630313061
0.2864391613
0.3202890416
0.5216459459
0.3004760548
0.7394167347
0.6194919915
0.6267436063
0.2858457773
0.47855699
0.6479819378
0.4105168735
0.3194460555
0.2953148359
0.6256110601
0.8758541993
0.3152795306
0.2901517112
0.8851231187
0.3108241445
0.7682386644
0.4289229129
1
0.5069991755
0.7835287492
0.313916284
0.9698868695
0.374493166
0.4310425857
0.28970089
0.2862085222
0.5205466182
0.3252108599
0.953528585
0.7783377508
0.4718615601
0.641668225
0.7124568744
0.3713019581
0.3276111198
0.7052831617
0.3145940977
0.3332171907
0.2865756299
0.3539069862
0.3211417439
0.3432166646
0.4598934205
0.5020163066
0.3087705997
0.286708764
0.5999821156
0.4855255991
0.5364632182
0.5595012156
0.3585797859
0.6556302382
0.3011166643
0.3437523013
0.2964272507
0.5035302229
0.285955665
0.336455164
0.507433617
0.4829842902
0.677755302
0.3079899362
0.3300762597
0.923689438
0.9777592729
0.5890963572
0.3093867042
0.4002328704
0.3641455594
0.3109153295
0.4016565267
0.3599177053
0.8536795732
0.4451650285
0.7453055673
0.6310451743
0.7057191462
0.2933737525
0.8995313253
0.7024455568
0.3362026751
0.4002328704
0.6262906137
0.4821390135
0.3254366421
0.9815736136
0.3330945825
0.5854707995
0.2883771112
0.8718339842
0.8154332854
0.5194482532
0.2925814283
0.4025496301
0.8858943143
0.9004035573
0.2859117118
0.7189399944
0.3271489045
0.9441187629
0.9661092854
0.7448862602
0.4582605113
0.9090786332
0.4981341947
0.5415832884
0.3823432479
0.7676279752
0.9292565942
0.7480260099
0.6810852149
0.2859216538
0.3245370831
0.3002654815
0.7105046961
0.4366798946
0.3104609844
0.4207386202
0.4574457423
0.3485319765
0.3296017392
0.3140126472
0.4341441254
0.2873754867
0.3855233283
0.332972118
0.2944251301
0.5940843257
0.372891611
0.2905060419
0.2858695004
0.4473589976
0.5320242061
0.5196678485
0.3680028545
0.3892557517
0.2893441083
0.4349228693
0.2933229602
0.287398641
0.9676800201
0.6916947106
0.8131764717
0.6520337378
0.3720952908
0.293221884
0.5447072994
0.3841794032
0.5615260229
0.5161590686
0.288436747
0.5931772189
0.4025496301
0.7916272502
0.4140157795
0.6675048068
0.8601225589
0.2862198553
0.4899921992
0.6945551941
0.3272642374
0.2936302546
0.2859818264
0.8300266171
0.4582605113
0.9147099005
0.5640028925
0.286164932
0.8283876539
0.3306726847
0.2865916629
0.3238686734
0.3823432479
0.7984534717
0.2894847571
0.3036565507
0.2873525057
0.3831761715
0.5816210478
0.5251701087
0.8768109026
0.6452776034
0.3676914459
0.6826369046
0.3615668936
0.8038549549
0.2869293262
0.2865756299
0.2862548996
0.3170769053
0.8791887681
0.4511702361
0.2859378747
0.4158711122
0.2862548996
0.3034248523
0.6879455598
0.3780580062
0.2859024673
0.2864830848
0.2869685192
0.5247290716
0.5509708932
0.3581361087
0.2950321722
0.5460477962
0.3326055868
0.2858824083
0.556579392
0.2873296982
0.8358037751
0.3422845881
0.4034452704
0.6058814509
0.2859818264
0.8097719195
0.418297055
0.3705116249
0.3632313158
0.2866408057
0.6533830087
0.3972295163
0.3142058412
0.6938955942
0.3716189319
0.4874368883
0.9857655429
0.7853157196
0.286498074
0.326117551
0.7718916442
0.2998487874
0.7417349338
0.2859436304
