0.910953905
0.2937568328
0.749191099
0.338374627
0.5403533613
0.7479319886
0.617968036
0.2866823707
0.3180277286
0.2952681821
0.2868523438
0.6356842114
0.4211105742
0.4646191262
0.9248678555
0.6968561709
0.2912039548
0.3865558818
0.848161644
0.8228565141
0.4349169881
0.4013048207
0.6908947257
0.3830340173
0.658962298
0.3195700637
0.6957540663
0.8723781132
0.3682087949
0.506833895
0.8373225789
0.334974234
0.3677424549
0.4300717043
0.4310364808
0.5895379116
0.5279042045
0.5993143251
0.2922994926
0.3112924972
0.7639436499
0.3357208978
0.3180277286
0.3746917693
0.7003770152
0.3906411672
0.4775239079
0.4194173869
0.5897651435
0.3616314162
1
0.377113859
0.2905504167
0.3134207977
0.7228082204
0.9206558974
0.6483619515
0.3140850832
0.7380054308
0.3062182639
0.3196741145
0.8545906679
0.2904038739
0.4966670888
0.747511869
0.6442919467
0.5033608652
0.6047740463
0.2871229656
0.5129398047
0.3089011634
0.2891494764
0.3622334889
0.9867103185
0.4515718406
0.8710690362
0.8338868504
0.7016949717
0.2943133044
0.3362215332
0.31874318
0.8304233627
0.2927516799
0.475216483
0.4811044004
0.3827012059
0.5412463801
0.8394780621
0.4840659033
0.5301195911
0.386387049
0.4582628769
0.3231933114
0.6399905103
0.8636030871
0.9372533005
0.4650314802
0.9368924842
0.7163191567
0.4955919683
0.2930311929
0.3483553945
0.2906247219
0.6948717632
0.519519225
0.8237860245
0.5752414974
0.5772810843
0.9296116436
0.2910850124
0.356742263
0.9803053773
0.9239551093
0.727112526
0.7872202148
0.5600979326
0.6508465366
0.2868432516
0.3103932757
0.7062973688
0.6079592193
0.2870215808
0.3161239489
0.3981172203
0.4360877304
0.4977434887
0.2867923678
0.6528777891
0.7943373434
0.371029951
0.2942105985
0.7441434995
0.3273343686
0.4141980547
0.3036251879
0.2866823707
0.3249588973
0.402911185
0.4951622814
0.4127204904
0.3767893803
0.2931257291
0.2875657584
0.2989752715
0.7200010084
0.6279680182
0.6404435327
0.2889172241
0.4173581393
0.4214878498
0.9145633614
0.6027265158
0.5103187169
0.9842025785
0.2910850124
0.3616314162
0.9504969862
0.3614812148
0.5009802286
0.2866381227
0.3589472786
0.8287731698
0.2868904603
0.2984607267
0.2905874832
0.775378194
0.6338697272
0.2866774738
0.2892394295
0.287425294
0.7711118593
0.5888562612
0.8761107363
0.3852083572
0.2949437905
0.8741690316
0.3093352276
0.4212991662
0.3982934227
0.2971609588
0.5184200893
0.5720710491
0.2979568712
0.2939568065
0.2941595003
0.2866113628
0.2880095229
0.2914464786
0.3874017203
0.3149504501
0.3527046038
0.6994976561
0.8405515769
0.3224329985
0.2866176593
0.6773410717
0.5114100718
0.2880540426
0.308045054
0.2884352372
0.3874017203
0.944048505
0.2881683856
0.5085748597
0.2946781208
0.3537043713
0.3337412742
0.4298790086
0.3308411414
0.5160055588
0.2866118875
0.582497919
0.4312296949
0.4153102487
0.2942618665
0.2867619409
0.4308433527
0.5347830559
0.3054137767
0.3089876561
0.5591964578
0.419229717
0.9743805213
0.4230006042
0.5979496359
0.3975892435
0.9705308452
0.5874931726
0.8217386621
0.5845408751
0.2866124122
0.3478036011
0.9156608535
0.3937465402
0.6948717632
0.2866229064
0.2876592126
0.320828767
0.5057472856
0.2866209825
0.6634596396
0.2867409562
0.5425867867
0.9686968318
0.322541161
0.47062437
0.3314384349
0.3283724813
0.4310364808
0.840730221
0.8946726429
0.9420925116
0.4461577994
0.2878384039
0.8967719117
0.9743805213
