0.2991176048
0.8994027483
0.5973349621
0.5957463655
0.3822041318
0.2905332962
0.8830867122
0.3025907763
0.7442134027
0.7308804708
0.9341397994
0.6132250253
0.4979556197
0.4177601756
0.5267604417
0.3343722923
0.3402211819
0.2963974545
0.490026739
0.7869020597
0.9679100865
0.714767172
0.2880705749
0.4646416346
0.5449828685
0.3523671835
0.3391825858
0.6847546917
0.588714099
0.5964271692
0.9085604818
0.7093427648
0.3005576751
0.6933662467
0.7274640514
0.4522046966
0.8891014729
0.4507946046
0.3452755535
0.5519222292
0.7117326206
0.3265108053
0.3949785557
0.2916661934
0.2872355058
0.8647326089
0.2862041519
0.9780361317
0.2866131948
0.484075256
0.2914904893
0.4644356684
0.6433475114
0.3359948994
0.5358453501
0.3564070675
0.51270165
0.4700199979
0.5685736954
0.3894526774
0.2861003308
0.2918896649
0.5100841594
0.3240325196
0.2923963084
0.2863421515
0.3184639084
0.4414233158
0.4330034911
0.4142252313
0.4249299575
0.6953463549
0.8347890009
0.3096319197
0.4422141783
0.468153241
0.3147532518
0.4522046966
0.5236716326
0.7659758631
0.7136843254
0.4783785894
0.2864876266
0.7001746719
0.3470500461
0.639055941
0.3458191092
0.5952925173
0.8680342832
0.9724312016
0.4461873719
0.2956359395
0.5712833585
0.4889608059
0.3425905589
0.4870455656
0.2954642366
0.3034246263
0.6656058104
0.6510129727
0.3115311466
0.3962019349
0.7722821465
0.3589094154
0.4970950539
0.2936243156
1
0.7825310223
0.2865279152
0.4548330053
0.2860942233
0.5762565362
0.3643297818
0.3833700215
0.2882912529
0.5694766666
0.3042781945
0.2879123374
0.2969412541
0.3014856051
0.8457990082
0.7996327164
0.8107508992
0.3382811612
0.8373015509
0.4634068487
0.3083182002
0.9629805713
0.5821417851
0.8655612308
0.4109079353
0.3660183588
0.5778402534
0.6982015342
0.6905012436
0.5510254797
0.4179471608
0.9240279093
0.7888786634
0.3318022847
0.4601260819
0.2865143115
0.2899209071
0.3373866229
0.4436012346
0.4243591803
0.3023667936
0.6537135571
0.2978776744
0.3455470594
0.3470500461
0.3595035834
0.8969055853
0.4698123219
0.3546631665
0.288828242
0.7338600148
0.4874707894
0.2910631928
0.3706990679
0.2864117527
0.2859903876
0.6523636036
0.5613597787
0.908139882
0.350385851
0.4007908284
0.6736461268
0.4201981916
0.7540289437
0.2861710004
0.2943047621
0.8165961563
0.2872355058
0.9804461606
0.5676709827
0.9477881725
0.968342021
0.2926334133
0.6667244584
0.8788427409
0.6141328716
0.3203451179
0.5434193937
0.3640243812
0.8729222745
0.507255668
0.7876934746
0.6682895437
0.5636121488
0.5449828685
0.4027532812
0.9146301259
0.6604525109
0.3268543208
0.3431231687
0.933048768
0.5780665476
0.3072087121
0.9476795653
0.4255015344
0.3990175568
0.2871136974
0.3294139472
0.324143604
0.2860471062
0.7992451996
0.7509090186
0.8508435492
0.3222755618
0.3477386305
0.807325488
0.3393119213
0.2860385551
0.5037849604
0.30034749
0.510737948
0.2859909111
0.3099882911
0.2860471062
0.7728894089
0.7984693535
0.9763334027
0.4629957946
0.4279875385
0.3603986536
0.7698477271
0.2879906768
0.2963974545
0.2988515829
0.3205571876
0.2910214039
0.2871136974
0.2886430252
0.6653820089
0.2865697714
0.3706990679
0.3660183588
0.5907551359
0.3031191231
0.3872395753
0.595973296
0.2861003308
0.8096116347
0.4958057165
0.3161324123
0.4988169834
0.4016813206
0.8223716816
0.2859966705
0.2866131948
0.5557375745
0.2859930054
0.392374574
0.3838713843
0.3399606953
