0.8959578948
0.2984982814
0.8070084696
0.4730688372
0.32054621
0.8772635469
0.3170607529
0.2888100141
0.3973654041
0.4539373555
0.3914549653
0.4000120167
0.6980496291
0.7898082427
0.7503924986
0.6998116836
0.3769149036
0.6912008513
0.3235494001
0.602276082
0.287515363
0.3620579948
0.6125216436
0.5153028734
0.5686591317
0.3546930738
0.3120777622
0.9657155041
0.567301894
0.8583326303
0.3036299314
0.5706961233
0.4235132484
0.540319294
0.2978132388
0.590670311
0.3559948557
0.9254438737
0.767404984
0.7457665429
0.9552604785
0.2872900789
0.6560843754
0.3234400963
0.6147981587
0.4284755932
0.7663784198
0.4631202646
0.9126284092
0.8363367351
0.2912287846
0.2921300481
0.4929646859
0.2869170284
0.6427454844
0.7996448869
0.5729609641
0.2944352527
0.3151909409
0.5679804354
0.5124564155
0.3849986442
0.3711553776
0.7951405257
0.8632532761
0.290846638
0.3378678234
0.6903148063
0.3843284238
0.8472274882
0.2910738593
0.3139440889
0.6377578789
0.4130356368
0.2983722211
0.2871830113
0.6252647256
0.2910355585
0.8321550092
0.2903405934
0.6758478442
0.3985975528
0.4994178943
0.5190358608
0.4338860002
0.7690444747
0.2930214141
0.3632660958
0.8500350565
0.6991511784
0.4377914216
0.7599819185
0.294231724
0.6978292138
0.6250373246
0.3765908836
0.315775331
0.383660017
0.7838283532
0.3674027199
1
0.2869467809
0.3736960324
0.4842234519
0.3743360003
0.4451029431
0.332292909
0.5245465322
0.5011464739
0.3873586052
0.2969707253
0.308280272
0.2879370718
0.6927501719
0.294231724
0.3238782166
0.8488092858
0.5358593162
0.2959920257
0.9745531869
0.7061797108
0.3746567007
0.9259640607
0.4808381708
0.9026292614
0.3100098264
0.7024504739
0.4680754755
0.5533180981
0.7013516105
0.3516970627
0.2886303343
0.2885805615
0.3040092494
0.8771023589
0.5740939528
0.3129097989
0.3058868114
0.3371077488
0.3439970186
0.7009118112
0.9437367537
0.5528684065
0.438380107
0.3112585532
0.6558588092
0.2898359643
0.2880581924
0.9596458617
0.5797640725
0.980024498
0.3548371921
0.9986657872
0.2893406054
0.3129097989
0.3632660958
0.5863506704
0.2905893888
0.3658600382
0.4327209492
0.485072101
0.4354441466
0.2870713794
0.4722340253
0.4739046667
0.8858363389
0.5799910432
0.3047023271
0.4395596974
0.2878788643
0.6682336315
0.4280917424
0.3926616394
0.5104900826
0.8354311286
0.3573072099
0.3140390594
0.3047801523
0.767404984
0.3054086227
0.2889708003
0.300063097
0.5412127571
0.3743360003
0.3075229356
0.8031452125
0.331571674
0.3188838193
0.3426671164
0.2945896841
0.2872055807
0.3085356146
0.3348583339
0.8365176242
0.3851664819
0.9538962219
0.2898683959
0.2880171218
0.3314519781
0.4842234519
0.2894602878
0.8131317147
0.8986490293
0.5278643132
0.3237684603
0.5974958081
0.3504309902
0.5327449277
0.763496412
0.4804160731
0.454950481
0.3035545593
0.2887062973
0.5562433888
0.9791248853
0.6136599336
0.2888363776
0.6637414161
0.4580007913
0.7255161643
0.8339781467
0.7556183469
0.4165575247
0.3078579185
0.3056469855
0.4046547657
0.2878788643
0.3445328478
0.2878222259
0.4134047326
0.7194683326
0.2900666177
0.4401505964
0.3257670801
0.3504309902
0.2868302144
0.9117896268
0.4772580199
0.9082576286
0.9201552494
0.6084234467
0.460862292
0.3366038776
0.5519693139
0.5686591317
0.3541179147
0.6388919871
0.7478723585
0.4722340253
0.7779940638
0.2872055807
0.2872900789
0.32054621
0.3221402514
0.6431985724
0.8454623109
