0.8112628666
0.3745856051
0.6923975237
0.4472127615
0.7441481903
0.8647695265
0.5119219837
0.3197533935
0.2870169043
0.9673697023
0.3667145579
0.7723693579
0.5455834883
0.369513074
0.4363379037
0.8323622684
0.2888080997
0.6826335237
0.3784702223
0.4190949428
0.3824221052
0.3227261952
0.3971144332
0.3570930972
0.712816344
0.3603417237
0.4581177725
0.5919226329
0.5182778698
0.310571341
0.8939775171
0.5851033873
0.6208251201
0.3753892868
0.460774838
0.3316285733
0.3025322382
0.6676581139
0.3351664008
0.6841908909
0.3692001627
0.299872115
0.9551833925
0.732460068
0.4285863056
0.5034328444
0.3534777733
0.2899117039
0.6799603988
0.9277245521
0.4015350398
0.6812974843
0.7456250249
0.5370940595
0.2998053437
0.9356111411
0.2891688132
0.7270997796
0.9332746343
0.2933891616
0.2916547197
0.4997548889
0.5242261463
0.2891400251
0.3925871272
0.3021685914
0.7238700242
0.5685512219
0.634006372
0.4412508392
0.2877863098
0.2891688132
0.7178148736
0.7554749594
0.3537639813
0.4124044444
0.330318596
0.3174013063
0.3529069421
0.4159202081
1
0.2994082105
0.342205899
0.6631658212
0.4334150483
0.4460147102
0.6399043215
0.2902854979
0.6139986965
0.6482816781
0.2869568938
0.7281741248
0.9981437283
0.2937279895
0.2876071408
0.4272440082
0.9093634239
0.7786540924
0.3972899993
0.3401140616
0.71846524
0.5601937184
0.857314434
0.3234880027
0.5794271397
0.2875734
0.810690077
0.8995167419
0.9744501889
0.536871242
0.9602578532
0.4498180662
0.8923064093
0.3031226267
0.7115088444
0.5060374209
0.2909422096
0.3006863291
0.2945855892
0.2876767157
0.5290932908
0.9050730317
0.2923787421
0.8710761356
0.2910957284
0.5907856084
0.7727765668
0.3688877408
0.5896487608
0.4189074441
0.7854792435
0.2875901832
0.4299329006
0.2868468336
0.3153252649
0.4120363859
0.3416795895
0.3484170075
0.347727885
0.7341692341
0.4111179406
0.5458074554
0.3905222068
0.9524403702
0.7878707674
0.4721444133
0.5071246537
0.5748914918
0.5437927493
0.8341835278
0.2900452099
0.2883806823
0.2867995852
0.3631971618
0.2881092348
0.59760998
0.6387707498
0.286775785
0.2926011157
0.287415166
0.4204100334
0.3035723141
0.735449121
0.9024579769
0.5204775994
0.2868923294
0.3175018734
0.295823944
0.381262604
0.5426744542
0.3286770123
0.3903508401
0.4954463444
0.2942772951
0.3214375136
0.515424303
0.3095126859
0.4247626974
0.3095126859
0.5271000557
0.3514891422
0.2878434604
0.6701248252
0.3181085244
0.3859341118
0.2883104713
0.4542561682
0.7830786035
0.2869901363
0.3366657332
0.8543908904
0.3416795895
0.3190289174
0.871568748
0.3810974206
0.4202218855
0.2878628592
0.699458795
0.3618388756
0.3179056891
0.5125778297
0.8887765975
0.3365400031
0.2887815675
0.6362757771
0.9684514564
0.7234386375
0.4305113192
0.4506222928
0.4868924943
0.2869901363
0.4096535097
0.4520325934
0.548497166
0.3521963821
0.3162065971
0.9737088363
0.569456215
0.8493490067
0.5696825048
0.5606447974
0.7411871048
0.8325447389
0.635821988
0.3687317137
0.5876029206
0.8216498322
0.6516716867
0.8227696531
0.8397803543
0.2965055545
0.3976414484
0.3094255031
0.4363379037
0.7979307149
0.3313890812
0.3305554576
0.4896629463
0.4667444497
0.4898764455
0.3011023921
0.3440654663
0.6178674738
0.4504211226
0.9632705179
0.5739850117
0.2877863098
0.3235974366
0.2886007057
0.8341835278
0.9675510751
0.3336877289
0.4926568834
0.3621398313
0.3523382288
0.3035723141
