0.9684820321
0.892462348
0.5753774965
0.9617922085
0.2933381475
0.5746977176
0.2875446263
0.4178304679
0.3351775442
0.5337975445
0.3170937203
0.8737255236
0.802334515
0.8641428224
0.2867658919
0.9297049753
0.4448684807
0.3270683045
0.5152505729
0.6786165614
0.4600055066
0.4282498894
0.6835156132
0.2987230372
0.8256496192
0.9236496868
0.6564150005
0.5391421628
0.3178998414
0.8906306129
0.7343484488
0.3099346377
0.323597912
0.323269721
0.4651414233
0.4692806707
0.4223433255
0.4835446274
0.3384546259
0.3727023388
0.2917641455
0.3597737588
0.2875446263
0.2919334187
0.3659746993
0.3712755937
0.3574119039
0.2866801734
0.3950570033
0.3678293968
0.5045641547
0.5137174769
0.628343644
0.6640658507
0.8784076389
0.8425336169
0.5176638636
0.2941273349
0.3888527534
0.2876520916
0.3134006051
0.8811179341
0.3277565447
0.4901383454
0.6990029815
0.6167493172
0.5853603964
0.446862221
0.6030965642
0.8412861238
0.2909589861
0.2866796485
0.5143742639
0.6979021886
0.339999422
0.9855495404
0.3426189103
0.7272844306
0.3303255758
0.6362881129
0.6892866533
0.4257624883
1
0.6855156432
0.3045418221
0.6714665848
0.9505051143
0.3744593465
0.4873666647
0.3553724558
0.3760691329
0.8619556371
0.7394535749
0.7970749436
0.4111628007
0.2877853981
0.3473360712
0.6832932369
0.3329654776
0.2921924711
0.4021127793
0.7510445008
0.3933195098
0.2866791237
0.5869504744
0.4946350553
0.5220642045
0.2883552322
0.2972312138
0.3169936516
0.3962796112
0.8157361953
0.8719303607
0.7212520483
0.3119133721
0.6160668521
0.3917649838
0.948867392
0.6906154085
0.3443513616
0.410429657
0.3530730457
0.5002342427
0.3148314663
0.308887841
0.4608243423
0.3059668429
0.5391421628
0.2915153826
0.3073609448
0.3022116576
0.5043472028
0.6728092769
0.4344354346
0.5496581113
0.4412996211
0.4987234014
0.3125590652
0.8161140051
0.5126236877
0.3435488685
0.3082027909
0.3071115329
0.7033971851
0.4462632804
0.7891939053
0.9543396292
0.2866869962
0.9002468816
0.2878858433
0.4869410862
0.9917664909
0.4379529784
0.4137410416
0.2893078117
0.3166943758
0.5790050096
0.7606164009
0.3461070631
0.3275265383
0.2887107534
0.3632262428
0.2866950436
0.2982150506
0.2889855301
0.5586526179
0.2867001169
0.610378582
0.2866950436
0.2892178374
0.3909051602
0.4801630091
0.9929982895
0.4267174103
0.5636145628
0.8663157064
0.6297064232
0.970414571
0.2916389917
0.2897810525
0.2888185821
0.2901181597
0.3574119039
0.8086952335
0.2882365146
0.8740507876
0.3614165664
0.2903287125
0.2971112534
0.7889955428
0.4130024686
0.4848165845
0.6505487169
0.2867452504
0.2950671761
0.3240376098
0.3025034645
0.3817957553
0.7704783648
0.8948841622
0.9385521005
0.3866472717
0.2931950302
0.7027389837
0.5717535067
0.7151858405
0.2887913646
0.4924908274
0.7682300648
0.2867274072
0.3346819439
0.3481615207
0.4115299578
0.2867090388
0.8011699812
0.7714979689
0.5154697554
0.2867090388
0.7783916376
0.30142278
0.5990009975
0.287138746
0.5002342427
0.2929599137
0.5476397279
0.8077363413
0.4001557787
0.3327225792
0.3033946589
0.7735327297
0.3876628521
0.2877272212
0.2868934028
0.5258166749
0.6028690129
0.4213987701
0.2876155725
0.4165243153
0.2879272405
0.7058077236
0.9680355067
0.2873951987
0.9200724326
0.6028690129
0.2869992088
0.318102917
0.3836247636
0.9254762999
0.6835156132
0.9383134321
0.5629373665
0.2888735376
0.5851332791
0.3817957553
0.4753288341
0.3492696878
