-5.8703e+00, 2.1783e+00
 4.0678e-01, 1.1671e+01
 8.9957e+00,-9.3568e+00
-4.4593e+00,-1.2261e+01
 1.1845e+01, 3.2681e+00
 1.1878e+01,-9.9680e-01
 1.1743e+01,-6.8322e+00
-7.0707e+00,-1.1436e+01
 7.5050e+00,-3.4754e+00
 3.3742e+00, 1.0466e+01
-8.1962e+00, 6.4533e+00
-5.1203e+00, 8.4016e+00
 1.5821e+01, 7.0879e+00
 3.8002e+00,-5.6648e+00
-9.1185e+00, 1.0517e+01
 6.4436e+00, 7.4081e+00
 1.2716e+01, 8.0073e-01
-1.7206e+01,-2.8393e+00
-5.6768e+00,-6.8659e-01
 1.0441e+01,-9.8515e+00
 1.0554e+01,-4.8201e+00
 9.5227e+00,-7.0259e+00
 5.8896e+00, 5.9889e+00
-5.2204e+00, 6.2976e+00
 2.4460e+00,-1.4413e+01
 1.3363e+00,-1.0969e+01
-2.0432e+00,-5.5220e+00
 1.1269e+01, 4.9948e+00
 1.7274e+01, 1.0792e+00
 8.1780e+00, 2.5518e+00
 1.3572e+01, 5.0475e+00
-7.6840e-01, 5.4723e-01
 3.4063e+00,-1.0652e+01
-1.1019e+01,-5.6000e+00
-4.1715e+00,-5.5104e+00
-2.8677e+00,-2.4925e+00
 4.1457e+00,-8.5353e+00
-6.8558e-01,-7.4636e+00
-2.8399e-01,-1.2961e+01
 7.5955e+00, 1.3167e+01
-5.9864e-01,-1.6347e+01
-1.8588e+00, 1.3933e+01
-2.8602e+00,-1.6410e+01
-9.5834e+00, 1.4228e+00
 6.0050e+00,-1.3166e+01
 1.6353e+01,-4.7977e+00
 5.8472e+00,-5.5363e+00
-8.0553e-01, 6.4708e+00
 1.0190e+01, 3.6426e+00
 5.9837e+00, 1.2627e+01
-6.0448e+00, 9.6430e+00
-1.5022e+01, 7.4780e+00
-1.6346e+00, 1.9533e+00
-3.2399e-01, 1.4703e+01
 2.8705e+00, 1.4717e+01
 1.2752e+01,-1.1969e+01
-3.3757e+00,-5.3682e-02
 7.7717e+00,-8.6484e-01
-6.9743e+00,-1.7592e+00
-1.4173e+01, 9.9787e+00
-7.6274e+00, 1.1107e+01
-1.1307e+01, 6.4259e+00
-1.0059e+01,-8.0244e+00
-1.1633e+01,-2.1349e+00
-6.8375e+00,-1.3512e+01
-9.4374e+00, 5.3468e+00
 5.1185e+00,-2.8612e+00
 1.3966e+01, 1.0164e+01
 6.2485e-01, 1.8772e+00
 1.4436e+01,-1.0084e+00
 9.4612e+00, 1.0175e+01
 7.8189e+00,-1.3303e+01
-5.1768e+00, 4.2266e+00
-3.1596e+00,-9.1440e+00
 2.3923e+00,-7.8198e+00
-2.0790e+00,-1.2481e+01
 3.5175e+00, 3.4453e+00
 1.3006e+01, 8.8227e+00
-1.1751e+01, 8.1560e+00
-4.8191e-01,-1.4520e+01
-7.5743e+00,-5.5628e+00
-1.3200e+01, 4.9953e+00
 2.0699e+00,-1.2242e+00
-1.8092e-01, 4.2513e+00
 3.9192e+00,-4.6377e-01
 1.0419e+01, 6.5890e+00
 1.7190e+00, 1.6791e+01
 1.4526e+00,-1.6133e+01
 1.0487e+01,-1.6251e-01
-1.3130e+00, 1.7321e+01
-5.8570e+00, 1.5670e+01
-3.3690e+00, 6.3771e+00
 1.3824e+01, 7.0821e+00
-5.8875e+00,-6.7178e+00
 9.0796e+00, 8.8636e-01
-6.5270e+00,-8.5334e+00
-1.4046e+01, 4.1846e-01
-1.9888e+00,-6.6984e-01
-1.5544e+01, 7.2033e-02
-2.4131e+00, 8.2876e+00
-3.0778e+00, 1.4329e+00
 2.1197e+00,-3.7451e+00
-5.1006e+00,-1.0738e+01
-1.4573e+01, 5.7366e+00
-1.0196e+01,-6.1396e-01
 6.2094e+00,-9.2695e+00
-8.0805e+00,-8.5918e+00
-2.0614e+00, 3.3927e+00
 5.8832e+00, 4.1696e+00
 8.5206e+00,-1.4949e+01
-9.6711e+00,-2.7578e+00
-1.0711e+01,-9.4779e+00
-1.0685e+01, 1.0109e+01
 1.3907e+00,-5.8658e+00
-1.4952e+01,-2.3250e+00
 1.4846e+01, 4.2468e+00
 1.0631e+01, 1.3836e+00
-1.2343e+01,-7.7234e+00
 1.3500e+01,-7.0465e+00
 1.5833e+01, 2.9695e+00
 1.1891e+01, 7.7772e+00
-2.4036e+00,-7.1093e+00
 9.5063e+00,-3.3865e+00
 1.1965e+01,-9.5994e+00
 7.5869e+00, 8.7964e+00
 1.5558e+00, 3.5409e+00
 7.0217e+00,-6.6819e+00
-4.7031e+00,-1.5563e+01
-6.7410e-01, 1.0424e+01
-1.6010e+01, 2.5414e+00
-1.6139e+01, 4.4971e+00
-5.2257e+00,-1.4136e+01
 2.2249e+00, 1.3169e+01
 2.3743e+00, 5.2536e+00
 1.1118e+01,-1.2682e+01
 1.1225e+01, 1.0232e+01
-1.3042e+00,-1.0113e+01
-3.3202e+00,-1.3405e+01
-9.7733e+00,-4.5615e+00
-1.2280e+01,-7.7806e-01
 1.4758e+01,-5.4273e+00
-1.0059e+01,-1.3207e+01
 3.6477e+00,-1.2533e+01
 5.6469e-01, 5.7890e+00
 1.6676e+01,-2.3480e+00
 5.5197e+00,-1.5240e+01
-7.4799e+00, 4.9524e+00
-1.2355e+01, 1.1936e+01
 8.0047e+00,-4.9397e+00
-1.3475e+00,-2.3569e+00
 7.2109e+00,-1.1613e+01
 1.1074e+01,-3.2555e+00
 1.6252e+01, 5.0795e+00
 6.7168e+00, 1.5081e+01
-1.3992e+01,-4.0099e+00
-1.1800e+01,-1.2140e+01
-1.5136e+01,-5.8642e+00
-1.2024e+01, 3.2865e+00
 5.4291e+00, 2.5868e+00
-3.9205e+00, 1.2944e+01
 9.0761e+00, 1.2289e+01
-2.6128e+00, 1.2179e+01
 1.5085e+01, 9.6754e-01
-2.0884e+00, 5.3568e+00
-7.2053e+00, 2.2006e-02
 4.2764e+00,-1.6461e+01
-9.6536e+00, 1.2751e+01
 1.3421e+01,-3.6169e+00
 1.8561e+00, 1.0175e+01
-1.6033e+01,-4.0284e+00
-9.1814e+00, 3.5989e+00
-7.0130e+00, 1.2898e+01
 8.9305e+00, 1.4747e+01
 1.6935e+00, 7.9187e+00
 9.2047e-01, 2.8595e-01
 9.0206e+00,-1.1001e+01
 4.7589e+00, 8.4500e+00
 5.0342e+00, 1.4393e+01
 3.9223e+00, 1.6453e+01
-4.2913e+00, 1.1014e+01
-7.8553e+00,-3.6440e+00
-1.3025e+01, 6.6541e+00
-5.0731e+00,-4.2311e+00
 1.6643e+01,-7.1660e-01
 1.8841e+00,-9.5076e+00
 1.4968e+01,-7.7204e+00
 3.3341e+00, 1.9025e+00
 1.5073e+01,-3.0830e+00
-1.5286e+01,-8.3620e+00
-1.3714e+01,-8.8043e+00
 6.9165e+00, 1.1195e+01
 1.4502e+01,-9.1637e+00
 3.8949e+00, 1.2034e+01
-4.2278e+00,-7.0606e+00
 4.1549e+00, 6.2344e+00
-1.4540e+01, 4.0786e+00
-1.2907e+01,-5.4721e+00
 4.3706e-01,-4.2918e+00
 1.2114e+01, 1.2026e+01
 8.9488e+00, 7.9855e+00
-1.2395e+01,-1.0407e+01
-9.5797e+00,-6.3113e+00
-1.3373e+01, 2.3059e+00
 1.0638e+01, 1.2699e+01
 8.7155e+00, 6.2422e+00
 5.6748e-01,-1.7351e+01
-7.4476e-01, 1.2803e+01
-6.7468e+00, 7.0202e+00
 5.5498e+00, 4.8706e-02
-3.6587e+00, 3.7218e+00
 5.3265e+00,-7.1256e+00
-6.3600e+00,-3.2797e+00
-3.3684e+00, 1.6479e+01
-8.3911e+00,-1.3703e+01
-3.2415e+00, 1.4846e+01
-9.8805e+00, 1.4241e+01
 9.4932e+00,-1.2655e+01
 3.9002e+00,-3.7830e+00
 1.3228e+01,-1.9252e+00
-5.7740e+00, 1.1421e+01
-8.5748e-01, 8.3563e+00
 4.9007e+00, 1.0271e+01
 4.8161e+00,-1.1435e+01
-4.8777e+00,-8.8533e+00
-1.7118e+01, 4.5787e-01
 7.5490e+00, 1.0052e+00
-7.9253e+00, 9.2780e+00
-9.8549e+00,-1.1333e+01
 8.1240e+00, 4.5110e+00
-7.9660e+00,-1.0134e+01
-1.1460e+01, 4.8526e+00
-1.7285e+01,-1.1077e+00
-2.1896e+00,-1.4907e+01
 1.0098e+00,-2.7037e+00
 1.5194e+01, 8.5158e+00
-2.9699e+00,-4.3337e+00
 7.4398e-01, 9.1477e+00
-8.1166e+00, 1.4844e+01
 6.5539e-02, 1.6506e+01
 1.6266e+01,-6.3946e+00
-2.7628e+00, 1.0427e+01
-1.1329e+01,-3.7466e+00
 2.4726e-01,-9.3475e+00
-8.1954e+00,-1.5324e+01
 3.3595e+00, 7.8587e+00
-1.1639e+01, 1.1279e+00
 1.6527e+00,-1.3056e+01
-7.5905e+00, 2.0699e+00
-4.4024e+00,-1.5534e+00
 1.1629e+00, 1.4330e+01
-1.2582e+01, 9.6142e+00
 1.0970e+01,-8.1271e+00
 1.4390e+01, 2.3912e+00
-6.7970e+00, 3.6052e+00
-9.5538e+00, 8.6252e+00
-1.3992e+01,-1.1331e+00
