0.379115713
0.6002637651
0.648836676
0.3357407505
0.9837614665
0.4988806811
0.2866947591
0.3182338146
0.2949051229
0.3444306928
0.4492188001
0.7301004012
0.6225474799
0.3673172008
0.5408537857
0.7279579408
0.3862661419
0.8057557193
0.2933701477
0.7466475895
0.3712296438
0.4909370707
0.2886873365
0.5134353391
0.312480228
0.5893534351
0.301399106
0.3120176924
0.6533500349
0.2904965534
0.4390868723
0.7987847259
0.2866870674
0.5605987795
0.797614344
0.885195644
0.3349934619
0.8904475044
0.3702837136
0.3104746651
0.6245921416
0.4877374356
0.2988168354
0.3143697231
0.3877891755
0.2972490725
0.3376314254
0.9094047091
0.3898338509
0.5961710642
0.6066317681
0.6325373193
0.3912057559
0.365006604
0.3453745953
0.9566003968
0.893638806
0.2966512802
0.3050010574
0.3037585057
0.3321767842
1
0.8834742139
0.8057557193
0.3316947339
0.4706851009
0.5323938675
0.9971464807
0.3128530957
0.9016583223
0.288421383
0.3342513311
0.8906003844
0.4922203474
0.289855935
0.9810763222
0.5253069804
0.707169374
0.2870879849
0.587536426
0.7386233352
0.8319892659
0.6427329758
0.5308405609
0.3363674187
0.3946658987
0.2982404062
0.2865216772
0.4051192702
0.8902945334
0.5086334749
0.5233204479
0.2874576117
0.3787882984
0.6102707892
0.3471453114
0.8071008436
0.4207903603
0.6791351455
0.2979260125
0.8181131621
0.6225474799
0.2865977331
0.2869198832
0.496726784
0.294118535
0.4010013304
0.6184566378
0.3002142835
0.3446996938
0.918897194
0.3066950419
0.644316511
0.6250464323
0.3002142835
0.9624169782
0.9068532528
0.5381773636
0.2881727872
0.6266362069
0.4334192782
0.4125913432
0.28897063
0.8214815261
0.47318607
0.392584631
0.3545995956
0.3067774881
0.6933302653
0.9039822606
0.4733948975
0.2969480775
0.2868966397
0.2914788212
0.3786247655
0.8734082526
0.2880550037
0.2914374692
0.7708705652
0.5558699907
0.2897211659
0.4478161118
0.4713094796
0.9138641541
0.4322554805
0.3528791351
0.2868207877
0.2886057289
0.4013572638
0.7466475895
0.3299077993
0.4266741994
0.3758625927
0.3946658987
0.3860974738
0.8660063773
0.7875699884
0.3016131478
0.3951886272
0.5261908474
0.7833852099
0.7001578553
0.2886599606
0.5417468778
0.7283867991
0.3592792995
0.3957123147
0.4845503193
0.3290851615
0.3047649019
0.7058576383
0.5435344487
0.2947447548
0.2874757742
0.2868740946
0.4031430915
0.4877374356
0.9426064705
0.4700613029
0.9636486651
0.2874396236
0.2874041699
0.8592820587
0.2867026256
0.7708705652
0.5233204479
0.6764599429
0.7221507745
0.4017136089
0.3025577879
0.5191368202
0.7604053454
0.5116867554
0.739047461
0.2921196696
0.6291336009
0.3254166594
0.315729643
0.5859469748
0.340722662
0.3097644191
0.4873117553
0.7837849627
0.3366190834
0.4078336843
0.286771847
0.3698123862
0.3224402324
0.9692727409
0.7003775364
0.497372422
0.8177374399
0.3229831434
0.7901464413
0.5399611648
0.4307085345
0.2866257058
0.8128267777
0.5923070718
0.5820887728
0.382249201
0.354311538
0.3825814522
0.3052386763
0.6268632856
0.3456455136
0.4414523017
0.2876870558
0.3120176924
0.4355608114
0.8277786775
0.6248192907
0.6565049617
0.3931034955
0.9571076689
0.3031529048
0.2875884066
0.2993405515
0.5237616373
0.5388460616
0.4094730702
0.5169406483
0.7165286614
0.3348694148
0.7121847281
0.4472161092
0.5451000549
0.3200964694
0.6195931637
0.5448763137
0.7232286138
0.9561926749
0.4412547386
0.7097886762
0.2868852799
0.745806374
