0.5500665947
0.7600418953
0.3923430188
0.379855804
0.6015612488
0.4760316763
0.6457187583
0.2874176363
0.5393471174
0.6648118269
0.5868213036
0.750101327
0.4951183948
0.2877110843
0.3131462766
0.85195134
0.3540456651
0.2896600717
0.3393941927
0.8948092925
0.3597631157
0.35991228
0.3284207075
0.677522864
0.3077279506
0.3597631157
0.3615614434
0.30140111
0.2964830059
0.3123910123
0.6344289263
0.5648956068
0.7322027371
0.75818769
0.5393471174
0.3417498521
0.9259762339
0.3074720471
0.3034973475
0.3025832745
0.2920575312
0.8107077207
0.3170721258
0.306546075
0.3549124846
0.3007545914
0.491478976
0.3972235286
0.5558972524
0.8486696057
0.9479437652
0.5236192263
0.4110608294
0.4374563409
0.3388768407
0.9465326082
0.7540511673
0.6011074744
0.3500629443
0.3039631765
0.9536164802
0.4685308124
0.8413117782
0.9906380162
0.83489372
0.4451583183
0.447152422
0.3266841234
0.3970477996
0.2884624757
0.3073022452
0.5192208702
0.285907402
1
0.6846194321
0.2859173439
0.298828577
0.5541015517
0.6781894436
0.4756128415
0.9637641712
0.3136234026
0.4487532098
0.633750478
0.2916478203
0.8223134531
0.3007545914
0.2916478203
0.731351691
0.7641459837
0.6222028347
0.2981074378
0.6339766392
0.8951063545
0.3826703097
0.647521623
0.2859707138
0.9542278766
0.4509621725
0.3016927204
0.3058029236
0.2914701598
0.3531835444
0.3061316033
0.4018288867
0.3460479167
0.2875368738
0.2940450244
0.5236192263
0.3003309806
0.3894208018
0.9557397397
0.8574114487
0.5977044495
0.2880294705
0.4429737562
0.4054184339
0.3123910123
0.428148255
0.2872802731
0.4039777775
0.3333349178
0.7986352628
0.9788180175
0.8221284945
0.4194156819
0.3887377874
0.5135265488
0.6826266148
0.4863671737
0.4891321863
0.6712894278
0.3106375658
0.6054185135
0.4664619507
0.3841736121
0.4349163134
0.3192320191
0.7544658064
0.559942594
0.2893397468
0.3460479167
0.3207093461
0.8269131759
0.3470067081
0.873435455
0.4388297824
0.4627547065
0.7398275233
0.28900018
0.4586614046
0.8931688549
0.5694057974
0.2867044422
0.9250853283
0.3405663963
0.7061443326
0.4808655863
0.286312474
0.9768678597
0.7026534682
0.4833999864
0.7505180103
0.5333465239
0.7427754518
0.3393941927
0.3110019844
0.2872139331
0.7939648795
0.7708672365
0.3309072834
0.2866701158
0.3472818638
0.69739933
0.5484995523
0.7163404767
0.6031495048
0.2864639515
0.3429444999
0.9025557661
0.5585934
0.8372230597
0.2900323162
0.5119982283
0.7990227134
0.3815074074
0.4695676844
0.4621389565
0.3228712891
0.489345262
0.5746002014
0.2862155409
0.5671498693
0.3222163745
0.6389490584
0.6897006515
0.2942586786
0.2900323162
0.2865089184
0.2872802731
0.3034202785
0.662797393
0.9475114359
0.2925770181
0.3684653279
0.4149360118
0.3627704103
0.2858414686
0.6366896327
0.2876353832
0.5920345287
0.4629600926
0.3584263627
0.4743578091
0.8429003346
0.4838231915
0.4806547636
0.4931897684
0.7833180721
0.4021860211
0.2934202912
0.7943555475
0.5945289464
0.2886465605
0.3796912737
0.2860638409
0.2892018536
0.2865873429
0.3606600034
0.5784441409
0.8441314208
0.3211369031
0.9947036377
0.2893746504
0.3426780585
0.3675303847
0.4987725954
0.935452612
0.5313514616
0.2858510624
0.6603327926
0.8793333295
0.4519692276
0.3770744854
0.285998967
0.9180499485
0.9096214255
0.6502238585
0.6978379713
0.4658425743
0.3461844811
0.6208428596
0.8907629097
0.6892594813
0.3132413892
0.2869641935
