0.8454727153
0.9760934535
0.3284898505
0.2877620298
0.8045604283
0.5258802869
0.7871035968
0.5131231433
0.6363650895
0.9341839981
0.7185266193
0.3412125598
0.9200498609
0.6684109501
0.2879620733
0.3023209321
0.4167610388
0.6052177996
0.4656104669
0.9209849647
0.3379850915
0.381510844
0.2870029722
0.2875968899
0.7507165563
0.6827085115
0.3110420372
0.7437762273
0.5133419277
0.7788891819
0.4602657854
0.3772486497
0.3397816501
0.2909174428
0.9654164481
0.9147525804
0.3246298849
0.4549686041
0.3065723079
0.4265778483
0.3188571075
0.367873896
0.9146148132
0.5241128478
0.8718721083
0.3097960471
0.7500879547
0.5639085453
0.3182431818
0.5380922965
0.2967913061
0.3466938649
0.5445701748
0.8898174605
0.4946948951
0.2919687361
0.407199248
0.7807013298
0.4208840471
0.3221169553
0.3204161176
0.4874256251
0.5133419277
0.9799229728
0.3046564585
0.4165747054
0.6782525479
0.6399926478
0.3490340575
0.2959844635
0.9144769494
0.628192471
0.7575994534
0.3937137737
0.3167326887
0.3212616636
0.6641461878
0.3268796187
0.3956281955
0.5702382027
0.3841724456
0.4171339884
0.798930234
0.3495903639
0.6120454818
0.6648201318
0.2946260228
0.7528084566
0.5089745411
0.2921842108
0.4951244235
0.4010922923
0.2878006448
0.2963262083
0.3610106677
0.8901247904
0.3713205097
0.9992687862
0.7592591192
0.7517631698
0.440563354
0.3947563976
0.5571433227
0.4214497499
0.4489180117
0.2952107033
0.3223322969
0.4707925839
0.3460130427
0.5711435217
0.7615353616
0.2967913061
0.3034313629
0.5965708291
0.3143886219
0.7528084566
0.8554126729
0.8401363945
0.3114945894
0.933196785
0.2868303247
0.4319641937
0.84120935
0.9711359251
0.5940687426
0.2868119557
0.4608800918
0.2993435008
0.2998742282
0.3061654621
0.6668407133
0.3332492658
0.8505628403
0.8985813571
0.6120454818
0.2870234355
0.9578506659
0.4565933311
0.4290701407
0.6195537344
0.3041153302
0.3623629609
0.7571839866
0.353687524
0.3141973457
0.8290693957
0.3189599672
0.2876323673
0.2868434451
0.3868630523
0.2891063165
0.374344303
0.3008285846
0.2932305002
0.5153129067
0.4714171879
0.3826716996
0.347240974
0.6650447339
0.2869111432
0.8566150725
0.8697356757
0.5508469642
0.6150037298
0.2895903917
0.7052360615
0.3206265885
0.5111560334
0.2872123022
0.6531111453
0.2867505476
0.5564678459
0.5199249409
0.7202583563
0.8383418612
0.2964993568
0.6580717616
0.2910716168
0.3251867115
0.9338145492
0.4747581169
0.9698352166
0.2872526928
0.528535845
0.8458259277
0.3149662097
0.4145312936
0.9664309788
0.8340032396
0.2916328938
0.6088593001
0.4483166855
0.309011573
0.2878202136
0.5614258358
0.5113744266
0.3912960949
0.2881570009
0.4108457306
0.2870339293
0.4298399813
0.427918003
0.2929024924
0.4395781087
0.7961918879
0.289373153
0.2917575478
0.2870445979
0.7496686241
0.6715478173
0.7540610377
0.3568697723
0.626601914
0.9952523555
0.6677381358
0.3737041171
0.4362436
0.2883183559
0.3587797919
0.7376316457
0.2901879223
0.4041310924
0.9701844615
0.586794274
1
0.2867143304
0.3342290717
0.3725883991
0.8684137192
0.612955758
0.2867138055
0.3458772876
0.2868644374
0.2952648726
0.7536437251
0.2970874618
0.6508533015
0.6569451837
0.4797994106
0.3054433553
0.3830044019
0.4113960942
0.3163357791
0.6415786487
0.9211181593
0.2870554411
0.6807047551
0.2876503676
0.542333644
0.4064747151
0.2868119557
0.5254382042
0.3187544016
0.9653235723
0.3628160051
0.444723332
