0.9386059931
0.3710351561
0.2932879917
0.3198782452
0.4605768687
0.5945908413
0.3068794569
0.2906649793
0.5568658388
0.3083318831
0.4391011469
0.6976444911
0.9721377135
0.9936871881
0.3303370843
0.3184162446
0.4476280053
0.4673659471
0.8359177868
0.3641918751
0.2876826336
0.4761091442
0.3428494163
0.2858783496
0.5654148961
0.4379230199
0.5964048512
0.7716660001
0.597538732
0.898976962
0.3189349566
0.2858600416
0.5133841702
0.307301841
0.3474611957
0.3291511323
0.4138947519
0.8635449062
0.4949811199
0.6118286062
0.4268801868
0.4274544751
0.2956893756
0.7109478962
0.2858281323
0.2951149707
0.8228243484
0.6861984149
0.2975130962
0.3776211751
0.8447740863
0.5943641093
0.2857622171
0.2863845275
0.3024242898
0.8407247319
0.2901834253
0.3707189949
0.2953427169
0.570827574
0.2909997069
0.3910275194
0.4027898021
0.2869650772
0.8859431009
0.7557057411
0.845474009
0.7334868214
0.9062904494
0.9356690617
0.6380944055
0.469022666
0.33775519
0.6998349364
0.4524488676
0.3891419621
0.5819036605
0.7984138359
0.961281783
0.6697652198
0.286124856
0.3552491278
0.3598124919
0.3084187578
0.485595748
0.6152302249
0.5309826937
0.2914334947
0.9222573543
0.2861476896
0.7383563535
0.2859426859
0.6376426716
0.5122926035
0.4466291215
0.3833980217
0.7113816277
0.7688272803
0.4558893201
0.2893294853
0.8233777329
0.3130594547
0.3646509148
0.9522216541
0.3322647943
0.7970560079
0.5023017385
0.701147459
0.3893128323
0.5090243281
0.5604620264
0.4181747758
0.4735997812
0.3463619583
0.313824518
0.3979933632
0.3121172036
0.4932670537
0.3238849939
0.6619419209
0.298219413
0.5320902612
0.7294450439
0.3721454965
0.5575397222
0.3994067155
0.510112669
0.2970741121
0.3267082573
0.7696395293
0.957550768
0.2893647232
0.8760767718
0.3683631684
0.3729421799
0.2868069625
0.9343566785
0.678001411
0.9858281886
0.3191435099
0.2867320731
0.3768074209
0.9419327856
0.8972206888
0.3506693008
0.3459519726
0.2859934189
0.5755707692
0.6686494415
0.3001078651
0.5961780859
0.2877609105
0.3115593849
0.2901055652
0.2950584545
0.5954978133
0.7955001715
0.3505283527
0.2897265574
0.6385460858
0.4448359643
0.4750625006
0.2863130829
0.2947228902
0.3390412095
0.3740625272
0.2928865172
0.7757009408
0.286904482
0.4172401327
0.7469714648
0.3869306256
0.751350411
0.5155704351
0.2882338834
0.783100892
0.7688272803
0.4454329892
0.4763186559
0.3549589679
0.5787360964
0.7496849928
0.2871783421
0.4552806633
0.3234419079
0.3094736712
0.3523709894
0.2858600416
0.2866777303
0.3382679153
0.4593504545
0.3390412095
0.417987662
0.3506693008
0.814631847
0.8217155724
0.6362871545
0.5982191002
0.2869856228
0.3344775335
0.6159104459
0.7128984099
0.6043433002
0.5526024674
0.3225629254
0.2922100702
0.3181068518
0.6934728794
0.3849059667
0.2880050839
0.4969133534
0.2890876371
0.9832879222
0.3781108213
0.6547648165
0.304988247
0.8909687159
0.4166804612
0.4603722931
0.2863130829
0.6322179345
0.7694365557
0.3898260972
0.2864448147
0.286233092
1
0.4103968687
0.6118286062
0.5966316203
0.4414660939
0.3336115065
0.8559868984
0.3218017025
0.6943521575
0.3068794569
0.3842346472
0.4544701279
0.8817580257
0.8871705122
0.2885044965
0.8786159517
0.2857888977
0.6664160073
0.5812247221
0.2871125408
0.6739992546
0.4583303586
0.5223733443
0.3022745969
0.2925925349
0.2858600416
0.9033087034
0.3139208531
0.9375560356
0.6565611151
0.3797504865
