0.9040461631
0.3078864228
0.4169885021
0.3425094774
0.3544554323
0.3106369878
0.4194219059
0.8261853494
0.5876632181
0.2860228467
0.5111116851
0.6268613391
0.8412774757
0.6601995015
0.4662577927
0.385178195
0.4609128728
0.8569949189
0.3027706513
0.5366492984
0.3810060865
0.6698071593
0.6064725533
0.5786131175
0.7620408235
0.2977805473
0.6218816278
0.2872837916
0.4882760517
0.3356499987
0.5437734416
0.4733141611
0.4974732338
0.6433480901
0.2877484951
0.5704833175
0.2995115431
0.9352234025
0.3407907721
0.373196413
0.434144322
0.5238188204
0.3517315352
0.3681410147
0.7938514399
0.5727398564
0.4190465237
0.2899694283
0.4974732338
0.5255816773
0.8348763578
0.6234664989
0.7758359129
0.3211762198
0.351022594
0.9531847933
0.4398197319
0.3422435454
0.7920934926
0.9223473456
0.4623474024
0.3246947342
0.9825060422
0.3476658335
0.3494745621
0.402904923
0.5306624669
0.2856818936
0.7542158025
0.9334333497
0.5596744858
0.3326740303
1
0.375285016
0.809804865
0.304009162
0.3190554821
0.8901298102
0.3682971276
0.7885616228
0.7068281976
0.3783731814
0.286303233
0.778041401
0.3518737187
0.2883614167
0.2982355659
0.2864520928
0.5838151228
0.4594817086
0.2856229914
0.3121160543
0.3144098284
0.6327407091
0.541989665
0.2964644033
0.2975241915
0.2871413523
0.287859371
0.3692363525
0.3162892107
0.9287969052
0.2968949516
0.7673475894
0.3777195562
0.2861266536
0.4770792311
0.319685332
0.6451504142
0.2942158451
0.4119849361
0.2860477547
0.6575107027
0.8215896752
0.3072864847
0.8752296331
0.7272993058
0.8558099714
0.3150957333
0.4861512623
0.3044843115
0.3178122442
0.5657495627
0.4963989082
0.4961841934
0.2988325304
0.5061114211
0.8747507873
0.6406427409
0.3184311147
0.462142265
0.3312169928
0.2876671529
0.3177096345
0.6853428352
0.8943185063
0.2873822144
0.7081321876
0.3183275875
0.2880018528
0.7141984351
0.4592775335
0.287973011
0.5560811237
0.8917839551
0.548463986
0.9830074801
0.4190465237
0.5284511834
0.7940464361
0.9864289751
0.806194887
0.2861404122
0.28594115
0.6588554913
0.2855898787
0.5983116445
0.8287384017
0.4142002499
0.4959695289
0.7998651614
0.2909955725
0.9168430105
0.9879457094
0.385852232
0.375285016
0.4243348738
0.2864520928
0.3775564392
0.7560763482
0.8616937289
0.3513057748
0.3687661946
0.3278983902
0.6729252853
0.2873822144
0.2992379552
0.6476268925
0.6428973508
0.5141665128
0.9750412568
0.3533027748
0.2926604907
0.4574431004
0.4619371956
0.4184841385
0.7081321876
0.2913020268
0.3434445628
0.3177096345
0.7513128537
0.3534464006
0.5835888407
0.8963857522
0.3310965105
0.4158706732
0.4162429099
0.5163535143
0.9455903139
0.4674976262
0.7691753726
0.551373235
0.415127323
0.3514475632
0.3105458844
0.6943725726
0.2874324643
0.2892611611
0.4188589701
0.2907817961
0.4220597829
0.5397624697
0.9050381573
0.28594115
0.4463597669
0.3035398471
0.729644046
0.6554921005
0.503079446
0.2858880164
0.9461351865
0.8768200714
0.6901949754
0.2986320514
0.2867514674
0.9436073151
0.6795889444
0.3051269007
0.2858033437
0.319685332
0.7440098703
0.7695808975
0.353590157
0.6507757292
0.8223281167
0.4351179193
0.2856264768
0.3698649222
0.2886149223
0.3126810649
0.6622140169
0.3787006869
0.3096435392
0.3970495821
0.3773934381
0.3441165867
0.4541960446
0.7328322969
0.6119129412
0.3457433347
0.2865048398
0.4106990249
0.2869830557
0.8546209551
0.945481028
0.8402177048
