0.3368440853
0.4898888932
0.7249932628
0.8089173734
0.2862836767
0.7548022162
0.3301066702
0.8656194103
0.9599809555
0.6315585779
0.5515905678
0.2874081385
0.2865153003
0.963968128
0.4330592566
0.3331151196
0.6892205907
0.3597233761
0.9608512268
0.3013626115
0.3737827108
0.4999757359
0.4317029183
0.2898223245
0.7753004017
0.2914458615
0.3653163306
0.9801903748
0.3582415496
0.3246988656
0.4622378169
0.9367803706
0.3939904053
0.2864064842
0.6774577666
0.4303507645
0.7877090443
0.5154156037
0.8272748285
0.4915976467
0.5134460633
0.3809385005
0.42081749
0.2937723142
0.3128742936
0.611808976
0.2863937327
0.5390668826
0.5488999095
0.468426037
0.2927432958
0.4488456545
0.3068537855
0.290596207
0.388486561
0.9324136384
0.2899282312
1
0.4542860591
0.3002391617
0.2953163091
0.82947393
0.4150209062
0.2967612299
0.322388927
0.8752701247
0.7462373839
0.286489102
0.2863703252
0.6940773083
0.8320257307
0.8079622529
0.3100383994
0.286849514
0.3452229867
0.984638884
0.3047477069
0.7128969593
0.4082219394
0.3015779578
0.7702302381
0.3645504904
0.4894622455
0.65528446
0.2887305953
0.5466604852
0.5211239787
0.4711260661
0.2938231843
0.4669767414
0.3412244092
0.3217411482
0.5918150693
0.5612594353
0.2973070953
0.5834190215
0.7815347202
0.8661173491
0.2891559475
0.3235906303
0.5073409433
0.3776578347
0.6741138464
0.4174408207
0.9745498381
0.7655330696
0.7239187444
0.8960446985
0.3829289759
0.6656162387
0.2864489295
0.2905576354
0.3628766239
0.7732768264
0.2867300936
0.9712890318
0.6847918056
0.4843597268
0.3120353312
0.3507451791
0.3966082482
0.3113003093
0.5132274363
0.8976775006
0.3143008311
0.5462129149
0.2917894189
0.4707099667
0.7914629022
0.6165800569
0.4719590323
0.4759293958
0.3862826794
0.8861694941
0.2890931082
0.7217663929
0.2862885684
0.3842650525
0.5156346503
0.3290459162
0.8982684638
0.3003081386
0.5806986285
0.7094169272
0.5551835006
0.2863546034
0.3731434853
0.850676939
0.2917025028
0.4297725602
0.8647878095
0.3002391617
0.6347309152
0.6068096267
0.4017363835
0.3575054484
0.6243002817
0.6548342461
0.2929814956
0.6138539004
0.3017947849
0.7845298963
0.4111457618
0.3896809967
0.3966082482
0.4085860441
0.5421896877
0.3520172193
0.5984019252
0.9508059791
0.3143008311
0.681017657
0.5242086688
0.2943412119
0.7928399778
0.8518890161
0.2863318936
0.4508542774
0.6633741678
0.3579467231
0.286310406
0.559232424
0.7805331967
0.3483719038
0.7017696211
0.3131567789
0.3332373397
0.3827624762
0.360021275
0.2862838514
0.6054461073
0.3465832666
0.4644998043
0.6539335846
0.5666724161
0.8857044442
0.3226060621
0.2863759151
0.317562649
0.2872188338
0.305144221
0.858907421
0.9093519814
0.3239215266
0.2862973035
0.2863596694
0.3152713981
0.3449525666
0.2866698526
0.9215879322
0.5680272727
0.3260484797
0.5288492748
0.2866583278
0.4843597268
0.2953720856
0.6887782831
0.2863360862
0.3731434853
0.2894805077
0.8652870252
0.287079923
0.411512995
0.7529297935
0.5668981829
0.5999923683
0.5653181819
0.3604690786
0.3049058255
0.4542860591
0.4124327704
0.5934046144
0.3165563886
0.8164945237
0.2991580614
0.4284264487
0.3929499891
0.3421462996
0.308981561
0.3378601191
0.4740458836
0.2867554108
0.305706152
0.2863596694
0.6747831216
0.2887598533
0.5165112493
0.4128013553
0.4727930159
0.7418166406
0.2863703252
0.2983109767
0.2864725093
0.2864414188
0.7432927116
0.5198042721
