0.8364638467
0.5053386145
0.7086989139
0.3058369428
0.2867455109
0.7287150663
0.3866002575
0.5325333729
0.286310221
0.3983566596
0.2858567388
0.6362480806
0.9492098536
0.7036935582
0.2915353504
0.4949894243
0.3269170947
0.5338635656
0.6502227312
0.2857791867
0.2866126862
0.3407231746
0.5066399283
0.3021487385
0.3707225929
0.3088147163
0.3050222594
0.9082952159
0.5839241939
0.4131680566
0.792045781
0.3769755465
0.6677015443
0.7331814186
0.5239166827
0.3456715938
0.309079051
0.5443213331
0.5358610002
0.458751116
0.4911381293
0.2986213357
0.3711971773
0.3348360722
0.5909442353
0.344991956
0.9607879333
0.2965197902
0.6856918037
0.6878993521
0.6047719033
0.2857791867
0.44704201
0.4200641291
0.2963982564
0.2873863377
0.2856510781
0.3301995414
0.413722418
0.4383291352
0.4065833121
0.3535124332
0.286166522
0.3095227847
0.5367495578
0.5902645789
1
0.3827379696
0.7731626559
0.7965299728
0.8530746767
0.9070375232
0.3194293889
0.7514532176
0.8009786425
0.2959188107
0.9279756751
0.452663981
0.2954500831
0.8769838831
0.3668099985
0.7329692082
0.3638875348
0.4408874877
0.7171378931
0.7961414436
0.343374707
0.730418979
0.6770529936
0.9704385038
0.6346668126
0.8790386443
0.3362167601
0.6739411054
0.4122460249
0.6434682835
0.3009033003
0.7896923274
0.7713447006
0.454483341
0.4251755046
0.3417771731
0.2897932044
0.5618029459
0.4029801956
0.4780078695
0.9096835753
0.4522604809
0.4644892558
0.2993620223
0.3412490679
0.2858567388
0.6111204441
0.3055091352
0.2982912837
0.5703642823
0.8677996746
0.285983594
0.2951625799
0.4200641291
0.2863567215
0.4492436472
0.921743795
0.5285499112
0.3936294997
0.4317033813
0.560903242
0.6472976848
0.3074291355
0.4029801956
0.9007781775
0.348146257
0.4093116582
0.3513714075
0.2862078055
0.3506643142
0.9733116616
0.5338635656
0.348841386
0.2856590964
0.5855087117
0.2992938603
0.4573250495
0.3022234721
0.9652481611
0.3214516669
0.2861268041
0.2913564493
0.7173534461
0.2928638778
0.6049986483
0.2856615367
0.8013637826
0.9075974516
0.946854325
0.4395082267
0.8195203251
0.6856918037
0.4563085482
0.2857044156
0.4858177123
0.4047767564
0.8426676664
0.4028010933
0.8403746784
0.3328585598
0.8744344877
0.3024486527
0.3065839199
0.3431070784
0.3797569004
0.2857791867
0.2859020466
0.2968265476
0.2868252297
0.3011196425
0.9785613286
0.4078537924
0.8586728118
0.3335958381
0.6389573497
0.9546763622
0.825057388
0.3115221988
0.3716728398
0.8373560073
0.340461059
0.3123621108
0.6299195544
0.2857091217
0.2865056091
0.563378151
0.8513605013
0.5834715543
0.3334726003
0.2901017723
0.8159791994
0.5494613346
0.6538185289
0.8766664406
0.458751116
0.2858006232
0.2889672693
0.285691343
0.2859727912
0.2887339543
0.7056546127
0.6278835797
0.3105129395
0.2982257709
0.4542808997
0.2858006232
0.2895689824
0.3704068037
0.285643234
0.3536562164
0.7976939472
0.8896917449
0.2860402192
0.6567364254
0.9393716126
0.6445950667
0.285673041
0.5303189981
0.2870587693
0.2873618139
0.7588976603
0.3394181528
0.4434592908
0.3403302093
0.9054898678
0.5356389378
0.5407540126
0.5570830234
0.4420728168
0.5133887605
0.3413808871
0.3007598931
0.5541657558
0.3359644501
0.5719439016
0.2860057219
0.5995569829
0.4801108057
0.311987247
0.4934896999
0.6942826912
0.3484239074
0.3081168235
0.9911292766
0.2856510781
0.3747102402
0.4328656405
0.3271477443
0.285786158
0.6499978348
