 4.7071e+00, 1.2553e+01
-9.1424e+00,-5.6173e+00
-1.4369e+01,-6.6288e-03
-6.4098e+00, 5.8014e-01
-1.6197e+01,-6.3743e-01
-3.3087e+00, 6.0448e+00
-9.5622e+00, 8.1501e+00
-1.0853e+01, 1.2197e+01
 3.8684e+00,-1.3922e+01
 1.6033e+01,-8.5635e-02
-4.2619e+00, 1.6050e+01
 1.0962e+01, 5.1035e+00
-2.6118e+00,-7.3134e+00
 2.9965e+00,-3.2685e+00
 1.5735e+01, 3.9208e+00
-8.1556e+00,-1.0696e+01
-1.2462e+01,-9.1117e+00
-1.5470e+01, 3.6876e+00
-8.0474e+00,-1.2652e+01
-2.6906e+00,-2.9844e-01
 1.2014e+01, 1.2566e+01
 1.3535e+00,-1.0045e+00
-1.3048e+01, 6.1391e+00
 4.2748e-02,-1.6542e+01
 1.4954e+01,-7.8855e+00
 1.3763e+01, 6.4386e+00
-5.7574e+00, 1.0744e+01
 1.5631e+01, 7.0179e+00
-3.2574e-01,-1.4641e+01
 1.4473e+01, 1.7385e+00
-5.6317e+00,-1.1817e+01
 1.0435e+01,-6.5449e+00
 5.6266e+00,-3.5830e+00
-1.3756e+00, 1.4555e+01
 4.6778e+00, 1.0314e+01
-3.0851e-01,-5.1258e+00
-1.4153e+01,-2.1694e+00
 8.8840e+00, 2.6761e+00
 2.7745e+00, 1.0600e+01
 7.5265e+00, 7.4717e+00
-3.0208e+00, 1.4338e+01
 4.4755e+00, 5.0897e+00
 1.1474e+01,-2.9672e+00
 5.2286e+00,-7.4491e+00
-2.2913e+00,-1.0607e+01
 6.7511e-01, 6.6242e+00
-1.5480e+00,-1.2396e+01
-3.9046e+00, 1.0535e+00
-4.2230e+00, 3.4103e+00
 3.5486e+00, 6.0454e-01
 1.0491e+01,-1.0199e+01
-8.7424e+00,-3.8300e+00
-6.2586e+00,-1.4007e+01
-1.2829e+01,-1.0814e+01
 8.2390e+00, 1.2771e+01
-6.5247e+00,-5.1886e+00
 1.5129e+01,-1.2834e+00
-1.0706e+01,-3.3646e+00
 1.1193e+01, 1.8428e+00
-8.3855e+00, 1.0687e+01
-1.1010e+01,-7.8110e+00
 5.2690e+00, 6.5568e+00
-1.5187e+01, 1.3061e+00
 1.1717e+01,-1.2283e+01
-9.9881e+00,-1.0454e+01
 1.1219e+00,-8.9149e+00
 1.5202e+00, 6.2874e-01
-1.6537e+01,-4.7976e+00
-4.4917e-01, 1.0760e+01
-2.4860e+00, 8.5812e+00
-4.6546e+00,-4.0262e+00
-1.3678e+01,-4.1790e+00
 8.0660e+00, 9.8946e+00
-1.0743e+01, 4.2110e+00
 4.6825e+00,-1.5833e+01
-2.1000e+00,-1.4878e+01
 5.4137e+00,-1.1322e+01
 8.7830e+00,-1.3331e+01
-3.2440e-01, 7.8637e+00
 1.1480e+01,-4.9862e+00
-1.2274e+01,-5.1645e+00
-2.4572e-01, 2.4801e-01
-5.1037e+00, 6.9766e+00
 5.1249e+00,-1.0537e+00
-1.2145e+01, 3.3765e+00
-6.3280e-01, 4.5065e+00
 1.1533e+00,-6.3032e+00
 6.5235e+00,-1.3706e+01
-8.7026e+00,-7.3504e-02
 1.0054e+01,-2.2679e+00
-1.1596e+01,-1.2130e+01
 1.0588e+01, 1.0549e+01
-1.3893e+01,-8.6025e+00
 2.6851e+00, 1.4255e+01
 7.9050e+00,-6.7769e-01
-7.4995e+00,-8.4880e+00
-2.9773e+00, 1.1307e+01
-3.1156e+00,-3.2123e+00
 5.7181e+00,-5.8479e+00
-9.0710e+00, 4.4845e+00
 6.3260e+00,-9.6936e+00
 9.5674e+00, 8.5615e+00
-4.1305e+00,-1.6428e+01
-1.4479e+01, 8.5562e+00
 1.3342e+01,-5.5778e+00
-2.7770e+00, 1.6507e+01
 1.3586e+01, 3.6458e+00
-9.7541e+00, 2.6548e+00
-7.7019e+00,-1.5329e+01
-6.4324e+00, 6.1476e+00
 2.3723e+00, 5.8615e+00
-1.0995e+01, 2.5542e-01
-7.6074e+00,-2.6700e+00
-3.8991e+00,-1.1622e+01
-4.1483e+00,-7.2682e-01
 3.2600e+00, 1.6549e+01
 8.9436e+00,-9.2871e+00
-1.7721e+00, 1.2376e+00
-1.7017e+00,-5.9476e+00
-1.1381e+00, 1.6315e+01
-1.1008e+01, 6.3587e+00
 1.5631e+01,-5.1142e+00
 4.7856e+00, 1.9708e+00
 1.3294e+01,-7.8684e+00
 1.2158e+01, 1.0944e+01
-4.7525e+00,-6.0048e+00
-1.7407e+01, 1.1680e+00
-9.7592e+00,-1.2204e+01
-1.0984e+01, 1.0216e+01
-5.3577e-01,-9.6640e+00
-6.2175e+00, 1.2685e+01
 3.3761e+00, 7.0768e+00
 9.6355e+00,-3.6521e-01
-1.3076e+01, 1.6641e+00
 6.9917e+00, 1.4136e+01
-7.0254e+00, 1.4621e+01
 3.1919e+00,-9.1244e+00
-4.4550e+00,-9.8033e+00
-6.4566e-01,-1.6595e+00
 1.4679e+00,-4.7672e+00
-9.0718e+00,-9.1220e+00
 1.5563e+01, 5.4608e+00
 2.6045e+00,-1.1750e+01
 9.0715e-01,-1.3487e+01
 8.7016e-02,-7.5232e+00
 1.2914e+01, 8.3246e+00
-7.9005e+00, 5.8191e+00
 1.2392e+01,-9.7705e+00
 7.1494e+00, 4.7000e+00
 1.6085e+01, 1.7337e+00
 6.7724e+00, 3.0427e+00
 3.1567e+00,-5.6774e+00
-1.1926e+01,-2.1068e+00
-4.9013e+00, 1.3751e+01
-1.3052e+01, 9.2491e+00
 1.3794e+01,-1.0771e-01
-4.5302e+00,-1.3291e+01
 1.7894e+00, 8.8983e+00
 9.9567e+00, 6.4612e+00
 5.5923e+00, 1.5052e+01
-7.1635e+00, 2.9589e+00
-5.5634e+00, 1.5290e+01
-1.0704e+01,-5.0386e+00
 7.5717e+00,-2.6982e+00
 7.2275e+00,-1.2058e+01
-8.4303e-01, 6.1909e+00
-4.7452e+00, 1.2237e+01
-3.0055e-01,-1.1373e+01
 7.6630e+00,-7.1446e+00
-9.1859e+00,-1.6373e+00
-2.6321e-02, 1.2625e+01
-1.1624e+01, 8.7873e+00
 3.8822e+00, 8.9291e+00
-9.3328e+00, 1.2913e+01
 1.6718e+01,-1.4773e+00
-1.3840e+01,-5.6957e+00
-5.6590e+00,-1.5985e+01
-8.9183e+00, 1.4462e+01
-1.3862e+01, 1.0604e+01
-2.3587e+00, 1.2772e+01
-7.4776e+00, 9.1664e+00
 8.5524e+00,-5.1814e+00
-1.0805e+01,-1.3413e+01
-6.6176e+00, 7.9259e+00
 4.0976e+00,-1.2368e+01
-6.2559e+00,-3.5258e+00
-5.9751e+00,-8.8897e+00
 2.9674e-01, 1.7372e+01
-2.7320e+00, 3.9494e+00
 6.6077e+00, 6.2128e-01
 1.1455e+01,-8.1220e+00
 1.6336e+00, 1.6152e+01
 2.0835e+00,-1.7162e+01
 8.7069e-01, 3.7100e+00
 6.6692e+00,-1.5530e+01
-1.2601e+01,-7.3259e+00
 9.3886e+00, 1.4306e+01
 2.8208e+00,-1.5800e+01
 3.5342e+00, 3.7931e+00
 7.0369e-01,-3.0314e+00
-1.2140e+01, 1.1408e+01
 1.6063e+00, 1.1895e+01
 1.4842e+01, 8.7951e+00
 1.4669e+01,-2.8236e+00
-1.6837e+01,-2.1756e+00
 2.9025e+00,-7.5572e+00
 7.0426e+00,-5.0506e+00
-1.2799e+01,-9.5169e-02
 1.0158e+01,-1.2298e+01
-3.9728e+00, 9.3916e+00
-7.2078e+00,-6.5833e+00
-1.6518e+01, 5.3678e+00
-1.3931e+01, 3.7698e+00
-9.1841e+00,-7.5650e+00
-1.9890e+00,-4.4612e+00
 1.3175e+01,-1.1213e+01
 1.2012e+01,-7.6364e-04
 2.0347e+00, 2.2852e+00
 9.4651e+00, 4.0956e+00
-1.0053e+00, 9.2233e+00
 1.2007e+00,-1.5120e+01
 6.7645e+00, 1.0837e+01
 1.0185e+01,-1.4028e+01
 7.7337e+00,-1.0440e+01
 4.8182e+00,-9.6908e+00
 7.9844e-01, 1.4331e+01
-1.4891e+01, 5.1350e+00
 1.3962e+01,-9.3325e+00
-5.5336e+00,-7.4064e+00
-1.5867e+01,-6.8042e+00
-3.1848e-01, 2.2276e+00
-6.4604e+00,-1.0446e+01
 5.5271e+00, 3.9636e+00
 1.3078e+01,-3.8320e+00
-5.4684e+00, 1.7982e+00
 8.3261e+00, 6.1087e+00
 3.2486e+00,-9.3811e-01
 2.1048e+00,-1.0219e+01
-4.8294e+00,-2.5316e+00
-1.6564e+01, 2.4863e+00
-5.8289e+00,-1.2842e+00
 1.7168e+01,-3.1621e+00
-1.1593e+01, 1.9640e+00
 5.9459e+00, 8.5743e+00
 7.9093e+00, 1.5254e+00
 1.2087e+01, 6.6068e+00
-2.1210e+00,-1.7290e+01
 6.3189e+00, 1.2505e+01
 1.7143e+01, 3.1801e+00
 1.0122e+01, 1.2441e+01
 1.2872e+01,-1.8025e+00
-1.4407e+01,-7.1771e+00
 1.3316e+01, 9.9671e+00
-8.2090e+00, 1.4347e+00
-1.5327e+01, 7.3108e+00
 1.0043e+01,-4.2851e+00
