0.3433415531
0.2886438598
0.5623862486
0.8708910189
0.2877247071
0.4008460042
0.7128969593
0.2869219605
0.3085479931
0.4180015134
0.3888272787
0.3125932229
0.9570177899
0.3310594975
0.2929814956
0.7730741381
0.3204619598
0.6243002817
0.4988973077
0.4424696405
0.5173885032
0.2871136059
0.6738907009
0.2882860173
0.9759600492
0.7883033107
0.4999757359
0.444056157
0.3733031128
0.3194127121
0.4170674926
0.290218227
0.2867946946
0.3797850075
0.2862862973
0.2959967499
0.5079934002
0.2948761726
0.3267313226
0.2862838514
0.8014213528
0.2900356883
0.7180974291
0.5121349414
0.3907090715
0.5583320632
0.3337276604
0.7111582231
0.4630594031
0.2869830548
0.5165112493
0.8622802834
0.2928857047
0.3591291096
0.5337273697
0.752513107
0.4210059578
0.4219496663
0.2863876189
0.7405494789
0.9814516287
0.2876582645
0.3849357995
0.2866934257
0.8811673347
0.3934697144
0.848415366
0.5121349414
0.7369495053
0.4288106174
0.3556066979
0.3163569917
0.4046027471
0.3012911587
0.6557345952
0.686786317
0.3476812645
0.3920859335
0.2917025028
0.3939904053
0.8975295275
0.6004468061
0.8904707045
0.3243648217
0.8291081697
0.7072367659
0.4950253523
0.2939768126
0.3739428149
0.3112091428
0.3988962502
0.8806936932
0.5843261425
0.6421990868
0.354737755
0.7875108269
0.3576524112
0.7612177104
0.5890908582
0.3837631755
0.630425094
0.3263892331
0.7801321519
0.3011487475
0.8358252518
0.9527092933
0.3293981828
0.5292920563
0.5612594353
0.3217411482
0.4890358157
0.3217411482
0.4060456324
0.8023882445
0.2863449955
0.5446472651
0.6052188548
0.2863449955
0.2865724097
0.8239558713
0.2888188884
0.3036590956
0.9380884375
0.9393841739
0.750217514
0.3569188876
0.4524665712
0.2942362506
0.9983151686
0.3433415531
0.4575352546
0.4448513044
0.6969394979
0.4877578433
0.9468977803
0.9712890318
0.3045902381
0.3804434561
0.6799059823
0.2937723142
0.2962874207
0.2877023858
0.7262812098
0.2884475371
0.8997393581
0.2864644748
0.4098635077
0.65528446
0.8515431163
0.3757117876
0.3250342553
0.6446850989
0.3219564695
0.8142333876
0.6181700404
0.4246040938
0.5952215652
0.4913838645
0.6113545206
1
0.5222247988
0.2981831542
0.2893813267
0.5317298144
0.2953163091
0.4530724052
0.5486758508
0.3146871866
0.6678559469
0.4120645706
0.349903138
0.3807733708
0.6658403173
0.8104419084
0.5239880887
0.556307495
0.2862836767
0.9354600077
0.7322699124
0.3527285434
0.4042430318
0.3146871866
0.9020733634
0.6390325293
0.5090817297
0.9166527164
0.7083273343
0.9281696879
0.5392897482
0.3737827108
0.5739049759
0.3358371272
0.2880061099
0.5368398977
0.6292913619
0.3866205167
0.4711260661
0.3137259861
0.4636763103
0.7610115932
0.3239215266
0.887405658
0.3538735149
0.6433293187
0.8248802346
0.3197258837
0.8566971292
0.2950399574
0.8265393808
0.3478191227
0.4361749733
0.2870633428
0.7579131228
0.286768331
0.5734524851
0.3460375215
0.2885306362
0.2880803666
0.5870483863
0.4542860591
0.9143404882
0.3044334197
0.287079923
0.3432081951
0.6756751097
0.4939527526
0.8743024773
0.2864000211
0.2979926714
0.4181885974
0.9765753857
0.2865430696
0.4098635077
0.74665723
0.7926434495
0.2944999237
0.492667357
0.6421990868
0.2955968778
0.756877525
0.3155656054
0.3758733123
0.2867554108
0.5244292861
0.9300562959
0.7773179192
0.5306212307
0.3822636592
0.2884201839
0.2875300718
0.5235470404
0.6485233647
0.3262755001
0.6049916028
0.3124998472
0.2902552511
