-7.5869e+00,-8.6981e+00
 6.2165e+00, 5.6400e+00
 1.4200e+01, 2.7975e+00
-6.4356e+00,-1.2856e+01
-6.5682e+00,-1.8745e+00
-5.3230e+00,-4.4025e+00
-3.5692e+00, 3.1802e+00
 4.0866e+00, 1.3671e+01
-1.4634e+01,-1.6668e+00
-1.7093e+00, 6.7426e+00
-6.7464e+00, 1.3017e+01
-5.7568e+00,-1.5265e+01
-1.2308e+01,-2.7023e+00
-5.1213e+00,-9.2859e+00
-2.6072e+00, 3.9384e-01
 4.1989e+00, 1.0193e+01
-1.0677e+01, 4.2082e+00
 4.5192e+00, 3.4655e+00
 4.5060e+00,-8.4170e+00
 5.3433e+00,-5.3326e+00
 1.0154e+01,-7.1566e+00
 1.4277e+01,-6.6644e+00
-1.0587e+01,-3.2297e+00
 3.0321e+00, 6.9982e-01
 1.9182e+00, 4.6655e+00
 1.2726e+01, 1.8028e+00
 9.7529e+00, 1.1160e+01
 6.9062e-01,-1.2720e+01
-1.0110e+01, 7.8486e+00
-7.4697e+00, 1.4115e+00
-1.2182e+01, 4.6492e+00
-3.1468e+00,-2.4723e+00
-6.9621e+00,-6.7057e+00
-3.4405e+00,-4.7470e+00
 1.6939e+01,-2.3851e+00
 4.3684e+00,-1.0989e+01
 7.4562e+00, 1.5673e+01
-1.2822e+01,-1.1124e+01
 1.3548e+01,-9.1162e+00
 1.3323e+01,-3.5670e+00
 3.5918e+00,-7.1449e+00
 8.4764e-01, 1.2723e+00
-1.0583e+00,-7.3274e+00
-2.9817e+00, 5.8121e+00
-4.7291e-01,-3.2748e+00
 1.5398e+01,-2.6191e-01
 8.0193e+00,-4.5897e+00
-8.1714e+00, 2.8994e+00
 9.7710e+00, 1.1830e+00
 2.8766e+00, 1.2762e+01
-9.7220e-01, 5.2925e+00
-5.9100e+00, 4.2304e-01
 5.0602e+00,-2.4531e+00
 4.8824e+00,-1.6575e+01
 1.5064e+01,-1.8950e+00
 3.7782e-01, 1.5071e+01
-2.0814e+00, 1.7091e+01
 7.0077e+00, 3.0153e+00
 8.0552e+00, 4.4517e+00
 1.1891e+01, 5.6494e+00
-1.1314e+01,-7.4665e+00
-1.4798e+01,-4.9313e+00
 6.7595e+00,-2.6536e+00
 1.1904e+01, 7.5981e+00
 1.3428e+01, 9.3530e+00
 3.3266e-01,-9.0275e+00
-8.7108e-01,-1.0227e+01
-3.1681e+00,-1.1991e+01
-6.2361e+00, 1.4837e+01
-4.9262e+00, 1.5928e+01
-8.4370e-01,-5.1224e+00
-8.4680e+00,-1.1013e+01
-1.6814e+01, 2.5080e+00
 1.5966e+01, 2.0226e+00
 1.4761e+01, 4.8406e+00
 1.1063e+01,-1.1523e+01
-4.8498e+00, 4.9384e+00
-1.4129e-02, 7.5331e+00
 9.2170e+00,-6.5833e-01
-9.1819e-01, 2.9874e+00
 6.8463e+00,-1.3732e+01
-1.2897e+01,-4.4256e+00
-8.8640e-01, 1.2255e+01
 1.7853e+00, 1.0274e+01
-1.1793e+01, 1.9279e+00
 1.7259e+01,-4.9991e-01
-2.0251e+00,-1.6072e+01
-2.4130e+00, 9.3109e+00
-8.6014e+00,-1.3969e+01
 2.5628e+00,-1.2013e+01
-6.5033e+00, 3.7551e+00
 1.0291e+00, 6.2351e+00
 2.8672e+00,-5.4319e+00
 1.2486e+01,-2.0622e+00
-8.7750e+00, 9.0840e+00
 4.5752e+00, 1.6046e-01
 5.6943e+00, 1.3443e+01
 1.2330e+01,-8.0310e+00
-1.1324e+01, 6.9081e+00
 9.2799e+00, 7.3440e+00
-9.3793e+00, 1.5870e+00
 2.2527e+00,-8.5281e+00
-6.0739e+00, 1.0780e+01
-1.2887e+01,-7.1232e+00
-1.0254e+01, 1.1652e-01
-1.6632e+00, 1.0822e+01
-1.3325e+01, 3.4425e+00
 2.4457e+00, 1.5571e+01
 6.5333e+00, 1.0022e+01
 9.9586e+00, 4.5341e+00
 1.3107e+01,-4.2309e-01
-1.0151e+01,-1.1264e+01
 5.7773e+00, 8.6114e+00
 7.2923e+00,-8.1247e+00
 4.0632e-01, 4.0786e+00
-4.1687e+00, 6.7726e+00
 6.3640e+00,-4.9448e-01
-7.8901e+00, 6.8212e+00
 9.4978e+00,-5.3870e+00
 7.9184e+00, 1.4227e+01
-2.2728e+00,-1.4418e+01
-1.1775e+01,-5.8199e+00
 1.0121e+01,-1.9864e+00
 1.1133e+01,-4.6495e+00
-1.4712e+01, 2.3387e+00
-1.6282e+01, 6.0608e+00
-1.2167e+01, 9.2220e+00
-3.6934e+00, 1.4663e+01
 2.2981e+00,-1.6658e+01
-1.2021e+01, 1.1942e+01
-1.4202e+01, 8.2873e+00
 9.6410e+00,-1.4319e+01
 1.0773e+01,-3.3402e-01
 1.6470e+00,-3.4013e+00
-1.0539e+01,-1.4423e+00
 1.5895e+01,-4.9759e+00
-6.8716e-01, 9.0783e-01
 4.6963e-02,-1.5696e+01
-1.3207e+01, 9.2521e-01
-1.6645e+01, 4.5979e+00
 1.7741e+00,-1.8948e+00
-1.3267e+01,-7.4766e-01
 9.4597e-01, 8.9238e+00
 7.8368e+00, 7.8434e+00
-2.8835e+00, 1.1850e+01
 6.2472e-01,-2.4848e-01
-1.4145e+01,-9.4305e+00
 1.7251e+01, 2.8531e+00
-1.0076e+01, 1.1124e+01
-8.6310e+00, 1.3592e+01
 9.1634e+00, 9.0250e+00
-4.4179e+00,-1.6284e+01
 1.5967e+00,-9.9858e+00
 3.4227e+00,-1.4837e+01
 1.6683e+01, 4.4917e+00
-3.6076e+00,-1.3668e+01
 5.3470e+00,-1.3596e+01
 8.2889e+00, 1.1715e+01
-9.2888e-01,-1.7463e+00
 1.5357e+01, 7.6524e+00
-2.7826e+00,-6.5835e+00
 2.5868e+00, 6.2564e+00
-8.1918e+00, 1.0862e+01
-9.6507e+00,-8.6397e+00
 7.8461e+00,-9.9520e+00
 1.2969e+01,-5.4684e+00
 1.2474e+01, 3.6749e+00
 4.8177e+00, 1.5776e+01
-8.6048e+00,-2.2223e-01
-7.0994e+00,-4.5069e+00
-1.3942e+01, 5.7976e+00
 1.1681e+01, 1.0515e+01
-1.7247e+01,-2.4270e+00
-9.4506e+00,-6.7856e+00
-2.8535e+00,-8.8305e+00
 9.5895e+00,-3.7318e+00
-5.1557e+00, 8.8204e+00
 1.3820e+01, 6.2344e+00
-4.4168e+00, 1.7009e+00
-7.5459e+00, 1.5574e+01
-4.8424e-01, 1.6409e+01
 1.0755e+01, 1.2435e+01
 8.9268e+00,-1.2415e+01
-6.7425e+00, 8.1158e+00
-9.6415e+00, 5.7792e+00
-1.6622e+01,-9.6493e-01
-1.5618e+01, 2.1805e-01
 1.2840e+01,-1.1487e+01
 6.3071e+00,-1.0826e+01
 3.1941e-01, 1.3382e+01
 2.9406e+00, 3.0614e+00
 3.4272e+00,-9.4885e+00
-1.5066e+01, 6.9575e+00
-9.9907e-01, 8.6725e+00
 7.4215e+00,-6.5933e+00
-1.9192e+00, 1.3912e+01
-2.0138e-01, 1.0370e+01
-1.5016e+01, 4.4790e+00
 1.6281e+01, 6.1513e+00
-1.2568e+01,-9.1006e+00
-1.7405e+01, 4.9219e-01
-8.2447e+00,-3.2121e+00
 1.9627e+00, 1.7300e+01
-1.5152e+01,-6.7099e+00
 1.0732e+01,-9.2732e+00
 7.7001e+00,-1.5185e+01
 3.2611e+00,-1.0633e+00
-4.6026e+00,-6.5253e+00
 4.0990e+00, 1.1692e+01
 1.0708e+01, 2.5584e+00
 1.0075e+00,-7.4373e+00
-4.8377e+00,-2.9788e+00
 1.4700e+01, 1.1120e+00
-1.1760e+01,-3.2203e-01
 8.1966e+00, 6.5230e-01
 1.5304e+01,-7.9823e+00
 4.5381e+00, 7.6851e+00
-1.6209e+00,-1.2376e+01
-2.3996e+00,-1.0575e+01
-1.3548e+01, 1.0874e+01
 1.2908e+00,-5.2867e+00
 1.0679e+01, 8.9036e+00
-5.1487e+00,-1.3769e+01
 4.6276e+00, 5.4496e+00
 5.8310e+00, 1.1529e+00
-7.1467e+00, 5.4137e+00
-6.0263e+00, 6.5053e+00
-8.3573e+00,-5.4865e+00
 4.6228e+00,-3.9856e+00
-1.0672e+01, 9.6115e+00
-1.0092e+01,-5.3050e+00
 6.4772e+00, 1.1577e+01
-1.5286e+01,-8.2412e+00
 1.8567e+00,-1.4423e+01
 8.2214e+00,-3.0758e+00
-1.0775e+01,-1.2992e+01
 1.1249e+01,-3.0616e+00
-1.0753e+01, 1.3708e+01
-4.9992e+00, 1.2991e+01
 1.3403e+01, 1.0937e+01
 3.3859e+00,-2.8677e+00
 9.2455e+00,-1.0929e+01
 1.0340e+01, 5.9983e+00
-2.5397e+00, 1.5651e+01
 2.5911e+00, 8.7331e+00
 1.0026e+01, 1.4233e+01
-1.6360e+01,-4.5405e+00
-4.9959e+00,-9.9535e-01
-8.9377e+00, 4.2912e+00
 9.0645e+00,-8.4067e+00
 8.9026e-01,-1.7427e+01
 6.4491e+00,-4.2056e+00
-1.2757e+01, 7.6885e+00
-6.3168e+00,-1.1081e+01
-9.0384e-02,-1.4086e+01
 1.4356e+01,-4.8454e+00
