0.388767071
0.7513276584
1
0.9999348916
0.5660182044
0.7292651004
0.3699443242
0.3615035551
0.440207306
0.3218601658
0.4023765438
0.7889172179
0.4345256496
0.3119347906
0.7445965192
0.7443853231
0.7999429775
0.8546631536
0.8042172107
0.6593251443
0.4243274097
0.787524622
0.293482654
0.3840434675
0.733762399
0.6554920622
0.4372598097
0.2887179965
0.8289609507
0.3690052919
0.4539958413
0.5053294521
0.5918837661
0.2877159282
0.3674500565
0.8726660381
0.3322151368
0.3300695505
0.7448076645
0.7202107153
0.3115703328
0.384545348
0.3455203564
0.9608599764
0.2871769656
0.4258509234
0.3527346883
0.7469163148
0.4469554833
0.6157880129
0.8972732466
0.5898366604
0.5515909729
0.3928850692
0.6207954017
0.4968950566
0.3704154892
0.6373862593
0.3425790209
0.4554149135
0.3588239267
0.9137203271
0.2908097396
0.2977903305
0.7056132955
0.5468778111
0.3027753017
0.4451602907
0.2878593092
0.7422705898
0.2910349223
0.2946794629
0.8269314518
0.6795079347
0.9580589301
0.8291449989
0.2869154851
0.4036292083
0.4779501089
0.5721285466
0.2938706912
0.9595698528
0.4211091799
0.319543777
0.2883111374
0.3273972548
0.8697055465
0.5662442899
0.8829632987
0.3286655612
0.7305521278
0.857416262
0.9530641064
0.4457579846
0.3130433651
0.4883255577
0.4182916338
0.3026286441
0.5996215668
0.3200637278
0.3114796151
0.2929669385
0.7561323731
0.6961543214
0.5261615826
0.4560241852
0.3284336277
0.4859842744
0.2940688001
0.3207980931
0.7292651004
0.9692063436
0.7966177745
0.5836993134
0.8204139745
0.4132733763
0.3877474851
0.2887434945
0.5277108542
0.5757549135
0.2899711335
0.3105811817
0.4834380061
0.8224720826
0.60235368
0.2868671699
0.331255698
0.2973061426
0.6837414409
0.9786423849
0.9750059372
0.3106703087
0.4979721622
0.2873528121
0.5793848061
0.8890598182
0.3651403983
0.6719070312
0.45643073
0.326599502
0.3080660634
0.2924279375
0.5812009455
0.3990019425
0.6194299727
0.8871985393
0.2886926722
0.7173926639
0.486834861
0.5473261867
0.3872391942
0.4921712213
0.3986489086
0.2873144967
0.3869008917
0.2946794629
0.3042780029
0.4063302813
0.6645014426
0.3772879988
0.4054273941
0.28744833
0.2906630659
0.4640031944
0.7699620116
0.5764352623
0.6662991267
0.3808887363
0.3278563828
0.3113890562
0.4650338094
0.2876157208
0.323810175
0.3282022856
0.774040126
0.2877159282
0.3735844664
0.6187471902
0.6748169203
0.8791440685
0.3200637278
0.3837094482
0.5905189643
0.2873398655
0.6373862593
0.3175024505
0.2891750893
0.6741457998
0.7567569724
0.8380699083
0.352025229
0.8548358409
0.9976496038
0.3202727813
0.3307794819
0.2884023453
0.2869004307
0.6701141746
0.311208415
0.5648880513
0.9042025925
0.5435184899
0.361803845
0.2873927001
0.5408356389
0.2882445594
0.9152418856
0.2900040882
0.2872898269
0.28797417
0.3101379383
0.5923387546
0.3093501648
0.287804233
0.2876987907
0.4729209625
0.5419529824
0.2931987923
0.2869902278
0.8448628418
0.9380898204
0.6050861094
0.452782371
0.2875067547
0.2934349169
0.3217532731
0.5980280468
0.2879545906
0.3270544681
0.933075343
0.3662147592
0.2910349223
0.4546035744
0.4184788189
0.6932818495
0.3318542542
0.4099668199
0.3640721602
0.2916657148
0.5462054503
0.4640031944
0.2882887706
0.3269405033
0.2989832757
0.5235099067
0.5569907602
0.2874771931
0.3137950439
0.9427010737
0.286996879
0.3149414279
0.3857203621
0.2869076079
0.8715180586
0.7914950985
0.3830427754
