0.6635027299
0.4005260385
0.5278024933
0.4021286465
0.3150488649
0.2873182517
0.3177316403
0.9106763963
0.6767037306
0.2866768564
0.4563541807
0.9314244016
0.9080030107
0.3539181712
0.2872494561
0.5100065197
0.5306818685
0.9349893313
0.324983361
0.9674826351
0.2877678928
0.9858574553
0.4234999179
0.2868108733
0.7264530414
0.3287531356
0.5841832711
0.2970393459
0.3550711037
0.7655303297
0.768600579
0.3816375581
0.3288698858
0.7541636368
0.4137597429
0.8373499248
0.7975710738
0.3103818501
0.382799689
0.6411833521
0.6094062555
0.5141569082
0.4399394939
0.3527736434
0.3550711037
0.3429913746
0.6880378983
0.5801007123
0.3507910801
0.2870163095
0.8364502126
0.4808100756
0.694226136
0.4738800515
0.3786750613
0.632121449
0.3144680866
0.726667701
0.2915167325
0.6966500379
0.3395817093
0.610315714
0.3832994539
0.5509863377
0.2916009547
0.6312142406
0.7091404581
0.5337891927
0.3695450135
0.3122013811
0.4818657934
0.5275812491
0.4931437454
0.2918145082
0.4329015529
0.3553606447
0.2984056945
0.6032672293
0.5891772505
0.417849866
0.3693883163
0.3331702462
0.4193484481
0.5349005206
0.3919495327
0.3101143936
0.3175290454
0.4808100756
0.3362668632
0.5989476832
0.7556196043
0.2896679783
0.5420315121
0.3803162794
0.8971168893
0.3546377719
0.4608430585
0.7362796044
0.5295737196
0.9183539198
0.7227969919
0.5660705976
0.2864543763
0.8855541151
0.2867051644
0.2864884603
0.3197914272
0.3510727099
0.8886479658
0.3275937383
0.9597105728
0.978080495
0.5989476832
0.8229107031
0.724734148
0.6753653646
0.287104861
0.4005260385
0.3029873375
0.3041286262
0.9070094076
0.2987923677
0.470128586
0.2874832316
0.3410127711
0.28811071
0.3173270678
0.3485572902
0.3013801652
0.2921650949
0.8144776864
0.2865020934
0.5397997458
1
0.8010726767
0.2911059104
0.8779826707
0.3425931586
0.828266152
0.9314244016
0.2866768564
0.6549574607
0.5380164779
0.6262218579
0.4294235309
0.8679030399
0.7865398466
0.8085834768
0.4878044886
0.5438190045
0.6811576663
0.4873788243
0.3335371016
0.4148706844
0.3253193775
0.4317391246
0.2899765537
0.5161282503
0.7831510204
0.2865793435
0.9407026275
0.4017717919
0.9913946458
0.3143718369
0.9652195212
0.8773424941
0.5326786827
0.6911352385
0.4466829191
0.6146352005
0.4458848538
0.6592339017
0.2983418327
0.5002417985
0.3900595294
0.2890323427
0.3201056825
0.2871673825
0.5642647066
0.2935771214
0.5304601699
0.3539181712
0.6003116548
0.2878113421
0.5086991581
0.2868702736
0.3066033567
0.3223438403
0.4104476827
0.7217192565
0.3868262572
0.74453106
0.3299272458
0.2864842654
0.4119158417
0.8665782543
0.4109975132
0.3658181033
0.6802677949
0.9612662234
0.4425070376
0.402843584
0.4383662562
0.2879688909
0.4137597429
0.8157991503
0.3325617078
0.3823009482
0.3328046896
0.2876212991
0.2919011282
0.3038974279
0.9142786447
0.2883609675
0.2866768564
0.2923444925
0.2872663937
0.5041362896
0.3162272494
0.6459321924
0.7518703499
0.3062752854
0.2899765537
0.2866955538
0.6824915939
0.4332897095
0.8419969036
0.2865655369
0.3041286262
0.293726755
0.5063065483
0.8085834768
0.2865865088
0.2960966046
0.3097600132
0.3367706108
0.6838244503
0.3244263251
0.4346509193
0.3147577731
0.2902990959
0.4113645534
0.3550711037
0.4317391246
0.6518018721
0.7622411356
0.7547879482
0.4446900904
0.2866415575
0.2887404735
0.2871673825
0.2983418327
0.9579278915
0.2864360228
0.3714348497
0.8900283838
