0.8336027733
0.2865320824
0.6177575151
0.4744268098
0.6138923981
0.6663753625
0.292155653
0.512327929
0.3685506444
0.5927451218
0.2865163466
0.8785404863
0.4782018472
0.497358616
0.7112942491
0.2883877367
0.2993322425
0.3501843076
0.7415674844
0.4971433584
0.3164122678
0.290304943
0.8242474085
1
0.3761753506
0.3042111268
0.4162840013
0.3294276954
0.8989902799
0.3289590979
0.5226444398
0.4881497879
0.4877238969
0.6093441388
0.7193233513
0.3078554144
0.9624856485
0.2923337313
0.5995649275
0.7946558096
0.44302339
0.6546844374
0.753951627
0.2961194189
0.9663040634
0.3702734352
0.3364838395
0.3609083809
0.3551674233
0.416842894
0.7084600594
0.3339958319
0.6045680201
0.8372173226
0.6270729491
0.6095715683
0.3215705183
0.286575092
0.2867546229
0.420967116
0.9659394927
0.6571622741
0.3721695934
0.3267654807
0.5255133045
0.7879452013
0.505357886
0.5596818031
0.5872930335
0.2865137239
0.4638430347
0.4188993864
0.2870251525
0.7566555903
0.3069343447
0.3067689726
0.2869358601
0.36484343
0.2889045654
0.4603537734
0.3807491667
0.2876790702
0.5470997619
0.5567545236
0.3971024596
0.5500138541
0.2951131244
0.3073505972
0.3471356753
0.2933620043
0.3450946445
0.6166208324
0.615029307
0.6966187754
0.5202219681
0.8917953865
0.5513602671
0.457699136
0.2904145543
0.3046780514
0.9634336099
0.704962818
0.8623007565
0.5995649275
0.7657379941
0.3884581846
0.5920633941
0.3405827925
0.3011781885
0.3218921679
0.2923786784
0.427619383
0.6442986261
0.3016764507
0.8323303972
0.2898478892
0.3551674233
0.4969281516
0.2867927264
0.374724714
0.4922066844
0.3293103257
0.4761021406
0.6884460491
0.7014559278
0.9555513967
0.3510270253
0.9708860593
0.2976692451
0.4466044035
0.9976725452
0.7677868338
0.4087321212
0.4803076106
0.808994068
0.6234389818
0.3809141992
0.3328949691
0.2866642508
0.7843623467
0.6485928194
0.3849092518
0.3709035536
0.7675822106
0.2931210571
0.2889335005
0.2986792813
0.3308475614
0.7833634647
0.7154243579
0.2945777339
0.2868661316
0.995087651
0.7714600451
0.287080016
0.7761255929
0.3433506577
0.2868886761
0.3839043531
0.3096677594
0.8881187452
0.852919414
0.3127509608
0.6813424431
0.3603105752
0.3734433299
0.9038126309
0.2888758036
0.3008272391
0.5997923164
0.417402633
0.3688627807
0.6291161374
0.4504115677
0.6665995974
0.5055749945
0.9461011774
0.4107422534
0.3151343278
0.9442963338
0.5403924153
0.8499692802
0.7612103802
0.6560362813
0.4982201524
0.6820097206
0.4444129845
0.3409744467
0.8681384748
0.9228544137
0.905397351
0.4619932917
0.3417615192
0.369802121
0.3090558011
0.9767442955
0.7158582479
0.3204028412
0.2912251994
0.4142420154
0.8801334187
0.2865579584
0.2939576379
0.8541273095
0.8634766128
0.3219996878
0.3745641244
0.3168107619
0.3042885401
0.9430401781
0.4024163609
0.387608745
0.2979177427
0.5637406841
0.2951675942
0.419837879
0.4690099188
0.3221073592
0.4480038304
0.2940083791
0.6297970378
0.3151343278
0.2872613525
0.6542336676
0.2885708629
0.5773110332
0.4470038542
0.3327733729
0.2869238022
0.2881171547
0.2875998048
0.7296520222
0.4468040902
0.7143389117
0.7197557283
0.4800967648
0.3024022555
0.562838162
0.2871525207
0.2878244856
0.4069150864
0.6336537891
0.9281539883
0.3301349942
0.7934770755
0.4241844712
0.3206137756
0.3682389979
0.3072670244
0.7277232427
0.5239677439
0.8590883809
0.2888187997
0.2872293858
0.3094921157
0.5206620675
