0.314863024
0.3418095583
0.9368248359
0.6666607044
0.7137298263
0.3399793647
0.3253280323
0.3982365528
0.4778746862
0.2867959646
0.453325568
0.3341602979
0.7466543582
0.8903578297
0.3793402507
0.9446320771
0.3365274053
0.5483100362
0.4596276543
0.4086321459
0.294453086
0.4121107616
0.3481515434
0.9844158897
0.4668239524
0.3861609425
0.4711811187
0.3024753864
0.498313746
0.4282818058
0.84485253
0.5181167194
0.4086321459
0.7074135961
0.4035708897
0.6650911139
0.3110197508
0.2933877956
0.3428676191
0.5102381429
0.4942287581
0.5606714503
0.9269062425
0.4026754088
0.6911536254
0.9740532276
0.295649252
0.779965697
0.5685706634
0.4091790517
0.4910170511
0.3047604337
0.3549359715
0.5627004926
0.4089966513
0.5885116734
0.804573652
0.343133518
0.3703401762
0.2992590263
0.8301202828
0.9528213808
0.328878635
0.7087231257
0.3011045208
0.3028460036
0.4978828815
0.3094164144
0.8662692493
0.9015586664
0.2919962008
0.3254403396
0.3256654018
0.6869484604
0.4551480538
0.8585384303
0.3143802004
0.332086316
0.2900194178
0.6130602262
0.6572266164
0.3432666747
0.3933427884
0.4498994478
0.3330571099
0.3253280323
0.7604048183
0.291113655
0.5451753049
0.7614368229
0.3091542104
0.6955672849
0.6269195681
0.5220759125
0.3808210282
0.2936346409
0.5946451327
0.2998607657
0.8135532733
0.5516742971
0.5762636865
0.4496985861
0.2869028879
0.3603716677
0.5678927297
0.3539275868
0.3811513571
0.8936971688
0.2868903094
0.2869156409
0.2872073297
0.7753291573
0.7973971141
0.2945584448
0.6157881151
0.7456032539
0.4575871836
0.2864436431
0.3009636799
0.9269062425
0.288473604
0.4298200343
0.288805145
0.4801901281
0.2869683974
0.9906339808
0.3438006799
0.8558079083
0.6432364904
0.2877540842
0.7795638085
0.2917792172
0.4242707401
0.5474138686
0.2910735155
0.4019608614
0.2979700943
0.2879306677
0.2887765634
0.5214151667
0.3188654066
0.3914431848
0.5427160466
0.2891004848
0.5375852674
0.7472844018
0.3082051107
0.8059208357
0.6773905624
0.8101326291
0.2876087044
0.6884990779
0.8165744108
0.4456973886
0.2864878668
0.7111202677
0.3828098729
0.4664104971
0.3503789564
0.318351593
1
0.3532112501
0.9095791592
0.9344055989
0.3968298606
0.3970053289
0.5355819527
0.7294735505
0.2864703874
0.8018691622
0.3074430075
0.4749383952
0.6010096668
0.6316846702
0.3299360232
0.5807963482
0.2961621438
0.4026754088
0.7078502611
0.2865004517
0.5471898922
0.28645518
0.4298200343
0.4521138893
0.6353122208
0.4785054486
0.8020627853
0.9763503654
0.9606145408
0.3686164663
0.62828144
0.3002008733
0.3931695573
0.5814766513
0.6071486931
0.286491887
0.3336685517
0.3821450956
0.3345306166
0.2931933822
0.8759202569
0.2870822836
0.5492066177
0.2977203195
0.6425579278
0.8854220309
0.83719241
0.3881931006
0.2875687333
0.3414150748
0.2919088939
0.2866491832
0.3366534167
0.3624741339
0.2865049962
0.4523156505
0.2886362545
0.5041497016
0.583745018
0.2866937448
0.7089412444
0.4201111394
0.6344056007
0.7413860982
0.8171388194
0.2923071631
0.8883638413
0.3143802004
0.9357411946
0.4655843877
0.7989566605
0.3956045426
0.6110140469
0.7256132565
0.3133317612
0.8835473079
0.9215755155
0.8585384303
0.9799491948
0.3809861352
0.6644180811
0.4865411089
0.4012479543
0.2927659176
0.3090671285
0.28645518
0.4128475724
0.2892546444
0.5532461788
0.3505193083
0.309241452
0.3231133411
0.2866325812
0.2864438179
0.3253280323
0.2864572776
