0.6159102128
0.4915943428
0.3629139057
0.6490831528
0.5729070641
0.6533799722
0.4506194622
1
0.3145440818
0.4103827967
0.3381034077
0.8892556334
0.5420373484
0.4560800891
0.7897631344
0.4177811435
0.7773221341
0.8520247522
0.4339940115
0.4750725287
0.4577083513
0.9398208472
0.9608125405
0.3347211745
0.8911070981
0.5429321426
0.2961423204
0.4506194622
0.3316830889
0.8728342729
0.3553734401
0.8294320934
0.8023456492
0.288708373
0.6311597071
0.3148315481
0.3804459749
0.6612773766
0.6477249818
0.3053845109
0.4522317601
0.9028194453
0.290168913
0.749655714
0.5196178761
0.2876552835
0.3078209235
0.4334109518
0.2998718378
0.9345979954
0.7887688201
0.3513778619
0.289941734
0.6295680114
0.3363366419
0.3792967698
0.8633490812
0.6610520825
0.9322306812
0.5729070641
0.7586433913
0.2878967744
0.9791985995
0.3522253037
0.5322271461
0.4538488547
0.441642316
0.5060514232
0.8743064048
0.3036158609
0.2885662597
0.2894543504
0.5483104074
0.7855762779
0.2992823624
0.7907558383
0.4170344213
0.4221038051
0.8184351556
0.4430282742
0.7162791898
0.3552289587
0.2933654328
0.2877954623
0.3913838911
0.2884526204
0.9269990771
0.4153598368
0.6438737341
0.8558395523
0.9964402802
0.291049436
0.4667446438
0.6058856948
0.5586601031
0.4098341795
0.2928158539
0.2873196977
0.4011789778
0.8558395523
0.315702409
0.2874058398
0.4655045572
0.3274688562
0.690352615
0.3709409137
0.2872277673
0.7005198903
0.9490343473
0.3109362163
0.2880795929
0.5467401084
0.3331300555
0.3008156135
0.8332833708
0.595862825
0.376367985
0.2929963087
0.3783162826
0.2871883653
0.3990520468
0.9899680806
0.5663399027
0.2887817794
0.5244702335
0.4973929098
0.288708373
0.4849855905
0.6847979036
0.5393558151
0.7658840712
0.2870916905
0.3123872438
0.2871468596
0.2874653634
0.3485879046
0.309525985
0.5143466127
0.3410662418
0.5286756749
0.6327509329
0.3059399384
0.5697349613
0.4339940115
0.3067472251
0.6120374296
0.2878119111
0.2999381688
0.3272403505
0.4877504515
0.2871958956
0.4520299594
0.7845752799
0.4622096602
0.3383580789
0.6190988571
0.2872808256
0.3560978124
0.4508207352
0.4170344213
0.6427401886
0.5840310608
0.2889851839
0.3186964311
0.4999821714
0.33288744
0.7084244975
0.5242492661
0.8131273016
0.4711038308
0.8815608217
0.5849403894
0.7519642846
0.6406989192
0.307904647
0.94958822
0.7409961121
0.6268383879
0.9726362403
0.384931521
0.28751613
0.3468034241
0.9220013285
0.4341885349
0.5749478635
0.3422458364
0.2893965495
0.5071391555
0.314162992
0.9220013285
0.6783309265
0.36550112
0.703379866
0.7079866295
0.290168913
0.4896701619
0.4782217534
0.670943656
0.4388823055
0.5933583313
0.35407784
0.3606614181
0.3413273956
0.3253221484
0.2870302118
0.8883250066
0.3934545657
0.5860772714
0.3193119592
0.5701879259
0.2928158539
0.7437510582
0.2920377513
0.3076539608
0.2886129344
0.5202784417
0.2914318491
0.6379755495
0.9869500394
0.7919449473
0.3852670913
0.3032428416
0.3665769641
0.3049926656
0.3584377069
0.3101379261
0.7367414763
0.6792243571
0.4382929621
0.3177835604
0.3131279808
0.5165400644
0.8932505734
0.379460593
0.3496974289
0.3225801449
0.8398067995
0.3341063148
0.3750785776
0.9038429089
0.7201867221
0.2883433364
0.6689240881
0.2930418504
0.7634093179
0.3221502018
0.2893679094
0.3558076708
0.3239942136
0.2929509382
0.3401566201
0.4969620786
0.4723546103
0.2872902812
0.3084952258
0.7125764734
