0.3712031977
0.561500442
0.5952967773
0.5787039517
0.983521145
0.4615367253
0.899507115
0.3677601182
0.6950502019
0.4648275501
0.9997034024
0.3386766341
0.8230318398
0.556765503
0.506851085
0.5916562819
0.3246925563
0.4065111606
0.7014419735
0.2964273048
0.3771256734
0.6716830126
0.6783921313
0.4876863513
0.2870037052
0.2904130301
0.2932927299
0.3990019425
0.2875370149
0.7241006952
0.4409964112
0.3365216185
0.457855915
0.5734879947
0.3212210928
0.3033685081
0.3137005329
0.4716693511
0.7189109624
0.3504761401
0.7784983836
0.2869382413
0.2907728124
0.3090042057
0.9844776438
0.3848805015
0.8164603397
0.4485564921
0.3500564702
0.7477583385
0.5612747591
0.2943710705
0.3205875096
0.6999018482
0.643961053
0.2880138516
0.5682798588
0.9133033326
0.5827906654
0.4132733763
0.8443307056
0.3789177041
0.8998033851
0.365907176
0.3807238463
0.468757978
0.3944454804
0.7517465808
0.327626522
0.2880542303
0.3779384751
0.9761372879
0.3376573956
0.2870563874
0.907946752
0.6146497015
0.2880542303
0.288137079
0.3011285624
0.9594698679
0.4654465313
0.5787039517
0.4489575141
0.3863942773
0.2923405015
0.6166986006
0.3110284097
0.9721690994
0.481533797
0.7956361045
0.4443644668
0.6041752748
0.9103601769
0.3351491529
0.6285284939
0.2925160589
0.6606765849
0.3084049556
0.7910992134
0.3088321885
0.3344078523
0.5230684893
0.6875201889
0.2882445594
0.6754878013
0.8789838276
0.2878780168
0.7448076645
0.4677213172
0.2956963421
0.3031448235
0.8517149356
0.7598725707
0.2871465166
0.5348151939
0.2869837515
0.3223969096
0.8001379734
0.751537146
0.8094173888
0.3493597064
0.2959741025
0.6487144539
0.2898089549
0.3056067383
0.3129501146
0.5678273877
0.3877474851
0.3489432636
0.9679499516
0.3360205363
0.7504891801
0.8864191716
0.8134266903
0.9494897985
0.4308415485
0.4066921403
0.3729468117
0.3059262222
0.3543071507
0.9093697483
0.6857430554
0.422242016
0.3027018907
0.6094126954
0.565114045
0.2905548721
0.5730347851
0.6830736954
0.2872200123
0.3662147592
0.3087464206
0.4813225128
0.686853996
0.287231211
0.6939452337
0.5403889094
0.7173926639
0.313511983
0.4166111945
0.3009894991
0.6763819331
0.2893190758
0.3694742576
0.4725035026
0.5357056597
0.2868720716
0.2868971047
0.6748169203
0.5310366272
0.3494987901
0.548223258
0.3007821469
0.9528507258
0.8362634998
0.2870252336
0.4459573726
0.8423734274
0.5884722596
0.3362707916
0.3187198451
0.2868855511
0.2885686589
0.7871261619
0.9327017677
0.5939314136
0.4394195023
0.3386766341
0.2921676865
0.3579399665
0.4609216701
0.2874063456
0.6283011752
0.3676050256
0.3240298668
0.870035869
0.3843779411
0.5009947688
0.3175024505
0.488751974
0.481533797
0.6846313496
0.3683817212
0.7331211864
0.6575220631
0.28693334
0.3250259306
0.2883111374
0.3735844664
0.2870992657
0.4936714942
0.2878407761
0.8529317693
0.3092634346
0.5186628883
0.95631773
0.9194668689
0.5386032004
0.8544903842
0.4167975331
0.3843779411
0.2950469817
0.2889268466
0.2887179965
0.4702120685
0.3346543771
0.4519748787
0.3470159593
0.3232635864
0.4560241852
0.6089572672
0.2869485688
0.6130559434
0.7968139093
0.468757978
0.8690438709
0.9179783691
0.2878593092
0.3126713105
0.2881161055
0.5153692657
0.4548062992
0.4121676868
0.2868671699
0.3496380085
0.320168178
0.4958192343
0.4745933417
0.765860452
0.313511983
0.8009172815
1
0.3170017793
0.8673836852
0.4153094787
0.2878780168
