0.5297625925
0.4623100918
0.2863576277
0.4664276009
0.2901259714
0.5836070374
0.4645714024
0.5527150182
0.483152888
0.3208991894
0.7306591029
0.3639605838
0.9146287552
0.6761391467
0.3811481034
0.700415218
0.9943234745
0.4005526328
0.3873484977
0.7546174709
0.8043591303
0.286317363
0.616942974
0.2858441405
0.7266040829
0.3140813012
0.5856453789
0.5824749472
0.4003749476
0.4641596479
0.3224103341
0.2942908415
0.7128270039
0.3082213761
0.3059444101
0.3359209502
0.8909993185
0.5637276165
0.3301659618
0.8001245125
0.4517344009
0.6922939113
0.2899729641
0.3734976737
0.5076058707
0.8748167198
0.3236183544
0.2903606282
0.4606706763
0.3445292959
0.7921452607
0.4987358663
0.3668825143
0.3943954378
0.6942737664
0.2868089386
0.3280465851
0.6575926798
0.6418369823
0.8537749135
0.7862364963
0.2861609907
0.6531002354
0.9684515711
0.7866322254
0.297573692
0.5653046897
0.5981141033
0.6779173541
0.483152888
0.3083079494
0.4227790802
0.3938736695
0.7581318578
0.4574051616
0.484210965
0.8033996404
0.9261616775
0.6133142372
0.3333103714
0.2999604131
0.6194370354
0.4827300572
0.2860889826
0.4890961671
0.3423869526
0.6217037516
0.6975672966
0.2922225332
0.3388518861
0.503485554
0.7974125647
0.2947275682
0.4618998266
0.4154624322
0.3831421794
0.3586961106
0.456591598
0.3229571835
0.6244229065
0.354307991
0.8911501832
0.4810410414
0.9397236981
0.6761391467
0.5437659303
0.2870856947
0.4477191755
0.2885324925
0.2978923148
0.8292253811
0.9602516782
0.850855524
0.2878725806
0.6542240949
0.2923168086
0.3515893644
0.3433199089
0.4239170099
0.444131457
0.298020929
0.8380537302
0.3437218065
0.4569982378
0.296161752
0.2863306105
0.3086558377
0.9301655212
0.2864282167
0.794492272
0.3443943728
0.8640528052
0.6964703305
0.4184471917
0.2976370835
0.9877227976
0.4341056118
0.4075613647
0.286317363
0.2877154758
0.2994795133
0.2863306105
0.2896024646
0.3600350567
0.7043482446
0.9461347842
0.4578123688
0.4670475257
0.8155485293
0.6035588534
0.7483773608
0.2912737794
0.3635033153
0.7143423759
0.3136003077
0.2893533411
0.33160509
0.328396523
0.2959841094
0.4878189489
0.7510873224
0.6488252751
0.2866833296
0.9256540169
0.3456135841
0.2862786651
0.2878725806
0.9224451943
0.2858387336
0.3000992989
0.6321204769
0.2862059705
0.7840554167
0.2870856947
0.3739782764
0.8805277999
0.8475647523
0.4873936471
0.3207923836
0.9782481109
0.3359209502
0.5786277517
0.794492272
0.6031050895
0.3567803457
0.8563310716
0.9148992773
0.3878579216
0.2923642014
0.5892707382
0.3100728457
0.927046253
0.4169518303
0.2897486031
0.9731310348
0.2858340243
0.33479443
0.3231769743
0.6821331963
0.3957914853
0.3218672452
0.828861123
0.6237432182
0.525564663
0.4766252848
0.3989571722
0.5863249815
0.6056008168
0.3305237852
0.7636803603
0.5178662403
0.4149054563
0.2867721813
0.3982507661
0.351305955
0.3935263563
0.5368601823
0.598340942
0.4726530918
0.5013237211
0.4935816404
0.8997426188
0.8798988989
1
0.2891805571
0.2863576277
0.3511644485
0.7622458235
0.2878725806
0.5599013604
0.2859634321
0.3233973648
0.3770467181
0.5831541727
0.379334622
0.9644179963
0.2913608963
0.2930455423
0.3107055518
0.3131232168
0.4300396576
0.5713953928
0.2928967392
0.2859779064
0.3963167448
0.8558213305
0.6515260264
0.2858204195
0.7760600825
0.3051308347
0.3811481034
0.3494767134
0.287192783
0.4774643506
0.3818109792
0.3011619463
