0.3929765241
0.2959297926
0.8779174892
0.6486722552
0.5054087913
0.9909711808
0.3169003685
0.28625612
0.5021602469
0.8578700772
0.6840133245
0.3619770968
0.3461648852
0.5021602469
0.3936699998
0.3393836705
0.3864750529
0.6138087207
0.7822975223
0.3634919216
0.3742797957
0.8329803001
0.5772834871
0.6285530114
0.8912641772
0.3566286298
0.586344263
0.3660957553
0.7632708667
0.748771742
0.3827840437
0.2911247396
0.7535652397
0.5051918943
0.2889842755
0.5707263918
0.6939532197
0.3809590437
0.2869852583
0.6990073484
0.4238788182
0.8614113415
0.436797502
0.313661688
0.2906743854
0.5034583941
0.7460500247
0.2879474459
0.9579290086
0.4909842555
0.3518728328
0.2870966623
0.2915086183
0.2991140863
0.7473072962
0.6094950425
0.6308184824
0.6425803101
0.6267399554
0.3241010379
0.946568282
0.3265798477
0.3881706314
0.3406849808
0.452098611
0.7543959944
1
0.3826175659
0.305781943
0.9443489576
0.6133546949
0.2867972825
0.3082970721
0.9036478665
0.3142379404
0.2867188005
0.9217563202
0.9120871039
0.8413967457
0.761216175
0.2870588321
0.6330829248
0.5220202088
0.3330886053
0.4219843362
0.3648659518
0.6280998018
0.3873214591
0.3609242049
0.6484468423
0.368422883
0.3189451082
0.2861267926
0.4655645946
0.9153661731
0.2861430252
0.3366965589
0.8242094158
0.3092554109
0.3096973929
0.4040939495
0.420098913
0.308643325
0.3165989667
0.7595683548
0.9462380259
0.5277558277
0.397866544
0.2888268734
0.6063161498
0.2864484134
0.5277558277
0.4229304515
0.6013207649
0.3627329413
0.4892773225
0.4240687605
0.5500213676
0.9204436286
0.6713348044
0.5527118902
0.2874684171
0.432707079
0.7462596996
0.2879218471
0.2989810472
0.2881856314
0.9645612259
0.7414242185
0.287973218
0.8069229647
0.83352265
0.335438886
0.3125260832
0.3147224407
0.2956410387
0.2870588321
0.5204803147
0.9647430016
0.8003826921
0.478900338
0.615397701
0.4780593918
0.7673630654
0.4102617307
0.2879218471
0.3464380785
0.6448379503
0.3317516245
0.3401627829
0.4119133687
0.5675653349
0.2883240173
0.2870033909
0.8882198049
0.6525015493
0.5266509168
0.3940173795
0.4021232464
0.2860510363
0.2873171571
0.3285444053
0.350178957
0.4098957672
0.461451863
0.31104715
0.5988233534
0.2907144699
0.850158399
0.2899822124
0.6015478157
0.7348649589
0.9897502109
0.6244728633
0.2865094768
0.8597296339
0.8918686715
0.2860508617
0.2895169457
0.3179150583
0.5045414815
0.2915521265
0.4736603744
0.5286403911
0.3009038437
0.350459942
0.3814554034
0.4701193861
0.4541189864
0.3520148499
0.6619379498
0.7912127169
0.3078678529
0.2977503343
0.2861939897
0.4690814315
0.8369413699
0.3210510219
0.957038387
0.2862733969
0.777490422
0.3257833267
0.2968212322
0.4286539537
0.2864367236
0.4152399731
0.6630588195
0.3624302265
0.6797974567
0.4474799835
0.2864723159
0.5023764858
0.4628882289
0.2863702454
0.2865614641
0.2862733969
0.3050556796
0.7183771467
0.58543748
0.2926952922
0.3211579138
0.3181198415
0.4820623366
0.5940566717
0.676461701
0.3093434891
0.2864602775
0.7025121051
0.9566397974
0.805391264
0.542864514
0.2860746018
0.8122485297
0.2953564891
0.4502865911
0.5121549712
0.3095201229
0.3500386642
0.2861939897
0.3053768459
0.5191619154
0.2863702454
0.3260101625
0.2895517026
0.623339022
0.6833483814
0.3248819313
0.4093475534
0.92357755
0.3771880291
0.843870197
0.7359260833
0.3025052437
0.3439989316
0.4818511261
0.9738365164
