0.5351149034
0.3745540748
0.8068598884
0.3490729235
0.3865357496
0.3008568183
0.3739158154
0.3155677206
0.3257865528
0.4385451033
0.574384284
0.2934662789
0.3180046812
0.334031728
0.3894144003
0.3391299472
0.5217834193
0.7805616775
0.4472695895
0.7611786845
0.4024939071
0.8895192033
0.294217391
0.5038032734
0.5035859258
0.6113850952
0.4531040133
0.9583270502
0.659051361
0.332945269
0.3211620428
0.6381259615
0.2980636073
0.302555397
0.9216443097
0.8420409271
0.3693468451
0.6854153345
0.2948252968
0.6040639841
0.8621671649
0.6807091726
0.5175909541
0.3448680128
0.4670300382
0.5088156462
0.2988960306
0.3845235154
0.4197099701
0.3593409794
0.4294052066
0.2904886376
0.3182038707
0.8113234568
0.7532019195
0.7900543303
0.35963599
0.3611188278
0.9054018129
0.2889463699
0.2917538966
0.4776837734
0.7268812754
0.9258438324
0.2971529128
0.9386171002
0.4472695895
0.2887544503
0.7447234206
0.6328768333
0.3315151493
0.9583270502
0.6207642386
0.8877815891
0.5420520993
0.7425911657
0.7320733868
0.8267442081
0.6026914867
0.4676519523
0.469729402
0.3203329706
0.5404829537
0.5869215893
0.3696586239
0.686310297
0.3051838274
0.2886389596
0.2936820289
0.622365012
0.4831787671
0.4637236204
0.2960236707
0.2904326878
0.7613875414
0.885234787
0.4361934647
1
0.4460706735
0.729480559
0.3420953507
0.6207642386
0.4762115125
0.4887142037
0.4833909331
0.7487609182
0.5120979942
0.8297336059
0.5857803195
0.8091932796
0.3084370482
0.3836899578
0.8168986469
0.3022073401
0.2930887919
0.3558416695
0.7485488744
0.8284280936
0.3867041772
0.5659757339
0.3194121059
0.4137511271
0.2907194102
0.6237369107
0.4238629517
0.9235525327
0.3815362403
0.3213708546
0.4172773357
0.6360726097
0.6631282356
0.3215802828
0.291580526
0.3914659044
0.3294098616
0.2892232703
0.289011387
0.9013744128
0.3517151395
0.3406677538
0.6463294973
0.6723880926
0.6705843599
0.2937695348
0.3858631771
0.5288769522
0.2900353124
0.6351597307
0.3544060477
0.5839548444
0.9916401403
0.3564196283
0.2920768942
0.2883567536
0.3221065464
0.7255792517
0.2886758763
0.4462702944
0.3112540747
0.3231705872
0.8531172768
0.5659757339
0.4699375167
0.6344749642
1
0.9155229464
0.6191632539
0.4053616124
0.2886036234
0.3210578683
0.9705097243
0.2970974373
0.2923000262
0.3212663716
0.289545027
0.4294052066
0.2960757398
0.9999535839
0.8681318145
0.3924976493
0.8066649916
0.28822643
0.5384677413
0.2954621836
0.4812719787
0.2897457071
0.4055417208
0.551046296
0.3825278265
0.2901374386
0.5222255915
0.3524185768
0.8880983278
0.8043208958
0.5371257143
0.2914785872
0.3028368375
0.4088011038
0.2974893332
0.4227258548
0.5487935304
0.491282125
0.2891498379
0.3489352196
0.2911821539
0.3107288146
0.2883500709
0.4549277855
0.8452881206
0.3123219339
0.619849414
0.4891416261
0.63196341
0.6638070625
0.3549787029
0.3298735482
0.3860311493
0.3372366158
0.290060582
0.6251086101
0.9769466916
0.3044322073
0.3012549564
0.9247691108
0.7283983016
0.7085161634
0.4945032716
0.3665632534
0.289011387
0.4021373126
0.2890449478
0.2920768942
0.6958999917
0.345269135
0.2886510895
0.6267086471
0.4346325029
0.9037692412
0.315281896
0.2924907319
0.4480704482
0.2917538966
0.9594905299
0.3265659979
0.3206427137
0.4420951291
0.5042381163
0.7102773844
0.4797923229
0.322530323
0.8416785579
0.2892420665
0.5315469559
0.302555397
0.2910235547
0.9602242614
