0.5544078709
0.4260691004
0.8867297413
0.2943799661
0.3986616954
0.3442108491
0.3077666423
0.885028536
0.7689631383
0.4601225641
0.7048566082
0.4673225212
0.4368959585
0.7371521176
0.2887691357
0.6770594149
0.7862547188
0.2928573421
0.2880902045
0.9783176329
0.5400867601
0.6046358619
0.3307452883
0.2868945468
0.3714936516
0.5111792056
0.3689747621
0.2873196856
0.3135415122
0.9937473779
0.3442108491
0.4094398226
0.2911485536
0.304726538
0.3232904222
0.6638806764
0.3297941871
0.4451865578
0.7617992419
0.4679434804
0.7919808891
0.3144053814
0.2946485574
0.3157742697
0.8627779587
0.2941681365
0.6370734271
0.5939635872
0.4109040042
0.5814898196
0.3503983468
0.3100343575
0.6575971635
0.8433551408
0.6850538667
0.7814751077
0.3230710056
0.2989821536
0.5953255889
0.5584536326
0.5461153767
0.2924303674
0.4022138872
0.2942208401
0.3845416968
0.9362295348
0.3062600944
0.4078001037
0.5146748232
0.6815055018
0.5129256536
0.2867237635
0.2884172098
0.9727751924
0.3011139966
0.3077666423
0.7271397164
0.3559791539
0.913529142
0.9317422764
0.3503983468
0.3491390308
0.5620555601
0.8313548231
0.419629634
0.7079108311
0.3546735786
0.6537741273
0.4451865578
0.914757771
0.3016173267
0.3745247637
0.2893102904
0.2871048782
0.8790682174
0.3025734301
0.5602539549
0.5294234874
0.5537342768
0.44181386
0.9762299516
0.2864039023
0.290739905
0.7644683527
0.465256954
0.8682491924
0.4532100144
0.2861451955
0.6857183136
0.4386605642
0.7363040928
0.3937587352
0.28806408
0.2864897699
0.3200625795
0.4667021546
0.3963750388
0.4790082847
0.3151838715
0.3379167256
0.2981996906
0.7046381624
0.2934480705
0.2902721685
0.3184999428
0.5629568274
0.3002699229
0.703326695
0.702232776
0.6366209269
0.861940916
0.7770621466
0.4524022686
0.3897939139
0.5492490839
0.7386342802
0.9508847322
0.4357232544
0.9582433803
0.4794292113
0.4274076911
0.3370257457
0.4232153187
0.4368959585
0.6783944472
0.8517334669
0.2867384185
0.5580037586
0.4264511147
0.8346131082
0.6582712073
0.9249465597
0.3641834265
0.9923974249
0.2911485536
0.298135567
0.3365197252
0.5018410047
0.3218749802
0.5452209761
0.3288524341
0.2868781504
0.629601201
0.9544277934
0.2892111677
0.444788593
0.6503962245
0.2861153392
0.3495576009
0.5692737609
0.3405003366
0.7146462557
0.3381725608
1
0.2980078197
0.3027229808
0.2863651541
0.4164495186
0.4050850527
0.3525211356
0.4473809006
0.7441181345
0.3767855932
0.5398638769
0.783869465
0.2862960309
0.4673225212
0.9072691562
0.2881964353
0.8649443655
0.6057714577
0.9721242798
0.8472182787
0.3301497566
0.8258694261
0.673717461
0.3097672004
0.4004326401
0.8240258927
0.8680847644
0.5276536839
0.861101765
0.2862656567
0.3590662259
0.7615935278
0.286501288
0.3300310875
0.4058068737
0.3085394099
0.9232672339
0.846518778
0.6823933173
0.4700175868
0.2865740576
0.3367724521
0.3472016752
0.2994496371
0.2880902045
0.9095171471
0.618941439
0.2865740576
0.3779246243
0.3718106842
0.2861231962
0.4923776639
0.6582712073
0.3052847364
0.5234595655
0.3283850752
0.5994124857
0.3352646112
0.7426450564
0.3480287418
0.2874242783
0.7693703546
0.2862804948
0.6391090374
0.5762820134
0.3823711199
0.2861485128
0.2922450295
0.6799506868
0.2869278618
0.2865248472
0.9097964273
0.2943799661
0.3545291658
0.3006187339
0.530530739
0.8269719488
0.4101711342
0.782673418
0.444192231
0.6420474106
0.2877165404
0.4609411842
