0.4398198723
0.5798103921
0.8374143168
0.6969710525
0.5651294738
0.8639634826
1
0.3738511219
0.3363288488
0.3073916996
0.2999870254
0.7831309471
0.3127721057
0.8973360425
0.4308494597
0.5128790315
0.4880749799
0.6721913459
0.342816378
0.8560672702
0.3348241328
0.9705511197
0.4247150929
0.310190275
0.485101482
0.285853627
0.9629550072
0.3474248807
0.6122343759
0.6833014623
0.2862915113
0.773307033
0.2884068428
0.289885727
0.7440470291
0.7398386754
0.9716967782
0.8228802875
0.3806859148
0.6058814509
0.7922155394
0.4021920836
0.9522931343
0.9137599383
0.3113736217
0.3155756145
0.287398641
0.4213042523
0.4747830637
0.3875525759
0.727309975
0.5273774527
0.6797540361
0.3192368312
0.2893790124
0.6172244878
0.2883771112
0.4885006483
0.8500677887
0.5194482532
0.3422845881
0.7288050368
0.4382472828
0.2948090706
0.2859165956
0.3318764132
0.3312727391
0.3649108489
0.9229153903
0.9763638516
0.4394262403
0.3303143936
0.5970329214
0.6267436063
0.498995519
0.3073068775
0.4291151803
0.2942094466
0.6167709249
0.680419758
0.2862198553
0.3764306069
0.4998576303
0.3351983928
0.289664438
0.6583242411
0.3202890416
0.3993464236
0.7544771791
0.7606704204
0.552315623
0.2911274213
0.443178642
0.8250913382
0.8680874108
0.2977907837
0.8666089536
0.3164722218
0.40326594
0.3451009659
0.2914745534
0.4433769289
0.3196558892
0.2957758386
0.2895561136
0.6131418015
0.5069991755
0.3954769224
0.4207386202
0.7182933894
0.3195508962
0.310190275
0.8744132163
0.3588762095
0.3442901287
0.5854707995
0.8726423912
0.556579392
0.5786790872
0.5353522751
0.37986153
0.4554137927
0.6603427464
0.9608105486
0.7988410634
0.2862085222
0.2858475217
0.3740114555
0.6976291843
0.329957411
0.4145713879
0.3213564335
0.7360340985
0.5809419725
0.8924329719
0.4550082622
0.7704733243
0.2894493368
0.3408335538
0.6522586638
0.596579247
0.2891721697
0.6592215705
0.9240751269
0.2900366881
0.3396588268
0.9562528204
0.5130974088
0.9068373364
0.2988996362
0.379040016
0.7243131516
0.4275794678
0.4241446043
0.5662564943
0.6167709249
0.4840421759
0.5847912385
0.3276111198
0.2867615582
0.4966287919
0.31819987
0.321464005
0.7969004059
0.2995742933
0.3043604223
0.4639950331
0.5289246943
0.8702106586
0.4501646509
0.356811999
0.7450959395
0.2868343841
0.680419758
0.2869293262
0.8267425491
0.6866200903
0.480662009
0.4023708061
0.3557893465
0.2907088898
0.740049571
0.3840119166
0.6730827221
0.8453713323
0.6894904759
0.5527640548
0.3118358535
0.4758294009
0.2864107491
0.2863427649
0.9298770028
0.2892404286
0.4554137927
0.2965478668
0.28615447
0.3661417479
0.3451009659
0.5440374137
0.4171754337
0.7356103883
0.286779504
0.3110981732
0.415685155
0.3416229528
0.2860032781
0.3189241386
0.2858553713
0.6369252352
0.2898484161
0.9347497448
0.609738737
0.2904659862
0.3006881105
0.4745739807
0.7294450854
0.2866242509
0.3599177053
0.8657845903
0.3639928741
0.3255497561
0.2887452851
0.3556437703
0.5952183165
0.2863040635
0.9714530795
0.7745178747
0.9873128503
0.3012608304
0.291343098
0.7878877648
0.5696400644
0.2873296982
0.3620193213
0.5795841087
0.5451540249
0.6430222045
0.4231955741
0.4838304846
0.3291295523
0.4088716597
0.560625912
0.5983940264
0.8553867256
0.9287584647
0.390282908
0.308508943
0.286164932
0.5043963525
0.524949572
0.2884068428
0.2858457773
0.2879790165
0.4929831668
0.3437523013
0.8500677887
