0.3582924681
0.8642484242
0.7709431706
0.958458595
0.4973614819
0.5856642739
0.3038417105
0.8649242462
0.8190702708
0.332815314
0.4415953573
0.3508288878
0.8681158924
0.7031496985
0.8419248624
0.291224651
0.3400602451
0.3125900056
0.3283334732
0.2973689692
0.2915989061
0.2884944218
0.9110126084
0.4752410917
0.7267047013
0.2874122541
0.2983283161
0.7160764505
0.2884748071
0.9932409733
0.4544105088
0.4339473132
0.4249036185
0.298699174
0.6096011513
0.7994309597
0.3283334732
0.7474213185
0.2929123526
0.417363841
0.3849047595
0.7301524338
0.3849047595
0.5424842368
0.444769096
0.2905611949
0.5240134606
0.5528125951
0.4990877581
0.29802389
0.2888095908
0.295686736
0.7031496985
0.7095203451
0.2884170109
0.3158010453
0.5688532201
0.9043764503
0.5064600045
0.2875669158
0.290494993
1
0.8048940246
0.6289807747
0.4523873872
0.4151311595
0.4997359524
0.6960845488
0.3629096795
0.287483802
0.3029562237
0.2926099816
0.5514622355
0.728645471
0.340707261
0.5012501659
0.4517819133
0.3922126914
0.4872881978
0.43181338
0.728645471
0.2874092728
0.440213354
0.477550648
0.4337528901
0.514763752
0.8250788251
0.4372654844
0.3082018628
0.3020945021
0.584071087
0.7960883926
0.5954603266
0.3059205098
0.4177372861
0.296396994
0.5003846006
0.8630624907
0.8599940756
0.3779696042
0.3139841625
0.6982962609
0.9579418442
0.4306538235
0.4347258586
0.9163424139
0.3647298901
0.56998657
0.3715577927
0.3796022538
0.2893167469
0.3372554303
0.5911300927
0.9437035923
0.3422744345
0.4540052876
0.7998229352
0.3271895341
0.287385948
0.289754688
0.6663774482
0.3456038464
0.4147603853
0.3114106182
0.6849766827
0.8691173975
0.2874064668
0.2979032973
0.5012501659
0.971666994
0.3091328365
0.7719673506
0.2885142111
0.9602969602
0.2876363458
0.3230873483
0.292652662
0.2901743849
0.6100574046
0.4578667776
0.6657019256
0.6271585082
0.3667222281
0.2875222038
0.2877062956
0.6360365508
0.5879410861
0.74084998
0.444769096
0.3898107792
0.2989497701
0.3053701049
0.3351354038
0.3492962074
0.6943127326
0.4652542447
0.3506888794
0.2982670945
0.8453222524
0.2957941402
0.3731427336
0.4922027083
0.9461393284
0.6023014022
0.290494993
0.287461707
0.4039993382
0.3329361171
0.5226877408
0.2874897641
0.2877278578
0.3228715023
0.3210614282
0.323303802
0.4366781548
0.6546410339
0.3822387538
0.3439949104
0.563871809
0.6182688172
0.3733018933
0.3298427958
0.2958480969
0.7189061173
0.726272928
0.3390323632
0.3548033688
0.8079917222
0.515422029
0.9592798891
0.5722545204
0.4866493611
0.4156880407
0.5950044053
0.9314874722
0.7711481241
0.2879119015
0.8694505487
0.3181768288
0.4074268671
0.8366847588
0.5302180538
0.9971743469
0.6688525732
0.3112315632
0.5806589041
0.9975386696
0.2874092728
0.7762527349
0.3033960016
0.5204813426
0.3382674048
0.3059997918
0.2875513107
0.8302740888
0.2962305448
0.9148138571
0.4149457243
0.6744668931
0.728645471
0.7770660059
0.5451729809
0.401675451
0.3401893663
0.4085168128
0.4312332106
0.3422744345
0.2873854219
0.3042933398
0.2876002289
0.4967149774
0.2876652732
0.3516717571
0.5693065087
0.9729789122
0.3273032573
0.7786896426
0.8816936487
0.9914279527
0.6321684184
0.933132737
0.9088706875
0.2929562355
0.5852090268
0.4045380867
0.3107867202
0.8456782082
0.6582581496
0.2874959014
0.2924829717
0.7292915844
0.637401021
0.3726659794
0.4116244328
0.2875222038
0.287483802
