0.3387053636
0.3694988628
0.645432442
0.5401529371
0.436980363
0.865496579
0.5648142863
0.466787558
0.9639188507
0.4202746312
0.5926391165
0.3514214283
0.8418799999
0.3073806178
0.7575553026
0.5639129123
0.72148064
0.5123470653
0.8909900847
0.878133711
0.3811078973
0.4911770407
0.3119106805
0.4115330032
0.3422340866
0.3093724304
0.286255051
0.2975451789
0.718896965
0.5903713577
0.503434581
0.2859625226
0.9694482269
0.373460425
0.4005065498
0.2928456894
0.29334271
0.3198377632
0.3792950811
0.6627424302
0.4334707073
0.7454844083
0.5060352619
0.303652001
0.2916330062
0.845048602
0.6870058936
0.3502927143
0.6940620991
0.2990380957
0.3187929184
0.4229180466
0.2879940023
0.3929621345
0.630743861
0.3199430859
0.5023529522
0.3071270523
0.3417049274
0.2898438426
0.3084960508
0.5097307888
0.4926734438
0.9687698985
0.2859148913
0.4680288003
0.4146708671
0.7450650006
0.3248390083
0.2896255945
0.4571484518
0.5998991533
0.3356544568
0.3101747658
0.3001283925
0.5169401988
0.983999548
0.3280380224
0.6861215265
0.4057024078
0.4869161031
0.6949417077
0.2868847403
0.8160041695
0.4933155486
0.4144855251
0.8757446852
0.2982482095
0.2881584288
0.4417011475
0.2892415584
0.4191472058
0.2860504496
0.9050733466
0.2914130077
0.2860305623
0.8806600835
0.6501645417
0.3072114138
0.2910698934
0.2861927867
0.3275739298
0.9279800277
0.7926016486
0.7065423333
0.302886818
0.6510650173
0.3108076799
0.3589623242
0.2859143679
0.515626016
0.2998518502
0.5314869743
0.310354807
0.6964796871
0.4655486887
0.2859279771
0.6005799559
0.2863854935
0.5272830528
0.5439446647
0.7635216634
0.2911972793
0.7777219797
0.3122833868
0.4250073924
0.6587066286
0.3437006399
0.8013531557
0.2876345791
0.7612641439
0.3094609436
0.828586431
0.4120847347
0.4338593367
0.4649301513
0.3480608538
0.5519997091
0.2954427496
0.2882429775
0.3236141208
0.2861367969
0.361955219
0.305473588
0.585837879
0.326767439
0.2861640074
0.9566810555
0.2868483186
0.3771706523
0.5250755371
0.9542678084
0.7208353071
0.8071108913
0.2866128438
0.5162829244
0.3515631135
0.3888369288
0.9006196151
0.7387494828
0.9608519056
0.7781233722
0.9251935547
0.6730213752
0.4713502004
0.7191125088
0.396447013
0.5607604379
0.5069036282
0.3084092894
0.7680158431
0.6404673613
0.2973569425
0.8199263593
0.4064257175
0.5079901046
0.5272830528
0.3084092894
0.5468495903
0.3319560492
0.9083189756
0.2928456894
0.3806121172
0.4315326177
0.7521665006
0.3532736183
0.3041973137
0.288975349
0.9932642652
0.4954592706
0.4172755377
0.890687616
0.7753084739
0.3092840761
0.3893491562
0.4999775745
0.3507149875
0.6363998533
0.3725028241
0.8300439412
0.2926035465
0.6535397923
0.8594878681
0.6089772636
0.3037294151
0.3185857816
0.4393349413
0.4234867953
0.6042111576
0.2870772764
0.3006186935
1
0.3696558814
0.743595456
0.5951342815
0.2864655269
0.3871366424
0.3281544131
0.2861640074
0.2859756076
0.3895201174
0.9313337223
0.7030511872
0.5847050058
0.3512798753
0.5576118093
0.3006893957
0.426724849
0.2863478278
0.8358249501
0.9649151798
0.9052155055
0.3313522302
0.9205304285
0.2875619782
0.7920134156
0.3852791043
0.4381561869
0.285918032
0.3811078973
0.3441034916
0.5871976041
0.9500047737
0.5833458539
0.2864935977
0.3329296666
0.4721831082
0.4060638636
0.585158129
0.8311338736
0.5204517236
0.2859710715
0.4174622873
0.2866930282
0.6533149076
0.3295625352
