0.2903368356
0.3455023071
0.7579314492
0.7799503952
0.4387327512
0.4338466617
0.3305899111
0.2994985865
0.3394093033
0.8224929107
0.3018020823
0.3099569482
0.3320296633
0.7801510155
0.3174690045
0.7491900579
0.2948290443
0.286290599
0.5308557155
0.4017460975
0.8929180912
0.6620438342
0.8589281893
0.4206392844
0.3581027307
0.6002340992
0.2910388666
0.3171659606
0.7065990457
0.3047550757
0.3367258602
0.2928927867
0.4013896291
0.4843714386
0.9762922033
0.3582502119
0.6163678019
0.329288576
0.3026841958
0.3563430116
0.9649129137
0.3326357244
0.5605971383
0.9235727817
0.7815536177
0.622726465
0.5673634865
0.4379475096
0.5804860342
0.8741620337
0.3121354665
0.3111256573
0.2883999773
0.2924240442
0.456528939
0.865474187
0.3741120838
0.3836053845
0.3434833539
0.6539493967
0.4591778236
0.294401065
0.3664025777
0.361376853
0.3047550757
0.9956045877
0.3441529113
0.2918401901
0.5235596997
0.35089447
0.6265846109
0.2983181899
0.6070515579
0.7305802185
0.2863115638
0.7142165779
0.8468621293
0.458157601
0.435209534
0.7052883679
0.5547474733
0.4974016257
0.9771316555
0.5462261223
0.885259989
0.3093387699
0.4860687379
0.9288235137
0.9426493341
0.780752504
0.8832318731
0.4854318258
0.5509308908
0.3024614525
0.470305496
0.2992316212
0.4286288535
0.3696709955
0.3330010954
0.3140202975
0.8035656846
0.469682201
0.2954351742
0.2884545118
0.2900067092
0.2870215874
0.3082114703
0.3797941907
0.8663041049
0.9598095967
0.3693573952
0.340447871
0.8510442322
0.3054717385
0.82931114
0.4963261765
0.3758824009
0.7537807473
0.9122991429
0.8857258605
0.8676275342
0.9787705589
0.4401100578
0.390546896
0.6674243362
0.4899007387
0.4669880329
1
0.2881631524
0.91586198
0.4723873194
0.8096997829
0.7384514233
0.3068612052
0.4486560564
0.7875298689
0.3012271542
0.4466557463
0.4031760617
0.2952124002
0.7420456012
0.5475691828
0.4276694996
0.646959119
0.5861550041
0.5732401217
0.2913687293
0.3121354665
0.2905646611
0.8043363352
0.7211372707
0.292196069
0.415587983
0.6231804753
0.6259039246
0.5288620623
0.7275851257
0.7428891919
0.2863886044
0.3559059928
0.5255456339
0.6435708814
0.850870911
0.3976716638
0.6465075616
0.4542970438
0.3154750088
0.6629415071
0.918290181
0.2864134095
0.6050062315
0.6247692866
0.3017296404
0.2951020256
0.4082318102
0.3104032774
0.4795122635
0.8159499426
0.564203787
0.6954158587
0.4504628424
0.3692007775
0.7254402986
0.5569956244
0.2863042262
0.4311333338
0.4715538234
0.4822549623
0.4788807557
0.6613703453
0.6929916813
0.5408637176
0.2867370267
0.9675242784
0.4835241564
0.2867752651
0.2898644632
0.2872078051
0.2863430098
0.4029969593
0.3301146521
0.2872257787
0.3591377933
0.529083441
0.3189015297
0.4042528063
0.3704571208
0.5149900871
0.299099135
0.7217838452
0.343349855
0.4782497877
0.2866767843
0.3018746887
0.360328396
0.2867124064
0.2878226889
0.4488565076
0.6514709517
0.2920167624
0.8296767575
0.2894212125
0.9651872594
0.6156862855
0.5590208193
0.9429919644
0.2926094955
0.3417586347
0.2867495984
0.3486575325
0.3405783208
0.2877093424
0.4042528063
0.2892264713
0.2868849064
0.3298778988
0.3920954142
0.5348512009
0.7258696249
0.9913510889
0.5062666672
0.3827717314
0.2866317304
0.4514692454
0.2991652951
0.5433194851
0.3401873902
0.2869744587
0.8487847151
0.393826257
0.5149900871
0.3256040964
0.2863945437
0.3035899005
0.5689446022
0.9326822205
