0.5964240858
0.4003865032
0.9193965313
0.8508036087
0.720039562
0.8031529656
0.3243681562
0.7095921497
0.3144798091
0.2982068806
0.3299541074
0.5164345166
0.4337109322
0.3178194164
0.9921372064
0.7247957013
0.9011652112
0.6884365321
0.3034789042
0.6426088536
0.5138034221
0.3875494913
0.5081241971
0.3767764634
0.5497696417
0.8962489534
0.347965272
0.2896332995
0.8371107518
0.3780760073
0.4810751226
0.4382034031
0.2908052614
0.9783825807
0.7069659455
0.397034481
0.3672740918
0.3177186258
0.2940763808
0.9793798876
0.2875247582
0.644195391
0.2940763808
0.3283217187
0.300617354
0.8535892103
0.2871690763
0.7620131444
0.9207428878
0.3260401288
0.5619305577
0.6059896865
0.409202818
0.4598607379
0.2953144606
0.6269377696
0.2909526785
0.5120527856
0.928870787
0.5628338985
0.5361233818
0.2996126107
0.3918200103
0.6611422537
0.472884221
0.3201801993
0.6466870415
0.3204941234
0.3629908998
0.3112315491
0.2904141053
0.3766145506
0.9687534989
0.8439270721
0.8367488727
0.2955303157
0.3531478648
0.2870284745
0.726519951
0.4002091383
0.2924468844
0.3356438396
0.760149089
0.6000675125
0.4716325389
0.5946028105
0.7146099132
0.3873801109
0.3492089743
0.7410568738
0.4499241441
0.4376149233
0.9234062204
0.3117746231
0.2869715612
0.3264916804
0.3585117809
0.3599920276
0.2878379466
0.5195116993
0.606445281
0.4000318775
0.462320586
0.6296667341
0.4893566249
0.836929851
0.5461800675
0.8195857749
0.290989964
0.6410216201
0.5513421756
0.9463730419
0.399854721
0.8453475721
1
0.3192467122
0.5007445249
0.7677831527
0.3596949495
0.6667662814
0.2869778656
0.4441285887
0.2958591803
0.4233425588
0.9813185023
0.2896029307
0.8158110624
0.2870477365
0.2945291848
0.6089510695
0.9159880361
0.3930280404
0.2960258972
0.7634598254
0.291372299
0.6802014942
0.2894243593
0.751181781
0.628757216
0.6690118515
0.5219350237
0.5461800675
0.7886076461
0.3937207297
0.2898507335
0.2883494518
0.6604664459
0.9200709306
0.7667560827
0.2933054876
0.4393825891
0.304852481
0.5834572119
0.6645183597
0.4678915214
0.7763526494
0.5396921344
0.2882209512
0.9059797825
0.316620165
0.3984412349
0.846939535
0.5439401171
0.2872510095
0.2887227708
0.2921038741
0.4906383289
0.3557349664
0.3110517965
0.9711437755
0.2982690205
0.2992212082
0.4859485425
0.8989430803
0.3895907323
0.9401049997
0.3393130803
0.2872412059
0.5635116112
0.3409965496
0.609862257
0.7657275734
0.4222065664
0.4012748866
0.9761713383
0.2892803203
0.3344064525
0.952661988
0.3235994841
0.8279716938
0.3173170126
0.2902095593
0.6185169753
0.5245840253
0.8608012799
0.2975947089
0.3604386064
0.3106942025
0.3487931896
0.5560669788
0.2877042882
0.4501251482
0.291450833
0.4378110004
0.5707508468
0.327630996
0.5639635168
0.3347761581
0.3382889402
0.7903958873
0.2874444288
0.5274598966
0.88658554
0.6699094023
0.3133443241
0.8075986865
0.3620858959
0.738932918
0.3346527788
0.7254426279
0.4152749637
0.2883936791
0.2882209512
0.6930915516
0.4936365791
0.3085171844
0.4417497848
0.5085599858
0.46027001
0.3467325596
0.3918200103
0.7167848892
0.6714791621
0.3506036787
0.4955695404
0.3042354542
0.6321671457
0.2876570475
0.4779136981
0.4258150685
0.3675837719
0.3890789249
0.2919780774
0.2874316523
0.2920198379
0.4115822222
0.3730825274
0.9360054667
0.6527945603
0.2876264269
0.3104276809
0.6014340343
0.2884160541
0.3061983243
0.329134298
0.6455547031
