0.755225383
0.6003736979
0.404057568
0.9815215004
0.3195862139
0.3898693059
0.9746692442
0.3599800823
0.3038711754
0.2878345356
0.5274222951
0.5964950221
0.2881956369
0.3858026967
0.5522370007
0.9394914349
0.2926550689
0.9747544671
0.3854667401
0.3878279279
0.4946393602
0.7681076784
0.5712294679
0.3814709127
0.4742634334
0.5734993985
0.2881370723
0.2895923531
0.3285266649
0.8740999547
0.3118637897
0.9369232516
0.9279113339
0.310792665
0.3396164708
0.3276097822
0.3936531909
0.9986587422
0.9937154075
0.4253441219
0.9576727078
0.5565195997
0.4927067821
0.656384018
0.9630634128
0.3794979517
0.9122582714
0.2888700429
0.3040204912
0.2946737721
0.8080806731
0.4480264136
0.3224172155
0.2892357463
0.4486276497
0.557196582
0.3382124433
0.4942095231
0.5309745707
0.2876984
0.3145469144
0.7777265185
0.3626707472
0.6279834113
0.6314014779
0.9021077142
0.3008882708
0.7340201281
0.3139808567
0.8422405468
0.461615396
0.3990740632
0.2880029182
0.6615823584
0.7232377078
0.488427997
0.6314014779
0.5135312644
0.422874847
0.3307423248
0.3768935966
0.3971387635
0.3180619895
0.3199985505
0.9062234837
0.6131554165
0.795371814
0.3640315802
0.4833233058
0.8594706792
0.4797279645
0.3713030253
0.7344490508
0.2892600855
0.6450498753
0.604481674
0.306418807
0.5694147028
0.5574222885
0.2924467031
0.2986268724
0.4782526144
0.7882125643
0.3790073395
0.6984859926
0.2965157089
0.2957007919
0.8616972926
0.2877694531
0.7053250272
0.6316292785
0.361170807
0.2913960078
0.3964382102
0.3832941281
0.2881807332
0.9085422013
0.2882259696
0.5327541148
0.2976026713
0.2891166662
0.6920579932
0.2946242116
0.5974075311
0.8255643021
0.6956079652
0.8611847095
0.5461669862
0.5448207905
0.2983815058
0.4587486611
0.4432419882
0.644368549
0.289384396
0.8138483795
0.3341042503
0.4124183168
0.3576234384
0.3080493208
0.3328904145
0.4524515535
0.7730357396
0.4264889555
0.3171642234
0.2875555726
1
0.9153521343
0.3725678384
0.486935706
0.3281817169
0.9175729306
0.3334955136
0.8411606689
0.4189188985
0.3309786534
0.2913231868
0.7154069662
0.6685709784
0.2877608569
0.2881956369
0.3151186483
0.3373279431
0.2880155455
0.4232537314
0.301780302
0.3908959957
0.3628214429
0.5392229858
0.573953573
0.6010582936
0.411866633
0.327041579
0.3092292402
0.308383209
0.568734448
0.4765702023
0.6813596841
0.2886839731
0.4444338093
0.5472895862
0.7267002675
0.9377842836
0.8000974821
0.44842716
0.2928248591
0.7491280919
0.2885867157
0.3336169702
0.2880029182
0.8318688758
0.3268153445
0.7431997857
0.2877361204
0.812891492
0.8255643021
0.2878055913
0.8601572903
0.2875545197
0.378354834
0.2921222743
0.6833708872
0.3819667677
0.4746822764
0.2962946635
0.3046243325
0.3595356858
0.3856346617
0.4993814217
0.4054963015
0.6218266497
0.6559314958
0.2887855986
0.4285961942
0.7421370087
0.3181625192
0.3284115334
0.4402751577
0.7286429849
0.4922779136
0.9675929807
0.2948737213
0.347573618
0.3144521769
0.5928459008
0.8393546099
0.7728310777
0.4053161025
0.5278658218
0.3427391398
0.6529882884
0.3938264437
0.2878650577
0.722370328
0.8388112716
0.411315832
0.2878650577
0.67486375
0.5585511603
0.2901609778
0.8834899932
0.3289886766
0.572364234
0.5610366152
0.727995815
0.4734265134
0.6773304169
0.4490288615
0.291694206
0.5076295007
0.6649666367
0.774262467
0.4713387229
0.3799896177
0.3385936542
0.7635611098
0.860671375
