0.374149406
0.4724464816
0.7994784336
0.2967844731
0.5337801104
0.4691191202
0.7655859398
0.5498414892
0.4662212831
0.5764246982
0.2896802794
0.2979646005
0.3481165641
0.3140704638
0.3668978718
0.8421726939
0.9399780824
0.2870632402
0.5242653976
0.7577711587
0.3757593395
0.8914870594
0.3085813134
0.443135586
0.3026042314
0.3111633991
0.9240395332
0.4899563805
0.6911440097
0.6722814635
0.704099029
0.346192698
0.5798200878
0.2956647922
0.6295098917
0.3856624091
0.3523275861
0.3481165641
0.3286876986
0.4026918451
0.3204386003
0.2913597028
0.288881217
0.3019379828
0.2867116607
0.2865199343
0.3880317504
0.2990050691
0.2867418372
0.7486228363
0.3928349832
0.4933765026
0.6771837666
0.8371877845
0.5617488105
0.5135067931
0.5748411424
0.5543274667
0.4393832214
0.5335581257
0.3031315886
0.9872504013
0.6045481733
0.3420276792
0.3471513216
0.7102022121
0.5220621508
0.3327489759
0.28618382
0.6464692978
0.5384491006
0.2860874615
0.9182633241
0.3353408417
0.4156448881
0.2965437183
0.3856624091
0.4649833187
0.2976481957
0.2961288518
0.4449230012
0.4407623131
0.2864832934
0.9860775173
0.6079544603
0.2931564387
0.290618079
0.2865199343
0.6981858007
0.4567930457
0.4857007289
0.6063648647
0.6926873909
0.3354658371
0.2866115292
0.3909378321
0.3151381613
0.6156741457
0.9516963753
0.2988067393
0.777150659
0.3267204776
0.4829465573
0.3047615891
0.7180030669
0.4804128841
0.3192827594
0.6955492694
0.5233836497
0.2881278254
0.8414643483
0.301070327
0.4158308056
0.3286876986
0.9859577624
0.6469204474
0.744850733
0.3798353963
0.9157104807
0.8512646229
0.44611812
0.349646676
0.5386717728
0.5752935213
0.3602048723
0.675625376
0.8323229582
0.5653548412
0.9507468282
0.2860743684
0.506969087
0.5660314887
0.9766183142
0.4471161766
0.3413682825
0.8882911696
0.3137825486
0.3069623328
0.9027135601
0.3378677185
0.7975362277
0.2870632402
0.8529879472
0.3118066244
0.7575644117
0.8393317251
0.7509196628
0.6070461231
0.2862963978
0.4145313654
0.4953062313
0.3668978718
0.8294136354
0.3071300257
0.4439292091
0.3851575309
0.904007311
0.8931450161
0.8387967978
0.2935569934
0.4465171118
0.3537577501
0.3058880219
0.2878942985
1
0.8800481875
0.2877950154
0.4664278435
0.7821607811
0.2872576223
0.4061094786
0.3536141428
0.7721022531
0.3775438417
0.3107086915
0.7588040621
0.5225024996
0.3148451024
0.6478225462
0.2861550184
0.4019769958
0.3076369578
0.7837557827
0.6749570799
0.3893953795
0.2862545102
0.2901922149
0.8050723224
0.3371037085
0.2862389764
0.7251055813
0.6308691659
0.9568164736
0.6376595903
0.4308069171
0.5804994796
0.4176951387
0.3339753143
0.3582740999
0.2872576223
0.9535699638
0.3309365181
0.2861965622
0.8281346786
0.9656332396
0.6442125761
0.7672206433
0.2860738447
0.4473160183
0.4090154263
0.2870447583
0.3261500057
0.2866821808
0.2860787328
0.6115876075
0.2860775108
0.5811789698
0.4878257989
0.2866533976
0.6787407807
0.2901922149
0.4778876985
0.6079544603
0.5502896543
0.3635211267
0.8618159112
0.28618382
0.4113950032
0.3272946489
0.2868203254
0.6742885384
0.286545233
0.724032519
0.3923162837
0.765176685
0.3051602447
0.4684970747
0.526693231
0.4584221822
0.3816517466
0.5034988448
0.3585697366
0.4281124329
0.719082243
0.2860874615
0.9637233187
0.7579778503
0.2860947936
0.2883191573
0.4728635468
0.5807259655
0.3459200254
0.3274099263
0.5655803728
0.301573584
0.3780329761
