0.7996836361
0.8867203197
0.4122351411
0.7122882604
0.7085755008
0.5337901919
0.9781867371
0.8966707149
0.3286032901
0.6780565647
0.3221271174
0.468419763
0.4148209056
0.4974071366
0.3059762893
0.2892224149
0.8609686809
0.3494168817
0.7019965527
0.3959046009
0.9887332204
0.3149929704
0.6664081715
0.9503036324
0.4993480722
0.3789797168
0.7168586373
0.5224921465
0.4400822437
0.3251905667
0.3288355572
0.3026781715
0.2970575951
0.392431092
0.5051949287
0.2928324495
0.2878154831
0.4595641982
0.5326784934
0.3319085646
0.4873402374
0.3325108616
0.6544706955
0.3384763597
0.2894847552
0.2990322065
0.3675101924
0.4636672968
0.3581455738
0.6067793938
0.9349596989
0.5933458982
0.289366425
0.3125373718
0.8711673207
0.4971917312
0.3525081873
0.8165939594
0.885782496
0.3046362522
0.4164931015
0.4375273255
0.3953808361
0.3000837351
0.4085742901
0.568372862
0.9525785773
0.422311119
0.8759038675
0.7033150269
0.2941169266
0.6916245358
0.3067047444
0.542041677
0.7107608537
0.6751510493
0.2875538073
0.3070327159
0.4888319619
0.6874106371
0.5908430937
0.3617128237
0.4011945631
0.2903559729
0.3536482814
1
0.7383597114
0.7930084058
0.2957999579
0.2899531881
0.4727895634
0.3525081873
0.2885197893
0.6438398829
0.3402781234
0.9394407216
0.489472107
0.5185278731
0.9607210557
0.7719264048
0.3973059904
0.5369073208
0.3267664891
0.2893957474
0.4732072192
0.4013725151
0.7562561197
0.652212005
0.2869141179
0.2907836389
0.7419684503
0.2871033663
0.2877289089
0.7336687591
0.4814012848
0.3992439451
0.4163069217
0.3910538116
0.7628940301
0.9473111403
0.2924319846
0.7870556226
0.2872239642
0.5883411581
0.5822045573
0.4665558614
0.7522883887
0.3177557983
0.8426896474
0.9240125561
0.3043278002
0.3243032272
0.2869142929
0.3347091457
0.3401485106
0.3293018628
0.2998833246
0.5990366283
0.8953160206
0.8394671262
0.6265848531
0.3501137595
0.2878513343
0.3088827311
0.4164931015
0.7101056582
0.3034181566
0.8981671557
0.2878513343
0.6438398829
0.9741785271
0.5550550838
0.896970743
0.8129888745
0.3485850744
0.3075295252
0.7844581905
0.2922584554
0.3801276433
0.3428997589
0.5134816364
0.9999669247
0.4786595804
0.3449024498
0.8012430471
0.3011082184
0.5869768792
0.302098034
0.8504585461
0.5501086724
0.2885435523
0.6158887911
0.3062176474
0.2887147643
0.3421074096
0.8676920694
0.7426038016
0.2884495445
0.2903214566
0.3072803934
0.325525796
0.4159348467
0.2871462516
0.8074370289
0.2871373246
0.551231813
0.8257703502
0.6022245318
0.2896058594
0.3207452087
0.6252201603
0.5965323356
0.2924319846
0.423257818
0.8458865547
0.2885916003
0.7506120031
0.730671688
0.6637106552
0.3565353987
0.572901947
0.3022420793
0.3303596647
0.5917531108
0.2870953141
0.9012794645
0.3309524705
0.3878109428
0.3826065753
0.2929690193
0.2869440575
0.6594330476
0.5331230723
0.2870576777
0.2873247692
0.4280251181
0.3466631538
0.4939668597
0.2901179888
0.4877661647
0.3549409889
0.9326048175
0.7904360045
0.2939187853
0.7862575531
0.4389013254
0.2871373246
0.4118672936
0.6567274983
0.3936419183
0.5384682343
0.3288355572
0.8316668221
0.5207286637
0.4636672968
0.3584400174
0.3873025687
0.3946839802
0.2869755717
0.3980092274
0.5010767602
0.287439734
0.480767685
0.9338487623
0.6334036878
0.6040464099
0.3108999135
0.5647544873
0.3183636696
0.2869473841
0.5897057346
0.405313441
0.4359620149
0.2871462516
0.3999518028
0.2872451414
