0.7792923127
0.7969756083
0.9705319695
0.2875794127
0.7429311878
0.4304182748
0.3539741974
0.6311452127
0.99723529
0.4676783536
0.64474856
0.4710007207
0.3008285846
0.2872255911
0.9665225625
0.7578071044
0.3640296685
0.4737123343
0.4163884665
0.3054433553
0.4184422707
0.9277804638
0.7128800155
0.8224054195
0.4244806925
0.8303538686
0.5054935798
0.2883183559
0.4685073714
0.4563899862
0.2970278944
0.5661675479
0.380355618
0.4195672981
0.7693459597
0.6365919053
0.3075652298
0.643163963
0.8605371958
0.7187432349
0.529200541
0.3146767114
0.8401363945
0.3304840162
0.3268796187
0.6686351729
0.3084957975
0.4010922923
0.3041921444
0.6065833581
0.7401792786
0.2878006448
0.3795339219
0.3210493621
0.3015301453
0.476644459
0.5508469642
0.4513301631
0.3672536109
0.3113130923
0.3774111232
0.3077329756
0.3605621913
0.2867620948
0.9589569175
0.5621027031
0.2874299671
0.7058931105
0.2951028726
0.2889084848
0.3490340575
0.8862571259
0.3004155934
0.6820408564
0.6829310041
0.3694332128
0.5709171682
0.3610106677
0.8536879575
0.4785357905
0.8831224737
0.3674084972
0.6300097289
0.2883421023
0.5474818188
0.6829310041
0.7254369875
0.4290701407
0.3778992475
0.2871362364
0.5463614126
0.9336911979
0.9604447251
0.5113744266
0.320206258
0.3482036404
0.3199970101
0.6090868921
0.6960027476
0.7030434633
0.9071757595
0.4340987813
0.3413434817
0.4411554737
0.5580442668
0.4244806925
0.2874142343
0.9123974269
0.3745046477
0.676466991
0.3414745431
0.7638048128
0.7956033997
0.2869457771
0.2879830355
0.527207415
0.3203111113
0.988759018
1
0.4317706526
0.6188713463
0.2882947834
0.3894114748
0.3015301453
0.3598172833
0.3032811715
0.3052846738
0.5194849295
0.4149019668
0.3980833579
0.5434515542
0.8406732261
0.2870664592
0.865252138
0.3589276197
0.2872804929
0.573860959
0.2868061825
0.4431344319
0.6313722803
0.2884882316
0.3364672683
0.6862647834
0.3460130427
0.2891644004
0.6882617301
0.4235310289
0.3362162901
0.2867706676
0.4929788817
0.9695721436
0.4206956633
0.306003858
0.8700653058
0.8613839896
0.8669199658
0.2952107033
0.4360481975
0.3011072244
0.4633435821
0.2962688292
0.4231517961
0.6343232206
0.2880469671
0.3011072244
0.8340032396
0.2875112481
0.3320375285
0.2993435008
0.6999676476
0.7102646279
0.7213393036
0.508320968
0.7320879539
0.9435838386
0.3654046342
0.9315788264
0.407380631
0.2939615118
0.2920114883
0.4764346176
0.6470109653
0.6279652738
0.2980011175
0.663696778
0.5369779798
0.3584845224
0.6531111453
0.2882713848
0.7904783431
0.5456894926
0.2868240268
0.4699606844
0.5481543817
0.3125968778
0.360711556
0.5443463944
0.3826716996
0.2921407731
0.4350724392
0.6054453911
0.2996075334
0.334722433
0.7709796435
0.7534349883
0.2867437242
0.2867216789
0.3166332284
0.3301290203
0.8832800565
0.5569181416
0.4387913792
0.3672536109
0.3689641308
0.290728599
0.476644459
0.8907383592
0.3242975897
0.2868240268
0.2875280276
0.3115855759
0.2868434451
0.2930420428
0.2869281105
0.5100647303
0.493621991
0.3074815986
0.2867138055
0.3367188167
0.4331272372
0.3570159204
0.9170798205
0.9853443518
0.3933670926
0.5614258358
0.353687524
0.9195133642
0.2885131948
0.3097960471
0.7754527036
0.617051438
0.992096322
0.818285777
0.5693331411
0.2868119557
0.7567683006
0.2876145414
0.9345525389
0.2916328938
0.3018153957
0.6111351732
0.3063277146
0.3130628806
0.5258802869
0.8086014057
0.3400405543
