0.3967256196
0.3670420269
0.6329475162
0.4097848871
0.3228301517
0.9821026695
0.6411417186
0.2990221053
0.2998492467
0.2886876313
0.6631245837
0.377000438
0.9980439292
0.7560678593
0.3915217878
0.3572865274
0.2948070513
0.3565586601
0.6719102239
0.2901534791
0.784623001
0.2977459508
0.3988342659
0.5832140559
0.3186564971
0.2876360353
0.8692073978
0.4388247388
0.2877404685
0.6297572201
0.9697232027
0.6251968263
0.8722021903
0.354394777
0.3089764544
0.4224269245
0.8774571674
0.6926985092
0.5053779303
0.2936603624
0.9413255602
0.3427045365
0.4860092307
0.4851586601
0.8144614551
0.2909152676
0.3429682014
0.6531733967
0.4811312786
0.3385623896
0.6245125197
0.841579347
0.5571287877
0.5569030629
0.4907036896
0.2880357901
0.5481188124
0.6653806473
0.3231530612
0.4032759787
0.3270210641
0.8926796046
0.8949830889
0.3186564971
0.3974267988
0.3834027838
0.2926124589
0.2891753253
0.4800750258
0.9277823965
0.36489544
0.6459141206
0.8148435377
0.9869805857
0.2916637426
0.3129545136
0.3015883074
0.3995405406
0.9187971217
0.7406438952
0.3571406922
0.4323836732
0.4364718723
0.5304581505
0.9908557361
0.3155923895
0.3054804777
0.5734348449
0.7253923528
0.2887263705
0.8995280636
0.2994003415
0.7585765397
0.4425744732
0.4560252774
0.2879261322
0.5546471006
0.3275886809
0.3240208457
0.288059825
0.5747978456
0.6119593391
0.8254246789
0.6012286809
0.6977988166
0.2917390048
0.4729335258
0.7337989758
0.3229376359
0.3718818083
0.3379282835
0.3419168994
0.9600140456
0.3718818083
0.7520799722
0.8138877983
0.7474387364
0.4832482895
1
0.2885575518
0.9402419954
0.2879787699
0.8687055676
0.288469885
0.5494677048
0.2880240355
0.3990106762
0.4477528709
0.3805901936
0.2927380305
0.3356751316
0.2882773343
0.2876497265
0.3744257312
0.2893912998
0.6281614313
0.5097375413
0.7773367742
0.3913500172
0.3934185055
0.3824062894
0.5661754913
0.2915152926
0.5632316912
0.6772982531
0.2979237096
0.3050166357
0.2917390048
0.3455007785
0.3558340718
0.3539655682
0.6140141579
0.7583677819
0.2887263705
0.6732586221
0.9054580499
0.4352999787
0.7219239344
0.2878097904
0.3092315468
0.304710687
0.3742658301
0.3105287456
0.4594920028
0.3178514119
0.473142526
0.5382582573
0.3712506837
0.8538230876
0.457654062
0.3615722412
0.7201856067
0.2960520864
0.3979538025
0.3624724619
0.8655095241
0.3004384616
0.3366707909
0.8096615654
0.9368182123
0.5859471732
0.4443609035
0.3208169906
0.6456870063
0.4229947231
0.546321813
0.2883704589
0.7803823738
0.3486331449
0.8473049493
0.5654958624
0.5643635314
0.2910519474
0.6739324791
0.4564320343
0.8222366995
0.3246780555
0.5852637524
0.5693492865
0.924614492
0.7406438952
0.3044073656
0.5443023319
0.4519740387
0.9698148647
0.3115924973
0.9726908228
0.3920377596
0.8545211023
0.3007046792
0.438039113
0.5911895196
0.2882331357
0.2876976438
0.7527109122
0.6737078857
0.4140110982
0.7212723798
0.6692107543
0.927651538
0.4287176921
0.321236218
0.903842221
0.8591983441
0.5342416215
0.2944138718
0.9212542978
0.6375016905
0.2894918224
0.3792782465
0.4196004316
0.488353041
0.5564516827
0.2918149581
0.2885575518
0.2880357901
0.5693492865
0.3400987496
0.5097375413
0.7182267678
0.3189609652
0.7019984503
0.4020257306
0.5436296884
0.3211311808
0.5163109484
0.4182885997
0.3013818957
0.5306804285
0.2878598037
0.488566456
0.3207125679
0.4687672219
0.2877287095
0.9348261242
0.5395994556
