0.8366887364
0.2891740829
0.8713671527
0.4077465194
0.3215816374
0.5052557943
0.3806737049
0.6278115158
0.3447418738
0.3617309044
0.2996772645
0.2871800077
0.3205169818
0.4407665543
0.8117216865
0.5404973083
0.3001532306
0.6795777699
0.7656645084
0.9657847927
0.2923298628
0.9740788892
0.3031034156
0.3041739516
0.3037879447
0.3952769464
0.5218739438
0.5676730364
0.3407591688
0.304642535
0.7425770204
0.2923298628
0.2931282876
0.3748094596
0.3609799943
0.805801163
0.4664366773
0.9685465342
0.9982977932
0.4633445113
0.5575277485
0.3678509652
0.7406766281
0.398788081
0.8770264197
0.3093844012
0.2871292134
0.4797936506
0.5501150184
0.3422050447
0.613277563
0.6928732904
0.2895972053
0.5304906832
0.3733672074
0.5690285285
0.5072106195
0.4203247915
0.9510758771
0.9823733317
0.4451267001
0.2972968095
0.3080858794
0.5015737003
0.6361990175
0.8098192236
0.3363972173
0.6666268476
0.3919807362
0.3311163391
0.7298330431
0.5007093386
0.3617309044
0.2885801757
0.58714918
0.4685064638
0.36369803
0.9257782438
0.9744786329
0.296338292
0.7261913269
0.4553776191
0.4766401674
0.2938736325
0.7086669855
0.2868046455
0.3203058758
0.5096048566
0.286730774
0.2937215053
0.6418570764
0.8713671527
0.5106949305
0.5080806205
0.2892055944
0.5697064957
0.9323272544
0.3341542739
0.879101087
0.3270162612
0.3379181283
0.8593937447
0.5398282394
0.6078229794
0.7888345826
0.2899072217
0.3336621429
0.2880801423
0.3160143063
0.3124602679
0.372252134
0.6420832203
0.2863565939
0.8168227035
0.7486724913
0.3644602614
0.6996963803
0.7128021227
0.2879589636
0.7800654474
0.8330764691
0.6234994303
0.3334169404
0.7870509
0.6540458623
0.2954787545
0.9266755511
0.3906045065
0.3624849744
0.8919912209
0.8021393932
0.3289852631
0.9165394833
0.9906210512
0.504821898
0.4651979931
0.601458961
0.2918832401
0.3540780108
0.5751351782
0.4567996452
0.3617309044
0.6275846379
0.7296191911
0.4541615646
0.8988650148
0.5109130773
0.4041327015
0.3746487343
0.6724433752
0.6549466784
0.2896648906
0.3264452728
0.8956019205
0.4167660837
0.8641024219
0.9048257186
0.4254387656
0.2891427443
0.5498907951
0.8900133885
0.2890805856
0.2926994551
0.444728745
0.3011294828
0.3241985283
0.5821585742
0.3180240663
0.3210474104
0.3480168586
0.3930174569
0.2888094322
0.3442036781
0.8261288247
0.6762370269
0.443338373
0.6420832203
0.5258440344
0.3060833611
0.2986847237
0.9585770568
0.7493005726
0.580798332
0.4352737327
0.4165797157
0.5785321552
0.2865735773
0.862092502
0.5543798784
0.4703748718
0.331957846
0.2867426498
0.2877076542
0.7670975893
0.6737831946
0.2865216954
0.3815000681
0.4475209556
0.3313560433
0.6693135013
0.3326847922
0.3012004534
0.631213573
0.4286920815
0.9453918898
0.3574199716
0.2910817984
0.4549719765
0.2864622978
0.9504344162
0.3919807362
0.3826617802
0.3897479033
0.3388147243
0.5767200756
0.4191973722
0.2869272255
0.3157181836
0.4523424263
0.5498907951
0.2866525289
0.7332483382
0.2868987649
0.2957610573
0.7561778676
0.4315835848
0.3183308521
0.6634880664
0.4966144107
0.2865057983
0.7186530828
0.426584086
0.3356444293
0.6708790644
0.8747755456
0.2917525869
0.5353747591
0.7242580677
0.3743276393
0.4300390319
0.3839962742
0.8065688824
0.2871126304
0.2870480404
0.7328220836
1
0.6935350365
0.2863328304
0.309560253
0.6244074715
0.9931517982
0.6580970376
0.8126702572
0.2886082267
0.3296903567
0.2880801423
