0.3928444559
0.7314372981
0.2865350228
0.7927353333
0.7627142159
0.3562609511
0.8310779904
0.5225445852
0.7072330794
0.3331969532
0.3039217884
0.3411710517
0.3703600097
0.7008829698
0.3118574069
0.3089967539
0.3420915616
0.8940464243
0.955676617
0.5072166052
0.3672368284
0.3034637632
0.7631259681
0.3683243756
0.4057521096
0.7230703647
0.5465473905
0.2899997983
0.5559732755
0.3589043947
0.3232399584
0.3123190519
0.783013871
0.3066279342
0.562730628
0.4028758761
0.6894213645
0.4840204048
0.5083044719
0.2901414385
0.5285088012
0.7243620388
0.5980863715
0.5744828139
0.8859361351
0.4998501143
1
0.4171362476
0.6599613469
0.6867635952
0.3197126073
0.2955529578
0.5753885727
0.509175579
0.8848459438
0.2885967991
0.3138227793
0.3918085753
0.6821017426
0.5174858192
0.8032661045
0.5663418092
0.5298377488
0.4567974509
0.8994083584
0.5476672
0.4433353034
0.2876853723
0.4167632534
0.9743473165
0.6387445304
0.2864799607
0.3002854728
0.411948861
0.3243413645
0.8732171428
0.4071998858
0.3478941685
0.3858444728
0.3735317064
0.7814122009
0.5155120812
0.517266351
0.8607873767
0.6457579702
0.3821655613
0.2885696025
0.7494213011
0.2904329901
0.291881128
0.7848109469
0.8162414882
0.4501244902
0.4527436409
0.2984296148
0.8294327714
0.2905076
0.2871278754
0.3543779431
0.3826640001
0.9951562559
0.9577041965
0.3310229955
0.9266996944
0.641687337
0.5229854508
0.2892701355
0.2989465535
0.3144932944
0.2901772795
0.286778823
0.6969260465
0.3141092036
0.2896577722
0.8546524102
0.4584270709
0.3746531203
0.6364793156
0.4527436409
0.2887353824
0.2990119206
0.4242934619
0.2864589836
0.6051346811
0.3015471521
0.2898266283
0.2896577722
0.475173176
0.7995831993
0.7873976608
0.9942779294
0.291415043
0.6128657026
0.3488625988
0.7235010991
0.3104067304
0.9874648554
0.3432850583
0.2893965826
0.4162044675
0.6087729445
0.67742684
0.4145332156
0.8248306193
0.9254127954
0.4044905715
0.3634022308
0.8964443117
0.5360556203
0.425054494
0.4697506915
0.2977984601
0.8843773719
0.2964103472
0.8216744925
0.5128856862
0.291751958
0.3564067097
0.6713982907
0.3305462895
0.9606659864
0.6756426493
0.6725161483
0.3272750316
0.5481153079
0.6367058935
0.5867267718
0.2874312044
0.5080868078
0.9222838743
0.3860129921
0.3118574069
0.2865629894
0.3528019219
0.4697506915
0.4195698184
0.5559732755
0.6160484073
0.2864685982
0.4441293642
0.2865456852
0.4242934619
0.6800997671
0.9154472952
0.2904329901
0.2867090986
0.7371884453
0.7196182143
0.3562609511
0.55867396
0.3182663352
0.9643727235
0.3839981744
0.2892389559
0.4095660805
0.8286995903
0.4981249642
0.2865402667
0.2864705211
0.2865072301
0.4389907961
0.9629663302
0.5411818318
0.7627142159
0.3235688012
0.3331969532
0.2865032096
0.5344987343
0.3492796594
0.476220833
0.4533498458
0.5774273127
0.7925384876
0.3538030033
0.2876853723
0.2930650544
0.2867185354
0.3519490006
0.3036920406
0.6160484073
0.3191926305
0.3265890988
0.5649870655
0.378052126
0.2886794291
0.3245634478
0.2876040336
0.4372248089
0.9073664983
0.3543779431
0.9487961579
0.4643721078
0.3142049916
0.2864921971
0.8979309768
0.5976317313
0.3107655932
0.2868810391
0.286983766
0.8071160829
0.2865402667
0.2864668501
0.9057976874
0.2866243377
0.5905872541
0.9265714511
0.3970265905
0.4802158447
0.3846679792
0.4125010644
0.2877909604
0.7181044395
0.3508191997
0.2865629894
0.4082899
0.4764305495
