0.410818951
0.3359707893
0.2877153421
0.435827549
0.3053578093
0.4202941831
0.7547466521
0.9661839591
0.7778518145
0.7947201513
0.6449118842
0.2952133055
0.4111858622
0.5342074206
0.92361803
0.8295499466
0.8961784321
0.6534803638
0.2973883021
0.2865358255
0.9251679547
0.3292832918
0.2916007598
0.2869632178
0.5268957143
0.6279382976
0.5879778623
0.657304992
0.3009020071
0.9906246744
0.3222764808
0.8099689804
0.8847744087
0.804613397
0.3084403745
0.7159002713
0.290729805
0.6444602389
0.4645437619
0.8943883823
0.3074164996
0.3395414226
0.7283840756
0.5045591902
0.2906507999
0.3948968888
0.4670206367
0.5437869478
0.9625123736
0.476601824
0.3383816652
0.9224462501
0.4366092084
0.9081916079
0.679891153
0.5909277445
0.4178557185
0.4780714189
0.5850292906
0.2909709379
0.5377653749
0.8449666049
0.5870704598
0.6656080784
0.2866176921
0.2868674283
0.5471411349
0.5194032319
0.4126573741
0.352605515
0.6408448909
0.483555476
0.3133313518
0.4033840683
0.7409247669
0.39805148
0.4221804826
0.3328768988
0.3177566663
0.2965979296
0.3749360483
0.2887479179
0.9223155594
0.3249208864
0.7434545909
0.9710338751
0.2878091106
0.6161379204
0.4920676251
0.8992789186
0.9931873302
0.5229236876
0.4774412287
0.5552145336
0.2972033974
0.5196229693
0.3455090885
0.3557732536
0.2959512867
0.4360228396
0.3008314031
0.315751042
0.2895141498
0.3736523389
0.6512279781
0.2958935091
0.7532915875
0.6345095271
0.3184732024
0.3085267382
0.8180854057
0.3726945508
0.5941057582
0.3294009661
0.8131936415
0.4250268917
0.3242516863
0.7557843549
0.6588781362
0.9638169913
0.4643377912
0.2885146279
0.6541557111
0.2931706618
0.3905727959
0.4282770176
0.4395521391
0.3198238381
0.2865248278
0.3541814676
0.932211444
0.5154548018
0.2864625048
0.3538937497
0.8385834278
0.8479449733
0.557912363
0.415618785
0.356064361
0.7806616105
0.6942757825
0.8405447151
0.9666307928
0.3194055053
0.6821127004
0.3588556534
0.4089902379
0.3717410664
0.466193945
0.5678291502
0.2986593986
0.328347177
0.3421591692
0.3067467578
0.5626407971
0.4803867353
0.5624154358
0.288238594
0.2935183101
0.4277016197
0.3401906355
0.6900850141
0.8135716593
0.7588892297
0.8565687831
0.2910117269
0.3841310244
0.7315880937
0.7400798877
0.2916007598
0.3679705794
0.3594492016
0.9785518028
0.7341437178
0.2880556787
0.3461893326
0.6642637236
0.8898553546
0.3590038488
0.2864153665
0.2958358996
0.4907852196
0.2883195857
0.6215864491
0.3059240763
0.5002329147
0.5870704598
0.4682626544
0.565797806
0.287268654
0.9052134344
0.2862650286
0.3731729082
0.419166798
0.3100193347
0.3360964022
0.4523087551
1
0.5592624327
0.4037428496
0.8500333108
0.2861843476
0.6369996189
0.2864825814
0.4236960527
0.4403400112
0.5117380196
0.8048056082
0.7782539545
0.2871006876
0.3481120459
0.4517037981
0.4284689914
0.2865698649
0.3071641405
0.3269606655
0.2932691405
0.66695158
0.6491992707
0.7330797034
0.3316645082
0.3184732024
0.5574625081
0.540439001
0.8076804433
0.2869145394
0.6960366564
0.6451376833
0.3718996807
0.6642637236
0.2914290407
0.2876923339
0.2867494636
0.8562277766
0.4338792254
0.3146743718
0.3922943558
0.4793334239
0.3426893799
0.5599377465
0.976767223
0.2864336984
0.9338015687
0.940802897
0.6916303828
0.745347167
0.2878570363
0.3226022961
0.5117380196
0.3164459767
0.2864625048
0.2861838237
0.6240825317
0.7421905855
0.2873478281
0.2871551106
