0.8860013941
0.6367716805
0.5044161806
0.412179073
0.3326396128
0.8107209472
0.7850886225
0.6075276381
0.3012578702
0.3023556232
0.3921873428
0.4607228618
0.7772973352
0.6288499722
0.689593098
0.3023556232
0.6109326312
0.3006169603
0.3689564468
0.3014744672
0.5256370588
0.3033367992
0.2865173299
0.4603136067
0.3995336934
0.7608214003
0.409611181
0.9239937725
0.8471660995
0.9616383067
0.4272052516
0.3298747699
0.4760525367
0.5970859491
0.5726178525
0.3203332832
0.6649097697
0.2902108855
0.4002429773
0.4927862312
0.3169224184
0.3313077292
0.8210433711
0.3806992505
0.7462839399
0.9031363258
0.5492128567
0.3084798934
0.5773663705
0.343243984
0.8483854112
0.5572898863
0.2883089648
0.3746687812
0.5471984724
0.6293029936
0.4136549138
0.9311778253
0.3327615592
0.648285803
0.479412585
0.4160661312
0.2958562996
0.4232044014
0.7049593273
0.6642381063
0.2929127303
0.2870063656
0.2861684542
0.7060500867
0.7714431249
0.8452420584
0.6086626712
0.4521879906
0.3916697829
0.3757974288
0.3810297318
0.7866749818
0.4335699415
0.3019856061
0.3223723342
0.4675148874
0.3290485675
0.5229913601
0.5065852997
0.5640420085
0.2861766546
0.4503757515
0.3439135008
0.3320320436
0.6807388347
0.7378614006
0.95963896
0.3098875113
0.5416142206
0.6595307064
0.4092458935
0.7473310167
0.2946175663
0.5378270235
0.8784933407
0.2867919599
0.3251380713
0.2973625901
0.9806850435
0.3491129865
0.7685989229
0.5142123606
0.3972399794
0.9839737529
0.2865879583
0.7325571392
0.2954533211
0.3126361213
0.3246892718
0.2862295187
0.3081343653
0.5105011145
0.9908238626
0.3007582323
0.4341531447
0.3054625205
0.2865037267
0.7972741051
0.3094432548
0.7164710979
0.2880599326
0.2894450453
0.9554994213
0.2878249236
0.8082494188
0.9379178846
0.6972978907
0.9054227358
0.48257644
0.3602358489
0.2868606458
0.4977220149
0.4081523807
0.9642306541
0.6791843464
0.4083343875
0.3248012481
0.9619200791
0.6430980126
0.4942855484
0.6254511446
0.3615858189
0.5898261494
0.3169224184
0.8361957176
0.4254858149
0.2864902976
0.5196918437
0.4505768137
0.3047408054
0.4177447421
0.4361025789
0.2869688925
0.411076225
0.6847293944
0.7160387656
0.2928153411
0.2923855062
0.6951008002
0.3419152665
0.755245606
0.5465274741
0.5003077851
0.35800877
0.2861850294
0.2860719626
0.5251957423
0.8625363842
0.4249142591
0.6152448693
0.3590445012
0.3459425571
0.2887862717
0.2860897613
0.9208724507
0.6041224689
0.8805470665
0.7494212512
0.2863427371
0.7319186165
0.563591327
0.5282879669
0.3108788329
0.354650064
0.4023806879
0.2862682486
0.59005293
0.3380123871
0.2867260575
0.5961782049
0.3421799068
0.2879276399
0.6480604289
0.3271870785
0.2859798221
0.3909812154
0.2882243967
0.7708346308
0.8581650566
0.7665602911
0.3062797777
0.5063681811
0.4136549138
0.9860507562
0.3464888079
0.2952267474
0.3509363319
0.2898733835
0.8867715973
0.9204782987
0.3686436731
0.3762828984
0.2865037267
0.4020233806
0.7293602992
0.2883089648
0.2880331277
0.4704181633
0.2978666698
0.3890966171
0.2862295187
0.2870638791
0.7811049661
0.6655812206
0.3395584669
0.7374381749
0.3614353168
0.6222772391
0.4538038908
0.5678756562
0.9813650339
1
0.3271870785
0.5624649472
0.4441804567
0.3295198066
0.6740669231
0.5044161806
0.2906021975
0.2867100169
0.585065471
0.8143115795
0.8867715973
0.9289442154
0.3186587152
0.8448911888
0.2865037267
0.9187601096
0.3503729066
0.8482114664
