0.6764682163
0.7223978723
0.4029229279
0.2882954773
0.7874419931
0.9109804548
0.3527148834
0.9202826899
0.5497685546
0.3140942372
0.4586842948
0.7228292867
0.9730130681
0.3774498077
0.300180715
0.4361004402
0.2869292446
0.315837676
0.2868988218
0.2909373085
0.6341150581
0.3245233529
0.381716637
0.2887587311
0.4175570459
0.6860395756
0.4160657391
0.4281611445
0.4603193739
0.955904891
0.8594061898
0.4962513492
0.6789217859
0.6282134343
0.4096131793
0.31742975
0.533020293
0.5603396838
0.5051105994
0.8391440526
0.6220785884
0.5083718959
0.828613586
0.7852513053
0.7130812681
0.8138638058
0.3126801614
0.9248948108
0.919881769
0.6677432297
0.6415945471
0.6316190424
0.9996106785
0.2881767843
0.3795734259
0.6036541085
0.5929644004
0.3042463871
0.7709305138
0.3494756407
0.3034825848
0.3699389246
0.6068393388
0.6984180093
0.880459013
0.4712624854
0.398305031
0.3833784575
0.2907081884
0.3498941441
0.6347955611
0.330375563
0.8191439235
0.4194296109
0.3944528708
0.3063900355
0.7846525117
0.31702801
0.31742975
0.3286143756
0.3191646957
0.2981532524
0.3602946794
0.3216894793
0.588191823
0.4209343418
0.7014958476
0.8600852434
0.9332613819
0.4000728557
0.3789179081
0.2975946803
0.8756520102
0.2868339508
0.5727668828
0.5221764028
0.2875379765
0.5263708938
0.397952721
0.2901275189
0.6820395428
0.3958477153
0.335605877
0.4921746834
0.9231958121
0.5254867243
0.5443914661
0.6583061467
0.2900926929
0.2870920039
0.3822139838
0.3030321588
0.3799018808
0.2942191733
0.7113395255
0.2895589634
0.2873676212
0.5125174583
0.4923887701
0.8330023614
0.8317268333
0.35371468
0.3442800028
0.3742214564
0.5405923267
0.3920284196
0.9787077444
0.2881767843
0.5003465691
0.3908241542
0.7957345738
0.5177761811
0.8826750437
0.9359531198
0.3034071042
0.3100470771
0.3981288235
0.432403385
0.4410107021
0.5012110147
0.2936171961
0.3707253464
0.3358556307
0.4293139548
0.5856932627
0.3802307987
0.741841818
0.5709560926
0.7842530002
0.4735568787
0.9546635634
0.2974723958
0.2872147067
0.3696252074
0.3067176706
0.2866601191
0.3194754771
0.2884944222
0.4851404749
0.770318701
0.5390304381
0.9333847935
0.6771377051
0.3075480626
0.2876675965
0.7163400338
0.2881076548
0.6334344549
0.5182154857
0.2898537443
0.2871584266
0.4735568787
0.731633921
0.6906935945
0.3437445669
0.4096131793
0.9238512469
0.7071927438
0.5027256725
0.3126801614
0.3316880391
0.3465800922
0.3127733314
0.5265920276
0.2897210021
0.420369376
0.5979670631
0.3230936583
0.9409554844
0.8474846627
0.8364455272
0.8644663521
0.2887861164
0.2887315193
1
0.2867702986
0.3103132719
0.699737943
0.2869722541
0.8346368045
0.4675248781
0.3010784622
0.4650450336
0.6454418295
0.7874419931
0.5743521068
0.8425368817
0.3580722231
0.4341508245
0.3047125062
0.9706452738
0.8473090363
0.5920551064
0.4477691944
0.3225505615
0.3654380693
0.2889540704
0.8089106379
0.2889826695
0.5680157224
0.4179308122
0.9738379841
0.2875559709
0.5068486667
0.7731692671
0.2869722541
0.2873199151
0.5891006392
0.3294321499
0.6871489391
0.3072972514
0.2880179169
0.4802743706
0.5847849629
0.3531425757
0.4609336888
0.2887861164
0.2871584266
0.4310490434
0.30721397
0.5754848366
0.2868794135
0.2867561336
0.9209489337
0.3208381176
0.2866197161
0.4419988555
0.5884190152
0.287629691
0.5549353287
0.3104915315
0.3538580355
0.286908788
0.4752303333
0.5094612781
0.3807250418
