0.6833872862
0.4512831403
0.3121496865
0.483133154
0.4156008886
0.3966383656
0.8128896563
0.509148745
0.5376075539
0.2897852394
0.8321019839
0.7241769337
0.4895112045
0.3799922662
0.9603789083
0.2997765254
0.3762433595
0.6829421784
0.4154151548
0.3968136363
0.517464334
0.6769218892
0.2947791857
0.6445164126
0.3074200029
0.9308932307
0.4229176262
0.5607154752
0.4808075315
0.529159991
0.7771357488
0.3149773225
0.3477717214
0.3775402977
0.7495055253
0.6546889685
0.7511830001
0.9611662892
0.9640580929
0.5521588644
0.7712435225
0.3017756922
0.3971644955
0.6231781503
0.2995117364
0.4389415619
0.2877488201
0.7570273156
0.3153650164
0.3669152325
0.2897531559
0.3434415116
0.3597917873
0.3096390585
0.6891626077
0.6031483122
0.287259178
0.2992496127
0.4690827714
0.8494560801
0.3340975653
0.6433840952
0.288417037
0.4267238508
0.2951501962
0.2868145628
0.3505487916
0.2903923096
0.8445229095
0.4965841598
0.615441839
0.2888712175
0.33179036
0.3826364378
0.32563402
0.3382282232
0.9584815859
0.6177177921
0.2877308137
0.8001788081
0.8251053139
0.4916483752
0.5056665923
0.9207662448
0.8079184755
0.5269451862
0.9886216739
0.6900492411
0.8138401705
0.5643274451
0.3244085853
0.3947174103
0.2873929856
0.3542389335
0.3196897331
0.6304525525
0.589723095
0.9972162606
0.3533794105
0.6395315446
0.6787078355
0.3230925027
0.5236298352
0.9661174303
0.4234862619
0.5508109011
0.3013506433
0.3227668798
0.3044504297
0.3418540485
0.4354163999
0.2912887177
0.9046085689
0.3947174103
0.5414016966
0.913405527
0.8496310983
0.3063513247
0.2869626209
0.290463217
0.2945192689
0.3196897331
0.2880816019
0.7574431438
0.4709537195
0.3851419389
0.2955295106
0.3987485845
1
0.3484609308
0.5476692024
0.3982196077
0.3308346064
0.6492678974
0.3907429359
0.6966822188
0.493362001
0.287259178
0.512642448
0.3001787001
0.7280511166
0.6086123493
0.2906435052
0.3060280059
0.4873795378
0.8225003499
0.288211076
0.3090309437
0.6668444573
0.4496738803
0.5693017019
0.9583806647
0.491220506
0.4730386931
0.8713502592
0.2868119374
0.287259178
0.2892633712
0.288211076
0.289091141
0.7497153934
0.3328767241
0.3020623606
0.6975643116
0.3661442493
0.2940621244
0.3073368271
0.2995117364
0.3861512673
0.8888886413
0.4265326889
0.7431854668
0.3387394435
0.8812084641
0.3309535644
0.7520204717
0.4089752049
0.5176839909
0.3298882142
0.408610824
0.446270443
0.7732810091
0.7541104252
0.839706824
0.2986059823
0.2875930422
0.7284806824
0.4759683153
0.4017638579
0.295973165
0.4820751692
0.6724494373
0.2909788873
0.401229572
0.3061893409
0.4202748609
0.5954096963
0.288562173
0.3549588221
0.2930491044
0.3381007719
0.3571381143
0.3689342448
0.2942635993
0.9385089508
0.2868933206
0.344108841
0.9688415839
0.2869221965
0.358459727
0.7161689966
0.3289512219
0.3708163402
0.5665874049
0.6497200429
0.8475255537
0.3497100163
0.6573954658
0.2963702316
0.7547363662
0.2902180627
0.2871321708
0.2953659313
0.5135176264
0.8084944966
0.2868234891
0.4361974413
0.9194245448
0.8873387772
0.6463273312
0.287071809
0.3755977232
0.8391681618
0.5717919129
0.3603871503
0.9043187229
0.3212653568
0.2873788188
0.4688752152
0.6433840952
0.4253875882
0.4875924536
0.400163794
0.823618541
0.3175418994
0.572697916
0.3302420118
0.8984430563
0.4490716604
0.7687907511
0.6070186425
0.903301297
0.908342169
0.3635462166
0.3092906035
0.3413293448
