0.8959311266
0.8602807333
0.4738530027
0.542859626
0.2957822516
0.5361466458
0.4565083359
0.7767327397
0.5977530072
0.2978849207
0.2888812923
0.3476301884
0.2993388535
0.3324953671
0.2890322126
0.4017386897
0.3487269012
0.3290833306
0.3778864544
0.7482304833
0.6247173337
0.3057262682
0.4788949359
0.4051397232
0.4686404539
0.8578615878
0.6590773285
0.6622448089
0.3433315007
0.3278217461
0.8440910373
0.3018387306
0.3158302495
0.6599827296
0.5270209973
0.3003619774
0.3023255269
0.3484519029
0.6461436
0.5915874918
0.3490024451
0.7458980779
0.3045038141
0.2890322126
0.8153241979
0.955879321
0.8503308227
0.9001801851
0.5270209973
0.7797879374
0.4734344948
0.5046076958
0.2938348876
0.715055714
0.5925005897
0.3216817992
0.3195028035
0.2994643937
0.4076694492
0.3126452755
0.7856556007
0.7360793546
0.550049745
0.2937447176
0.9251935104
0.2924747804
0.7724328257
0.6272289656
0.9657327092
0.9979622578
0.9687984863
0.4888703437
0.7890708535
0.3396874586
0.3224232091
0.3113872379
0.4217400869
0.8752739227
0.4398802932
0.2880278725
0.6739717916
0.5009181507
0.8813063766
0.3612077938
0.4647068943
0.6132932545
0.2880120597
0.3286224843
0.434785808
0.8659183684
0.3103339074
0.8101329291
0.2886285237
0.3814877743
0.9226370513
0.9220943394
0.3927979324
0.4324539011
0.9694544228
0.3156378399
0.4653263402
0.7189875711
0.7304850163
0.4293641831
0.6219765221
0.5936421279
0.386995029
0.482064303
0.2925146118
0.4150052937
0.5197214024
0.2920102807
0.2933041825
0.2879523196
0.674871168
0.4035240542
0.7783638719
0.5679095197
0.6869702036
0.4209857394
0.3043539682
0.3301289318
0.2942491525
0.2888100339
0.3661998936
0.3173921386
0.4105847791
0.2883772544
0.3003619774
0.760424158
0.3326152334
0.2895759871
0.8107122663
0.2888995447
0.288863215
0.3066706586
0.8417486736
0.9709338211
0.4054998902
0.6025510959
0.2940172889
0.6640529625
0.4249625638
0.5299080225
0.6701449637
0.3719595945
0.5995806328
0.9042086292
0.9978643884
0.4575268558
0.7435595734
0.5252475013
0.6016370419
0.3442597038
0.7862596168
0.5760891428
0.3692921958
0.3168017268
0.6690180865
0.5608848022
0.7801942658
0.5401710426
0.437914152
0.4179833514
0.5597536392
0.6142074725
0.4013828664
0.3354124489
0.3876710149
0.2880709169
1
0.3099879414
0.3243640745
0.2885098349
0.3666605542
0.2885384553
0.4474261594
0.4575268558
0.6110076209
0.9543609347
0.9349357829
0.409853547
0.9094735251
0.9120599456
0.3137484654
0.4805835597
0.4688481615
0.5259122775
0.288792657
0.4104018219
0.3472211805
0.3439938057
0.2917873698
0.3037611813
0.3063532445
0.7287574536
0.412235849
0.3039822386
0.3198099193
0.2896000098
0.6766686779
0.4163051722
0.3591320729
0.3657403636
0.5541063494
0.2901171075
0.2933474619
0.672846999
0.2879407224
0.574042273
0.3024661077
0.6354420959
0.7439852056
0.3318982364
0.4245820725
0.5509504912
0.3733860633
0.3677398111
0.290089596
0.5460017382
0.3552010375
0.2891527525
0.8785495943
0.2882413143
0.3078842041
0.7514010437
0.9586444568
0.3912493706
0.5312425677
0.616035814
0.7159305997
0.3927979324
0.3764296631
0.3045038141
0.9543609347
0.5265773961
0.6504609939
0.2884957877
0.2900350958
0.5701794604
0.2935223002
0.3588376147
0.6905387524
0.8204635819
0.5532041701
0.8101329291
0.4744812471
0.2880514154
0.4268704681
0.4922953142
0.2882948852
0.4003179105
0.991473593
0.9332873391
0.8531505557
0.3271412326
