0.3177516324
0.4750321148
0.6275255645
0.4783875088
0.446395171
0.3700755502
0.2866483588
0.2862841624
0.3411436296
0.3277829707
0.5068306373
0.7563232454
0.4253188501
0.2921689071
0.6361285937
0.6023399006
0.3694470553
0.3160387858
0.9165392753
0.286056977
0.5347444421
0.3958592504
0.3228264988
0.5210395791
0.3803903721
0.7259792081
0.2864050568
0.3080655074
0.3380311774
0.5318598612
0.4775472049
0.3201396249
0.333024396
0.3818791615
0.2860768715
0.7149969482
0.3691335352
0.3057229976
0.5360776151
0.2978832284
0.8988343604
0.407085039
0.8588890025
0.2954128466
0.290578447
0.8376748582
0.4632099241
0.442618338
0.3002137888
0.5971191415
0.8957378617
0.5905393377
0.3580286719
0.2861843625
0.2920312399
0.5107474708
0.8031230785
0.7590094972
0.3860628323
0.6336398735
0.3552490129
0.5900857314
0.4230383806
0.4326236664
0.4487949026
0.2860438883
0.7173751349
0.5027121806
0.4090861364
0.5046609374
0.3754952423
0.5343003045
0.4072664639
0.9049037036
0.2859958944
0.8438835689
0.718454442
0.2864669795
0.3827102547
0.3485758721
0.4473937231
0.4436095056
0.3102630207
0.3265168931
0.8696884716
0.5828321928
0.28603237
0.760246134
0.3097265491
0.3086707737
0.734510971
0.2952431593
0.4432128023
0.4619779648
0.599161883
0.6442623282
0.4168344172
0.4721090786
0.5742319557
0.5005514094
0.7833426442
0.6727669498
0.6009778436
0.6658420025
0.5618205756
0.287943646
0.3285979363
0.8484325736
0.9613145491
0.2884694059
0.3864005523
0.3349997673
0.3219564218
0.2901888291
0.6492232148
0.3748505
0.3456894617
0.29102683
0.2902653797
0.2899632995
0.7408596323
0.3045200768
0.6073343889
0.7351478121
0.3489930626
0.4045555362
0.8664038744
0.2911527123
0.9481310473
0.8444112227
0.3051571028
0.494313026
0.8775892041
0.3140809511
0.2983979997
0.2860035736
0.8430025504
0.9415641078
0.3377754492
0.7417027563
0.4881181397
0.3451464399
0.9734108685
0.562946736
0.3610046351
0.540752413
1
0.2898163837
0.6747727538
0.6018858749
0.308583828
0.654850197
0.6541755848
0.6474201925
0.9708947335
0.2888023255
0.5609199926
0.6949195283
0.9894547554
0.5989348993
0.2984630948
0.7845362963
0.6447136453
0.2872617711
0.3536611413
0.6707589974
0.3069622467
0.326975218
0.6832166528
0.9432677754
0.3406193072
0.7484183926
0.4367133008
0.9329444319
0.6913962755
0.2895308084
0.7649677205
0.5557479362
0.4349560983
0.3109871897
0.7417027563
0.2871389181
0.8207174911
0.328481072
0.8753532654
0.483449217
0.814921456
0.2986593774
0.7492541135
0.5783036361
0.7833426442
0.288353529
0.3553941464
0.4153456058
0.3398369974
0.2895659029
0.3559759785
0.2862644477
0.2863045745
0.2929779657
0.5256662793
0.3944631939
0.2947431932
0.9197384715
0.4652686101
0.923270091
0.3941152415
0.3632698345
0.3119066195
0.3221730369
0.9533095504
0.2912374894
0.399910359
0.2861318403
0.2923081079
0.6395198511
0.2882404193
0.4232279276
0.3308461416
0.3918639778
0.2887711964
0.2861684841
0.5744580497
0.2860665753
0.8234966967
0.8311888423
0.5048776999
0.4096339516
0.4656811525
0.7546655416
0.2867582123
0.727691491
0.5349665586
0.28603237
0.3477451141
0.4516083466
0.9762762512
0.6025669157
0.4312686923
0.3302494037
0.2865470357
0.8486064471
0.2862271106
0.3155435042
0.8685427727
0.3552490129
0.4170209403
0.3096376928
0.2859957199
0.2861250349
0.4347612684
0.3086707737
0.9138304659
0.3402275253
0.8954408242
0.2867911653
