 1.5000e+01, 3.0107e+00
-9.0571e+00,-8.0776e+00
 4.4726e+00,-8.6034e+00
-1.0327e+01, 5.9554e+00
-7.0144e+00,-1.0518e+01
 1.9588e+00,-1.3977e+01
 1.1396e+01, 1.2708e+01
-1.7122e+01,-3.0477e+00
-7.0859e+00, 1.2744e+01
-1.3049e+01,-7.7474e+00
-1.0743e+01, 4.0445e+00
 5.5584e+00, 4.8860e+00
 9.0051e+00, 9.0000e+00
 6.6588e+00,-1.5306e+01
 6.2199e+00,-7.2287e+00
-7.6868e+00,-6.5771e+00
-1.0927e+01,-8.9483e+00
 1.3506e+00,-1.5519e+01
-2.5616e+00,-3.6475e+00
 1.5725e+01, 7.2467e+00
-4.2613e+00,-1.0344e+01
-1.0347e+01, 8.4916e+00
 1.0485e+01,-1.1113e+01
-8.3440e+00, 7.4651e+00
-8.6895e+00, 1.0560e+01
-4.6526e+00,-6.7395e+00
-1.0997e+01, 1.3226e+01
 4.1825e+00, 1.5018e+01
-4.8513e+00, 1.3818e+01
 5.1234e+00, 9.6548e+00
 8.1794e+00,-8.8218e+00
-7.5227e+00,-1.3494e+01
 1.1031e+01, 9.8214e+00
 8.6241e+00, 1.0488e+01
-3.0373e+00, 1.7009e+01
-7.0614e+00, 4.1537e+00
-1.4040e+01, 4.5311e-01
-1.4634e+01,-6.3267e+00
-3.4292e+00, 1.0342e+01
 1.3829e+01,-8.5259e+00
-4.4251e+00, 1.7118e+00
-3.8656e-01, 1.3069e+01
 1.2373e+00, 5.3451e+00
-9.3719e+00,-1.3591e+01
-1.4060e+01, 8.9731e+00
 3.8258e+00, 4.5182e+00
-1.2128e+01,-1.9062e+00
-1.2613e+01,-9.4078e-02
-6.1671e+00,-1.5032e+01
-1.0063e+01,-1.2067e+00
-2.0593e+00, 4.2440e+00
 1.6737e+00,-1.0161e+01
-5.3569e+00,-1.3374e+01
 1.6216e+01,-6.1793e+00
 1.3255e+01, 9.7652e+00
 9.8851e+00,-5.7654e+00
-5.7786e+00, 3.3708e+00
 3.3628e+00,-6.8111e+00
-4.8187e-01,-1.3773e+01
 7.4007e+00,-6.0338e+00
-1.4317e+01,-1.4412e+00
 1.6686e+00, 9.8827e+00
 1.1327e+01, 5.9649e+00
-2.6892e+00,-1.2606e+01
-1.1339e+01,-5.3992e+00
 1.0365e+01, 1.3834e+01
-8.2320e+00,-3.5103e-01
-3.6304e-01,-1.1688e+01
 5.6400e+00, 1.1741e+01
 6.1989e+00,-9.8121e+00
 1.3688e+01, 1.6795e+00
-6.5842e+00, 8.7595e+00
 1.1284e+01,-6.9245e+00
-4.5607e+00,-1.0776e+00
-9.2890e+00, 1.4732e+01
 3.3816e+00,-4.9910e+00
 2.2132e+00,-7.9851e+00
-1.5433e+01, 7.6896e+00
 8.9623e+00,-1.0467e+01
 1.4021e+01,-3.5754e+00
 3.0480e+00,-1.2229e+01
-5.7594e+00, 1.1028e+01
 1.4073e+01,-6.8883e+00
 8.4118e+00, 1.2357e+01
-3.5795e+00, 3.9594e+00
-6.2205e-01, 1.0129e+01
 1.7391e+01,-1.0180e-01
 2.1016e+00, 7.0073e+00
-3.4997e+00, 1.5147e+01
-1.1729e+01,-1.0661e+01
-4.7642e-01, 7.7463e+00
 1.2317e+01,-1.0869e+01
 1.1943e+01,-3.8314e+00
 1.1854e+01, 2.6234e+00
-9.0236e+00,-4.6365e+00
 9.0753e+00,-2.1059e+00
-1.9734e+00, 1.2744e+01
 4.6682e+00,-1.1231e+01
-1.7666e+00,-1.0422e+01
 1.1478e+01,-1.2353e+00
 6.5075e+00,-2.7775e+00
 8.1135e+00, 3.3748e+00
 5.9788e-02,-1.0148e+01
-1.8071e+00, 8.6855e+00
-7.1517e+00,-8.0331e+00
-1.4532e+01,-9.0384e+00
-1.1134e+01, 1.0018e+01
-4.9127e+00,-3.4017e+00
-2.9780e+00,-4.7723e-01
 1.6520e+01,-3.5860e+00
-9.1739e+00,-1.0270e+01
 7.9418e+00,-1.2653e+01
 6.7896e+00, 1.3475e+01
 4.9949e+00,-1.6111e+01
 9.0109e+00, 1.7549e+00
-1.1801e+01, 7.2348e+00
 4.9888e+00,-1.3802e+01
-1.6045e+01, 4.5755e+00
 6.2483e+00, 1.5367e+01
-6.7463e+00, 1.5232e+01
 6.5449e+00,-4.2953e+00
 1.4226e+01, 6.8289e+00
-7.7922e+00, 6.0430e+00
-5.8562e+00,-5.4886e+00
 1.3182e+01, 5.7234e+00
-4.6765e+00, 1.2290e+01
 4.5691e+00, 2.7982e+00
 3.2185e+00,-1.6481e+01
 3.0570e+00,-1.5162e+00
 5.7768e+00, 9.4953e-01
-1.2933e+01,-9.4064e+00
 1.4383e+00,-1.1732e+01
 4.5646e+00,-2.6155e+00
 9.6926e-01, 1.5334e+01
-1.8839e-01,-1.6333e+01
-1.3279e+01, 1.1287e+01
-1.5622e+00,-5.9066e+00
 1.3097e+00,-3.4820e+00
-1.2111e+00, 1.4583e+01
 5.4037e+00,-5.6900e+00
 7.4224e+00, 8.9672e+00
-2.3707e+00,-1.4533e+01
 2.4032e+00,-6.1420e-02
 9.0174e+00, 5.3332e+00
-1.3697e+01,-4.0263e+00
-5.1119e+00, 9.5598e+00
-5.5185e-01, 1.2716e-01
 1.0903e+01,-1.2853e+01
-8.4342e+00,-3.0178e+00
 9.9375e+00,-6.5118e-02
-9.4370e+00, 1.2469e+01
 8.2630e+00,-4.0092e+00
-3.3387e+00,-8.7192e+00
-6.3761e+00, 6.6616e+00
 7.2692e-01, 2.3008e+00
 1.6764e+01,-1.6780e+00
-5.8377e+00,-9.0571e+00
 6.5754e-01,-8.6543e+00
-3.4579e-01,-1.7204e+00
-1.0075e+01, 3.8291e-01
-4.4991e+00,-1.5705e+01
 6.8887e-01,-7.1528e+00
-4.2977e+00, 8.1634e+00
 2.4625e+00, 1.6763e+01
 2.3540e+00, 1.4014e+01
 3.1929e+00, 8.1694e+00
-1.5808e+01,-1.1630e+00
-1.4971e+01, 2.0762e+00
-8.1506e+00, 3.1109e+00
-5.8123e-01,-3.6564e+00
-1.3702e+01, 5.2990e+00
-2.1641e+00,-7.5165e+00
-1.2599e+01, 1.5910e+00
-6.4951e-01, 3.6709e+00
-8.4985e+00, 1.4631e+00
-7.8081e+00,-1.5056e+01
-6.4580e+00,-3.8268e+00
-1.0443e+01, 2.4373e+00
 1.2636e+01, 2.8285e-01
-1.3967e+01, 6.9684e+00
 7.7197e+00,-5.3881e-01
-1.1715e+01,-1.2668e+01
-6.3849e+00,-1.0125e+00
 1.4865e+01,-2.0193e+00
 5.1665e+00,-9.8397e-01
 3.5554e+00, 1.1156e+01
-1.8031e+00, 6.1166e+00
-1.5538e+01,-4.8171e+00
-5.6911e+00, 5.0327e+00
 9.6545e+00, 3.4679e+00
 6.3913e+00, 2.7652e+00
 1.6743e+01, 2.0557e+00
 1.3275e+01,-5.3755e+00
 1.0367e+01, 7.7275e+00
 1.2629e+01, 7.3166e+00
-2.7103e+00,-1.6736e+01
 1.0785e+01,-9.4798e+00
-1.6151e+01, 6.2545e+00
-1.7093e+01, 2.8952e+00
 1.1927e+01, 1.1233e+01
 8.5314e+00,-7.3041e+00
-6.3876e+00,-1.2024e+01
-1.6420e+01, 9.4093e-01
 2.9594e+00, 2.8180e+00
-1.0375e+01,-6.5848e+00
 1.2643e+00, 3.7717e+00
 3.8512e+00, 1.2749e+01
-1.3771e+01, 3.2532e+00
 1.4757e+01, 4.7229e+00
-1.2330e+01, 8.8766e+00
-2.8883e+00, 1.3941e+00
 8.0829e+00, 1.4391e+01
 1.3180e+01,-1.9359e+00
 1.4796e+01, 8.8827e+00
-1.1771e+01, 1.1573e+01
 5.5731e+00, 7.3995e+00
-1.3443e+00, 1.6762e+01
-1.2251e+01, 4.0815e+00
 1.4910e+01,-4.3435e-01
 1.2868e+01, 3.8250e+00
-5.1761e+00, 1.5950e+01
 9.9471e+00,-1.4333e+01
 7.5827e+00, 6.9401e+00
 1.6506e+01, 5.2539e+00
-3.3469e+00,-5.5588e+00
-6.1078e+00, 1.1424e+00
-1.1089e+01,-3.4227e+00
 1.2044e+00, 1.2964e+01
 1.1333e+01, 4.1281e+00
-4.2125e+00, 6.1747e+00
-1.3462e+01,-1.0897e+01
-2.8046e+00, 7.3833e+00
 1.0220e+01,-4.1627e+00
-1.7497e+01,-1.7278e-01
 3.4519e+00,-1.4221e+01
 6.5333e+00, 1.0366e+01
 1.4847e+00,-1.8908e+00
 3.3001e+00,-9.5426e+00
-4.5738e+00,-1.2077e+01
 6.6006e+00,-1.3569e+01
 1.4005e+00,-1.7320e+01
 1.7885e+00,-5.6920e+00
 1.3973e+01,-1.0333e+01
 1.2415e+01,-9.2817e+00
-4.6824e-01, 5.2764e+00
-1.3199e+01,-5.8288e+00
 7.4109e+00,-1.0820e+01
 1.5581e+01, 1.0393e+00
 1.7060e+01, 3.5780e+00
-1.6294e+01,-6.3318e+00
 1.0033e+01,-7.8590e+00
 1.4898e+01,-4.9848e+00
 2.8236e+00,-3.4438e+00
 5.2674e+00, 1.3563e+01
 4.3494e-01,-4.9511e+00
 2.4258e-01, 1.7034e+01
